0.8729697806151623939996397893992252647877
-103.0651059846765775773747009225189685821533
3126.2260999307763995602726936340332031250000
-39722.8654396099154837429523468017578125000000
244476.6134615841438062489032745361328125000000
-689060.2704731128178536891937255859375000000000
226362.0346569829853251576423645019531250000000
3495892.6114788199774920940399169921875000000000
-7697774.7446382530033588409423828125000000000000
3688648.6378330304287374019622802734375000000000
3041769.0697340751066803932189941406250000000000
1337488.8616772347595542669296264648437500000000
-1997505.7339849970303475856781005859375000000000
-6717028.7461876505985856056213378906250000000000
-6965.7035853141478582983836531639099121093750
4662041.5126980179920792579650878906250000000000
2506278.4636130561120808124542236328125000000000
2439644.5382395167835056781768798828125000000000
-2424945.7718213396146893501281738281250000000000
-211490.6611441792338155210018157958984375000000
3357793.1725391438230872154235839843750000000000
-4833850.5376563146710395812988281250000000000000
-6560230.7677750261500477790832519531250000000000
-4893717.0783067829906940460205078125000000000000
9010422.8830220177769660949707031250000000000000
-2430797.6674630814231932163238525390625000000000
2134541.3775920863263309001922607421875000000000
1104915.5575952352955937385559082031250000000000
15081100.8212473373860120773315429687500000000000
-17769802.8303801678121089935302734375000000000000
21151642.3806370757520198822021484375000000000000
-3109818.6801566588692367076873779296875000000000
-4065973.2326031518168747425079345703125000000000
-25465813.1465138308703899383544921875000000000000
12005551.5258389897644519805908203125000000000000
-2779524.5033361935056746006011962890625000000000
-11866475.2507698219269514083862304687500000000000
19627531.5493283420801162719726562500000000000000
7424664.8135084565728902816772460937500000000000
-9885882.9034295938909053802490234375000000000000
-9230767.3960257247090339660644531250000000000000
-13222779.2164144404232501983642578125000000000000
32467274.1107290834188461303710937500000000000000
1088232.6824169363826513290405273437500000000000
-26841089.6837485507130622863769531250000000000000
21270792.7959399260580539703369140625000000000000
15268705.2097064666450023651123046875000000000000
-14435499.5265615843236446380615234375000000000000
-6481894.7088810428977012634277343750000000000000
-1168747.4947083422448486089706420898437500000000
26620847.5873694010078907012939453125000000000000
-18886220.1084769330918788909912109375000000000000
-44711802.7636218443512916564941406250000000000000
16265020.0915434546768665313720703125000000000000
18153511.9615534618496894836425781250000000000000
-21263534.6598881855607032775878906250000000000000
25748718.6147954501211643218994140625000000000000
84668041.9897981137037277221679687500000000000000
29370710.4594524353742599487304687500000000000000
-38805751.8635802119970321655273437500000000000000
-48760617.3408090323209762573242187500000000000000
-64772310.9259076640009880065917968750000000000000
50228178.0959776639938354492187500000000000000000
-30174684.9711399935185909271240234375000000000000
-107001404.0166203975677490234375000000000000000000
18985583.5165939256548881530761718750000000000000
-2968645.4300782051868736743927001953125000000000
49524567.7385667935013771057128906250000000000000
68341024.2729021012783050537109375000000000000000
-20487782.8383208513259887695312500000000000000000
-51668572.0686770752072334289550781250000000000000
54669201.4053983241319656372070312500000000000000
32300726.0251307561993598937988281250000000000000
23677637.4677713699638843536376953125000000000000
5516499.7312078922986984252929687500000000000000
-11158067.5298569165170192718505859375000000000000
23676789.0662358365952968597412109375000000000000
8666855.2124054916203022003173828125000000000000
-80434882.0555134117603302001953125000000000000000
310087.3275687287095934152603149414062500000000
126982244.7967987358570098876953125000000000000000
-132809301.2433171868324279785156250000000000000000
7165454.2206227816641330718994140625000000000000
63145427.1540098711848258972167968750000000000000
-58120651.7798261642456054687500000000000000000000
42274333.8794555217027664184570312500000000000000
76628892.6671570390462875366210937500000000000000
-65957186.3911773487925529479980468750000000000000
-46399009.2557858601212501525878906250000000000000
-28345092.3238855786621570587158203125000000000000
-219108.7846629977575503289699554443359375000000
22228888.6433029286563396453857421875000000000000
-24026670.7574769407510757446289062500000000000000
-40242578.2830495536327362060546875000000000000000
90451938.3629394471645355224609375000000000000000
-74436388.4937580525875091552734375000000000000000
-155251275.6071751117706298828125000000000000000000
87190679.1424786448478698730468750000000000000000
15149845.0431678425520658493041992187500000000000
45678107.6061811968684196472167968750000000000000
46392145.0100930929183959960937500000000000000000
-58678585.7141847610473632812500000000000000000000
14791817.8470241017639636993408203125000000000000
111324128.3343364447355270385742187500000000000000
-52398186.1703454777598381042480468750000000000000
-73728058.9860390573740005493164062500000000000000
36154747.4879235401749610900878906250000000000000
-8057402.9817249039188027381896972656250000000000
-62441963.1224174425005912780761718750000000000000
75176211.4084605425596237182617187500000000000000
43435550.2454255223274230957031250000000000000000
-61200757.1484675705432891845703125000000000000000
92222363.5827092826366424560546875000000000000000
36719531.8367595151066780090332031250000000000000
7880016.7268577320501208305358886718750000000000
-22181653.8512583412230014801025390625000000000000
6540357.2558263447135686874389648437500000000000
27315548.2607520483434200286865234375000000000000
87325262.8917661905288696289062500000000000000000
-70761838.8561653941869735717773437500000000000000
8716723.9693803638219833374023437500000000000000
48470869.2309968248009681701660156250000000000000
28911751.8535256348550319671630859375000000000000
-16700620.5852150619029998779296875000000000000000
-87989377.5102157890796661376953125000000000000000
1563058.3997364146634936332702636718750000000000
-53325325.6670210808515548706054687500000000000000
-18979278.4927118830382823944091796875000000000000
-166643884.7341627478599548339843750000000000000000
-28138544.9261993430554866790771484375000000000000
-21984929.9970835596323013305664062500000000000000
22321721.0357516184449195861816406250000000000000
33090171.8209706433117389678955078125000000000000
-79937227.3771201521158218383789062500000000000000
78913493.8589561730623245239257812500000000000000
63583176.9988943189382553100585937500000000000000
44598559.4739837571978569030761718750000000000000
-45827599.6228558197617530822753906250000000000000
-7314587.6773164831101894378662109375000000000000
43128236.0906453952193260192871093750000000000000
6990224.3567513702437281608581542968750000000000
-67292910.1773121058940887451171875000000000000000
54134879.1788966134190559387207031250000000000000
-42007639.4608464762568473815917968750000000000000
70875832.5315202772617340087890625000000000000000
9427868.8265450280159711837768554687500000000000
62574672.8674098327755928039550781250000000000000
-69546975.3110936582088470458984375000000000000000
19198419.8772585354745388031005859375000000000000
2016665.3800608667079359292984008789062500000000
75422423.7648670524358749389648437500000000000000
-26306829.0150370299816131591796875000000000000000
-100659672.1205724179744720458984375000000000000000
-52295955.7548442408442497253417968750000000000000
68005788.2669075578451156616210937500000000000000
4367564.7913655899465084075927734375000000000000
154705566.4043872952461242675781250000000000000000
-91751508.7015846967697143554687500000000000000000
44592433.1582631096243858337402343750000000000000
18488436.7262782752513885498046875000000000000000
-90475080.9543867111206054687500000000000000000000
37682627.6654456332325935363769531250000000000000
-78197824.9955897629261016845703125000000000000000
-185601759.7371787428855895996093750000000000000000
59667743.2758227512240409851074218750000000000000
-18270448.8163861446082592010498046875000000000000
-139365156.7459523677825927734375000000000000000000
118762480.3052823692560195922851562500000000000000
47602324.7770682871341705322265625000000000000000
193750504.4209730923175811767578125000000000000000
11679473.7589350566267967224121093750000000000000
96038645.0916326642036437988281250000000000000000
-10144922.3025574646890163421630859375000000000000
-58485899.2998240515589714050292968750000000000000
123037359.2248788326978683471679687500000000000000
22736770.7173585034906864166259765625000000000000
57192701.5310857892036437988281250000000000000000
-31139973.3900048285722732543945312500000000000000
-16542547.1329108849167823791503906250000000000000
-76600712.3327989429235458374023437500000000000000
255491.0868522407254204154014587402343750000000
-42902764.6651626899838447570800781250000000000000
45897338.3864001706242561340332031250000000000000
-60212559.0180144980549812316894531250000000000000
55985235.5587627962231636047363281250000000000000
-19761182.5520226620137691497802734375000000000000
-19069060.5979144424200057983398437500000000000000
-24295846.8305169790983200073242187500000000000000
-73385627.5315133333206176757812500000000000000000
-6990072.4419747525826096534729003906250000000000
-47751185.4450926631689071655273437500000000000000
-60294270.6585406363010406494140625000000000000000
-60804564.4289618358016014099121093750000000000000
55632682.1680034250020980834960937500000000000000
-14317024.4199983365833759307861328125000000000000
23961116.0308791399002075195312500000000000000000
-69450351.0753501355648040771484375000000000000000
-36268335.4226681813597679138183593750000000000000
-46906211.3381531536579132080078125000000000000000
-80213957.3543094992637634277343750000000000000000
-106858054.2916178107261657714843750000000000000000
88371893.9510073363780975341796875000000000000000
-3733823.2967298687435686588287353515625000000000
88318225.5480416715145111083984375000000000000000
35355564.4049936532974243164062500000000000000000
11572405.8621646203100681304931640625000000000000
-64797327.6746943965554237365722656250000000000000
47891665.7869291454553604125976562500000000000000
8625046.8895962070673704147338867187500000000000
40606922.2721932083368301391601562500000000000000
179944041.2440768182277679443359375000000000000000
-75702927.4309567362070083618164062500000000000000
-12269866.2981712557375431060791015625000000000000
114673276.2652239948511123657226562500000000000000
46971827.4913754165172576904296875000000000000000
78612018.8724712878465652465820312500000000000000
-153226473.4664414525032043457031250000000000000000
14008031.5777158942073583602905273437500000000000
-88926617.2211755216121673583984375000000000000000
50677331.7241009995341300964355468750000000000000
-46807196.0050185918807983398437500000000000000000
-103975198.5844499170780181884765625000000000000000
78494126.2056263834238052368164062500000000000000
94813193.2062956392765045166015625000000000000000
68922000.2038781791925430297851562500000000000000
-16860434.2626333534717559814453125000000000000000
-90671904.7570877671241760253906250000000000000000
-6283689.4468196537345647811889648437500000000000
115363034.0743382275104522705078125000000000000000
21917063.8077355735003948211669921875000000000000
22266360.2162691615521907806396484375000000000000
189126603.9825046658515930175781250000000000000000
101549116.3841325044631958007812500000000000000000
-44044050.2670363709330558776855468750000000000000
-58258407.4023739919066429138183593750000000000000
-4574852.7081874925643205642700195312500000000000
100283425.7644207030534744262695312500000000000000
-37006107.9885974600911140441894531250000000000000
29989721.7017100863158702850341796875000000000000
-177830105.1715938746929168701171875000000000000000
28751903.3815185427665710449218750000000000000000
148122564.7887783944606781005859375000000000000000
-109619663.0418567955493927001953125000000000000000
-88307023.7446772456169128417968750000000000000000
-63814488.4778361991047859191894531250000000000000
-98261282.7832923382520675659179687500000000000000
-62991211.5467953011393547058105468750000000000000
130144562.8181532621383666992187500000000000000000
-37078254.6250734701752662658691406250000000000000
-51560647.8173853456974029541015625000000000000000
-6840809.6510827681049704551696777343750000000000
-4491957.8065739562734961509704589843750000000000
-55260188.1372637078166007995605468750000000000000
-51295916.3220171034336090087890625000000000000000
53955422.6884584501385688781738281250000000000000
-172001056.9931010901927947998046875000000000000000
34053206.6095078065991401672363281250000000000000
31505294.0148804225027561187744140625000000000000
-67915894.6653041243553161621093750000000000000000
-45688638.2150966972112655639648437500000000000000
87245873.5969675183296203613281250000000000000000
-16979476.0104596354067325592041015625000000000000
-26302462.1050110720098018646240234375000000000000
56881718.2559120431542396545410156250000000000000
26952904.1542069651186466217041015625000000000000
11377606.7363164238631725311279296875000000000000
-62929249.2886013388633728027343750000000000000000
-43981111.1770202815532684326171875000000000000000
-31733515.5901684835553169250488281250000000000000
8811290.9578372091054916381835937500000000000000
22506857.4918624795973300933837890625000000000000
1625066.4755333291832357645034790039062500000000
21660271.2137730084359645843505859375000000000000
36395725.2350970953702926635742187500000000000000
50267380.3737883791327476501464843750000000000000
-19273564.2562835067510604858398437500000000000000
53939994.6574708968400955200195312500000000000000
128362284.7875442802906036376953125000000000000000
-110016167.1411047428846359252929687500000000000000
-1713259.3517815403174608945846557617187500000000
-74329705.4421256184577941894531250000000000000000
-30915706.6183659061789512634277343750000000000000
16241421.7910519242286682128906250000000000000000
99435822.2630948871374130249023437500000000000000
-9585260.0095839072018861770629882812500000000000
134449408.0150733292102813720703125000000000000000
-76682951.8499552458524703979492187500000000000000
-155468146.5624662339687347412109375000000000000000
48993951.3866964504122734069824218750000000000000
112396158.8955792337656021118164062500000000000000
57313646.2301412224769592285156250000000000000000
-69629718.5587579458951950073242187500000000000000
-35097259.1920959874987602233886718750000000000000
63114176.4367831870913505554199218750000000000000
89900445.1001684814691543579101562500000000000000
-177132060.4557020664215087890625000000000000000000
-29139566.3357595428824424743652343750000000000000
69513747.6427186280488967895507812500000000000000
83586024.3283914476633071899414062500000000000000
21930795.7007270753383636474609375000000000000000
-80600021.5927346050739288330078125000000000000000
80320219.2291318327188491821289062500000000000000
154902305.0308389365673065185546875000000000000000
-16253224.9677344840019941329956054687500000000000
-31112559.3325991854071617126464843750000000000000
34783566.7269506305456161499023437500000000000000
39971933.8304124996066093444824218750000000000000
4531551.5938068917021155357360839843750000000000
-65026449.8151026368141174316406250000000000000000
-14914626.4658020120114088058471679687500000000000
-45453902.9320241808891296386718750000000000000000
-14659452.0617921855300664901733398437500000000000
32811815.3415903225541114807128906250000000000000
27039318.9163642674684524536132812500000000000000
-40474781.0109061524271965026855468750000000000000
-27079863.1237841434776782989501953125000000000000
76507138.7069658488035202026367187500000000000000
41909577.3836444839835166931152343750000000000000
60700548.0754959657788276672363281250000000000000
-13215077.9695500489324331283569335937500000000000
-58174249.9835072532296180725097656250000000000000
-50680214.0544654428958892822265625000000000000000
-144093352.4531513750553131103515625000000000000000
-80931444.3573766946792602539062500000000000000000
-24116142.1533038616180419921875000000000000000000
72384072.8103227466344833374023437500000000000000
32079395.6680378131568431854248046875000000000000
31951673.3435839451849460601806640625000000000000
-25233201.9486140534281730651855468750000000000000
26534273.6011715084314346313476562500000000000000
35009669.2689254060387611389160156250000000000000
-72923770.8494206219911575317382812500000000000000
-36487692.2398808300495147705078125000000000000000
-71646020.9340613931417465209960937500000000000000
48579504.5664941072463989257812500000000000000000
-41158928.0383208319544792175292968750000000000000
-74250572.0018593519926071166992187500000000000000
-20861068.3942039161920547485351562500000000000000
33789447.3347480073571205139160156250000000000000
97221574.3813324719667434692382812500000000000000
-98150573.4782653301954269409179687500000000000000
4293498.9154125023633241653442382812500000000000
67381688.6991555988788604736328125000000000000000
94788574.4881786257028579711914062500000000000000
14076376.5327483210712671279907226562500000000000
-54689699.1432824879884719848632812500000000000000
-28100279.1196077801287174224853515625000000000000
41267787.0502081140875816345214843750000000000000
-63888239.8423157781362533569335937500000000000000
-14719651.1248368732631206512451171875000000000000
-61312983.8492251411080360412597656250000000000000
12031019.0877776909619569778442382812500000000000
28935872.9446074962615966796875000000000000000000
100156237.3893532603979110717773437500000000000000
22735051.1139314137399196624755859375000000000000
-37016757.8802912905812263488769531250000000000000
-10791397.9611982181668281555175781250000000000000
40857215.7846636548638343811035156250000000000000
-26751337.6502633281052112579345703125000000000000
39409066.6964579820632934570312500000000000000000
-66596413.3174136355519294738769531250000000000000
79000279.0145012885332107543945312500000000000000
-45920147.4180276319384574890136718750000000000000
37233221.2207482531666755676269531250000000000000
-29854183.4675410427153110504150390625000000000000
35959968.5054329484701156616210937500000000000000
31579921.4400653541088104248046875000000000000000
-90775099.2455957233905792236328125000000000000000
-133527436.7836601287126541137695312500000000000000
33993096.0925512835383415222167968750000000000000
80537199.7891212701797485351562500000000000000000
57905739.8616314977407455444335937500000000000000
-83869.2253758675069548189640045166015625000000
-56314608.8149464130401611328125000000000000000000
-34606173.9600745290517807006835937500000000000000
2853383.4052010718733072280883789062500000000000
29757828.6840896494686603546142578125000000000000
9193597.0586821381002664566040039062500000000000
157003836.4872047603130340576171875000000000000000
-15333820.0236599706113338470458984375000000000000
-91049018.9180588722229003906250000000000000000000
24931581.1980174146592617034912109375000000000000
-49165390.9619083330035209655761718750000000000000
-65627585.4413981139659881591796875000000000000000
11715017.1417011655867099761962890625000000000000
7722190.8074899632483720779418945312500000000000
-12666281.5491162929683923721313476562500000000000
-4440665.2670687614008784294128417968750000000000
-9251383.1780850887298583984375000000000000000000
-14403440.0947314947843551635742187500000000000000
-73074379.0733265578746795654296875000000000000000
-62448829.3274621516466140747070312500000000000000
15482548.5614660326391458511352539062500000000000
52032103.8520953431725502014160156250000000000000
55764237.6631456092000007629394531250000000000000
-43054800.1101554110646247863769531250000000000000
-29381261.9885870702564716339111328125000000000000
125107372.3404506742954254150390625000000000000000
23137179.8809121660888195037841796875000000000000
120646288.1796461492776870727539062500000000000000
46415482.8982594460248947143554687500000000000000
30962055.1661950685083866119384765625000000000000
33973948.7474368512630462646484375000000000000000
-28868196.5441632308065891265869140625000000000000
83416718.3756334036588668823242187500000000000000
27886696.1193627268075942993164062500000000000000
-74147675.3546822816133499145507812500000000000000
-21332745.5153490602970123291015625000000000000000
-44706719.6742077395319938659667968750000000000000
-60348368.1291383802890777587890625000000000000000
-25675640.3468103520572185516357421875000000000000
-6411095.5704555399715900421142578125000000000000
5359632.3171887062489986419677734375000000000000
97284286.4802424758672714233398437500000000000000
-69272660.4421578943729400634765625000000000000000
-15772316.2161394413560628890991210937500000000000
-115309807.6111168861389160156250000000000000000000
-66628757.0646355673670768737792968750000000000000
70180976.9245398938655853271484375000000000000000
-1375619.5763529788237065076828002929687500000000
14869843.4094139449298381805419921875000000000000
5527203.6503873709589242935180664062500000000000
-51374138.5397069901227951049804687500000000000000
31379528.7445855215191841125488281250000000000000
18366410.7119089365005493164062500000000000000000
-49994415.0428199470043182373046875000000000000000
158729812.7737925052642822265625000000000000000000
19753568.4471529386937618255615234375000000000000
65791107.8533057793974876403808593750000000000000
-6198499.6072678342461585998535156250000000000000
-84804249.7453962415456771850585937500000000000000
92338228.1595139056444168090820312500000000000000
-109160238.6664609909057617187500000000000000000000
63365775.4737124666571617126464843750000000000000
-6823409.6586873587220907211303710937500000000000
11147275.0907134599983692169189453125000000000000
6142869.7997886305674910545349121093750000000000
-32149433.2077918797731399536132812500000000000000
-41594057.3993897140026092529296875000000000000000
-103916644.8127966374158859252929687500000000000000
81542819.1486625671386718750000000000000000000000
-23366246.6882578060030937194824218750000000000000
38137996.0453995317220687866210937500000000000000
-73624960.1731117367744445800781250000000000000000
-86537365.1555742025375366210937500000000000000000
8581880.2644127439707517623901367187500000000000
-15157181.5073794368654489517211914062500000000000
-15033188.7434502188116312026977539062500000000000
-57178262.8341372534632682800292968750000000000000
-3807369.1714246766641736030578613281250000000000
50116671.5328683108091354370117187500000000000000
98838817.6126568019390106201171875000000000000000
-69866944.6816520690917968750000000000000000000000
13866420.6949214972555637359619140625000000000000
2438329.8676181384362280368804931640625000000000
-57795714.6949249804019927978515625000000000000000
5092295.0294388197362422943115234375000000000000
30681911.1115277819335460662841796875000000000000
62464729.1542079225182533264160156250000000000000
-17714166.0819711685180664062500000000000000000000
28280545.8465967737138271331787109375000000000000
4649208.1695479517802596092224121093750000000000
8142600.9036517823114991188049316406250000000000
85284704.6279060840606689453125000000000000000000
40680120.6512340381741523742675781250000000000000
18513384.7589543759822845458984375000000000000000
-95714785.6957481652498245239257812500000000000000
-1792156.9345906735397875308990478515625000000000
68592318.4451989978551864624023437500000000000000
-12569941.0181983485817909240722656250000000000000
-15878478.0706040542572736740112304687500000000000
5429643.4534906493499875068664550781250000000000
52806374.8303035721182823181152343750000000000000
-66924930.5213456600904464721679687500000000000000
-9790898.7043854761868715286254882812500000000000
-34704296.2399569600820541381835937500000000000000
