0.3743066035879930031349260843853699043393
-44.1158334146690549459890462458133697509766
1424.0465308466766600759001448750495910644531
-20527.6582591199585294816642999649047851562500
156634.5484943416377063840627670288085937500000
-667017.5256126235472038388252258300781250000000
1503349.9512037220411002635955810546875000000000
-1180188.6112812808714807033538818359375000000000
-1643835.4647396274376660585403442382812500000000
3315888.1496053305454552173614501953125000000000
-576021.6077256274875253438949584960937500000000
747705.9289858951233327388763427734375000000000
-4260782.2326254900544881820678710937500000000000
434676.1912018409930169582366943359375000000000
-227142.7643348140409216284751892089843750000000
3833868.7856478244066238403320312500000000000000
6475478.6793681727722287178039550781250000000000
-2524154.0325497281737625598907470703125000000000
-6114454.2793872365728020668029785156250000000000
-13417873.1236793845891952514648437500000000000000
11614750.1507976967841386795043945312500000000000
-1735014.4150375733152031898498535156250000000000
8542274.4926050715148448944091796875000000000000
783636.9774659279501065611839294433593750000000
840600.0980070523219183087348937988281250000000
3377200.9008193565532565116882324218750000000000
-15480736.1242355927824974060058593750000000000000
6632172.2085359087213873863220214843750000000000
606482.7603582944720983505249023437500000000000
-3202471.3809105507098138332366943359375000000000
-12075130.6968804765492677688598632812500000000000
15139177.3655733820050954818725585937500000000000
-7373848.8929012566804885864257812500000000000000
25872017.8196606487035751342773437500000000000000
-26245709.3874760419130325317382812500000000000000
6763795.9991036104038357734680175781250000000000
18747051.2488306984305381774902343750000000000000
-22283958.8731895834207534790039062500000000000000
3258747.2338212491013109683990478515625000000000
-21756555.2719287052750587463378906250000000000000
-1357732.4377534065861254930496215820312500000000
-16572267.1396686881780624389648437500000000000000
44638461.2625842019915580749511718750000000000000
13863366.3556111212819814682006835937500000000000
11705320.3388647250831127166748046875000000000000
23671429.0365773178637027740478515625000000000000
-30250408.2658768594264984130859375000000000000000
-17235626.6427823826670646667480468750000000000000
11773094.9613924659788608551025390625000000000000
18900899.7338082157075405120849609375000000000000
-22562710.7356165163218975067138671875000000000000
-9218356.0284566730260848999023437500000000000000
-30069146.6253345236182212829589843750000000000000
-3442745.9104825318790972232818603515625000000000
-56380658.5676983296871185302734375000000000000000
-6034438.9254406848922371864318847656250000000000
104415390.5020564198493957519531250000000000000000
-52344298.5159464776515960693359375000000000000000
52373632.4833230152726173400878906250000000000000
-94659724.6415996253490447998046875000000000000000
24012050.6950431354343891143798828125000000000000
43433804.9309156835079193115234375000000000000000
-110750356.5370411574840545654296875000000000000000
102518866.9089148044586181640625000000000000000000
90383343.3467839360237121582031250000000000000000
8773701.2571221776306629180908203125000000000000
23148059.6949418522417545318603515625000000000000
-5375479.1716757034882903099060058593750000000000
-3362008.5081906653940677642822265625000000000000
27389658.4410935901105403900146484375000000000000
-67115061.5103866755962371826171875000000000000000
166338277.6312953829765319824218750000000000000000
-60872095.0337734147906303405761718750000000000000
54649258.7209324836730957031250000000000000000000
-69933096.6895087808370590209960937500000000000000
-52971483.5946901589632034301757812500000000000000
-158418439.6880403757095336914062500000000000000000
-110896255.3092521578073501586914062500000000000000
40202124.3254702985286712646484375000000000000000
44000005.3284926190972328186035156250000000000000
-148997090.3013468980789184570312500000000000000000
131443108.1350485533475875854492187500000000000000
-138129998.8830794394016265869140625000000000000000
-162078156.8788193166255950927734375000000000000000
104024957.6577687859535217285156250000000000000000
167542783.6827116906642913818359375000000000000000
-91985822.8338597863912582397460937500000000000000
227704132.2180157601833343505859375000000000000000
6568348.8011414185166358947753906250000000000000
-72984863.6876736432313919067382812500000000000000
13874145.0481517296284437179565429687500000000000
61710526.6181080266833305358886718750000000000000
25047522.7875443063676357269287109375000000000000
28325997.7971803694963455200195312500000000000000
75921467.9370414316654205322265625000000000000000
-11035972.9698655474931001663208007812500000000000
-2653544.2227014349773526191711425781250000000000
20160339.4798006601631641387939453125000000000000
-61558704.4490396678447723388671875000000000000000
104739889.3073435872793197631835937500000000000000
97278106.7322344928979873657226562500000000000000
166078409.8946266472339630126953125000000000000000
-54197627.4088884443044662475585937500000000000000
36401698.1149947419762611389160156250000000000000
-74726676.2309539765119552612304687500000000000000
-94870166.6906842291355133056640625000000000000000
113607779.3209064304828643798828125000000000000000
-88859359.5069364309310913085937500000000000000000
-153451297.9207763969898223876953125000000000000000
-35927200.7977189943194389343261718750000000000000
-49635221.4173769876360893249511718750000000000000
-253169286.2992382943630218505859375000000000000000
107135891.5859825611114501953125000000000000000000
-194389519.4398449659347534179687500000000000000000
146856504.3482983410358428955078125000000000000000
36462832.0824987590312957763671875000000000000000
157197619.6695171296596527099609375000000000000000
-132585270.5517913848161697387695312500000000000000
-334443405.2058988213539123535156250000000000000000
-74025349.1817303448915481567382812500000000000000
11060566.5470386166125535964965820312500000000000
104661603.1706290841102600097656250000000000000000
22872853.0527669750154018402099609375000000000000
-84373381.1462345570325851440429687500000000000000
-62954278.0682442486286163330078125000000000000000
120350908.5814058035612106323242187500000000000000
20945059.7984280437231063842773437500000000000000
66791179.2494907751679420471191406250000000000000
30127119.6992438323795795440673828125000000000000
106503543.3294637203216552734375000000000000000000
-30396041.6678854487836360931396484375000000000000
-37057423.5322334766387939453125000000000000000000
35325663.9213227853178977966308593750000000000000
168247309.6051619350910186767578125000000000000000
265457610.5432152748107910156250000000000000000000
-188285078.3221743106842041015625000000000000000000
84124393.7487892359495162963867187500000000000000
-46429601.1381546631455421447753906250000000000000
-17516146.8385657928884029388427734375000000000000
156414250.4793154597282409667968750000000000000000
77249499.6169697940349578857421875000000000000000
41741208.5077468454837799072265625000000000000000
-160823975.9349854588508605957031250000000000000000
229305362.2118511497974395751953125000000000000000
-23824945.6902199089527130126953125000000000000000
6742785.0156789822503924369812011718750000000000
-49249176.2198312804102897644042968750000000000000
-183533851.6278782784938812255859375000000000000000
-69606629.6322967112064361572265625000000000000000
85352393.6399950385093688964843750000000000000000
-21693459.8671262748539447784423828125000000000000
64772449.3448541015386581420898437500000000000000
185102222.6896218359470367431640625000000000000000
-13000462.5986769851297140121459960937500000000000
146222857.8400005400180816650390625000000000000000
-110876341.0923439264297485351562500000000000000000
73793531.1322060376405715942382812500000000000000
-34963094.2300112172961235046386718750000000000000
-86231850.7270149588584899902343750000000000000000
16149354.7197327036410570144653320312500000000000
-45130509.5610612183809280395507812500000000000000
-70973099.5111649334430694580078125000000000000000
-150829599.2950856089591979980468750000000000000000
-147899078.2359953820705413818359375000000000000000
-135284803.1577279567718505859375000000000000000000
-135622082.2285915613174438476562500000000000000000
-139268716.0211707353591918945312500000000000000000
-92762701.8742759972810745239257812500000000000000
101265629.4850247204303741455078125000000000000000
251534488.0703407824039459228515625000000000000000
226392699.8454254865646362304687500000000000000000
-83312448.5053451806306838989257812500000000000000
87765572.9742034822702407836914062500000000000000
-184287112.9897195994853973388671875000000000000000
87973434.8796397894620895385742187500000000000000
98268811.5459399372339248657226562500000000000000
-142471228.6359219849109649658203125000000000000000
-36348218.0706578046083450317382812500000000000000
-77638678.6691801697015762329101562500000000000000
-80050996.6552576124668121337890625000000000000000
-2843313.1079210247844457626342773437500000000000
-59542593.1527049392461776733398437500000000000000
-22953912.5362351126968860626220703125000000000000
-56164332.0528490468859672546386718750000000000000
-352177029.6161960363388061523437500000000000000000
-23613473.7368740402162075042724609375000000000000
-114466652.2382394522428512573242187500000000000000
-31447387.3273474946618080139160156250000000000000
84086607.2707035392522811889648437500000000000000
332424725.4754725694656372070312500000000000000000
-175804163.3637596964836120605468750000000000000000
157457410.8613049089908599853515625000000000000000
167288836.9280990958213806152343750000000000000000
96097725.1112603843212127685546875000000000000000
-23941993.9122012779116630554199218750000000000000
145048025.2213007211685180664062500000000000000000
79162903.7678532153367996215820312500000000000000
69886430.0018155425786972045898437500000000000000
-15946283.6496519930660724639892578125000000000000
-12232521.7553342338651418685913085937500000000000
201244913.5934111773967742919921875000000000000000
175888020.2927165031433105468750000000000000000000
103232438.2283385992050170898437500000000000000000
-71759982.0792983472347259521484375000000000000000
-138115046.4273971617221832275390625000000000000000
-86821584.0507093816995620727539062500000000000000
-2462616.6249570059590041637420654296875000000000
36944463.7914701923727989196777343750000000000000
-23281040.8995047472417354583740234375000000000000
59494079.6445841863751411437988281250000000000000
-79987550.8148556947708129882812500000000000000000
-92813961.3197045773267745971679687500000000000000
144807558.8777058422565460205078125000000000000000
54962780.5316961184144020080566406250000000000000
119943916.2967974692583084106445312500000000000000
-136334148.7183110117912292480468750000000000000000
-75945343.2398841530084609985351562500000000000000
41663781.6076120063662528991699218750000000000000
76974509.6102949827909469604492187500000000000000
144408170.0631042718887329101562500000000000000000
-32170273.0155082158744335174560546875000000000000
-123279283.1707313507795333862304687500000000000000
-32987569.2305124700069427490234375000000000000000
-97084681.9233136177062988281250000000000000000000
4214541.9335351632907986640930175781250000000000
-208878105.4735153615474700927734375000000000000000
135406691.7286040484905242919921875000000000000000
285498447.6895374059677124023437500000000000000000
73751672.8915817141532897949218750000000000000000
152258200.6220787763595581054687500000000000000000
38817324.9633006528019905090332031250000000000000
-31827969.5592151097953319549560546875000000000000
-29103940.1036314070224761962890625000000000000000
32139305.6052311770617961883544921875000000000000
-100563579.7958039790391921997070312500000000000000
-5654340.3384068664163351058959960937500000000000
-135925804.5655092000961303710937500000000000000000
48628758.1109835356473922729492187500000000000000
2438270.3951573409140110015869140625000000000000
-28215198.5208307802677154541015625000000000000000
109563293.6382416635751724243164062500000000000000
-231190901.6766028106212615966796875000000000000000
-102366131.0643216818571090698242187500000000000000
-63570512.0414817482233047485351562500000000000000
25326807.0282925330102443695068359375000000000000
-229563463.4708895981311798095703125000000000000000
-45211925.6060436666011810302734375000000000000000
2547593.3595481021329760551452636718750000000000
212254881.2088402509689331054687500000000000000000
-193995105.2111751735210418701171875000000000000000
-30370099.6655332893133163452148437500000000000000
-68621797.6822917461395263671875000000000000000000
242794986.4235892593860626220703125000000000000000
-98279610.3853181898593902587890625000000000000000
22305931.0264629535377025604248046875000000000000
54477408.2284559383988380432128906250000000000000
-101850691.1103187948465347290039062500000000000000
-248348026.2315436899662017822265625000000000000000
79489472.3746611624956130981445312500000000000000
-11344275.3295839671045541763305664062500000000000
49906188.4436142966151237487792968750000000000000
49265161.2448887452483177185058593750000000000000
-31206658.5513806492090225219726562500000000000000
176767906.4672661721706390380859375000000000000000
-20251783.2546076364815235137939453125000000000000
66398679.0239554643630981445312500000000000000000
170037567.1605842411518096923828125000000000000000
-306066653.5864557623863220214843750000000000000000
-37585784.4400316476821899414062500000000000000000
-250264875.7728631496429443359375000000000000000000
-127317666.8328283727169036865234375000000000000000
-281998159.0259342789649963378906250000000000000000
-86305128.4092729687690734863281250000000000000000
101449390.9329633563756942749023437500000000000000
403765608.3191506862640380859375000000000000000000
-174324687.6147446632385253906250000000000000000000
61432245.9733579531311988830566406250000000000000
-186176953.1485194563865661621093750000000000000000
137852691.0197330415248870849609375000000000000000
94892157.6424064189195632934570312500000000000000
79519795.2365915477275848388671875000000000000000
133507803.4292915910482406616210937500000000000000
-239802936.2283211052417755126953125000000000000000
87381125.1646439135074615478515625000000000000000
63523298.4494865834712982177734375000000000000000
27849035.9422947876155376434326171875000000000000
10320810.2763015069067478179931640625000000000000
-104474551.1889796406030654907226562500000000000000
222494386.2076042294502258300781250000000000000000
-135334376.3437122404575347900390625000000000000000
-59401493.4375302195549011230468750000000000000000
42521231.9914190992712974548339843750000000000000
320572141.6455393433570861816406250000000000000000
216246978.0117799043655395507812500000000000000000
-2093450.7225223807618021965026855468750000000000
45826588.8466379195451736450195312500000000000000
-134466793.2877011299133300781250000000000000000000
5659058.8866755394265055656433105468750000000000
-178979022.9274596273899078369140625000000000000000
-30759336.6928288564085960388183593750000000000000
44727677.1961587071418762207031250000000000000000
48505905.7921852171421051025390625000000000000000
102003881.7636761218309402465820312500000000000000
69894582.5483308732509613037109375000000000000000
172414577.5161821246147155761718750000000000000000
188857935.9026365876197814941406250000000000000000
-155812649.5038143098354339599609375000000000000000
32622436.6861463673412799835205078125000000000000
-10477086.6139983832836151123046875000000000000000
-125799787.8333628922700881958007812500000000000000
-102652453.5913447290658950805664062500000000000000
-110828188.2405404150485992431640625000000000000000
9454383.4302032161504030227661132812500000000000
-39001213.6016512587666511535644531250000000000000
-182778211.6020350754261016845703125000000000000000
117253141.7672678381204605102539062500000000000000
-192093494.3378005921840667724609375000000000000000
239720870.7739428877830505371093750000000000000000
-176877311.7965563833713531494140625000000000000000
27928135.2190195620059967041015625000000000000000
80927295.7174659222364425659179687500000000000000
137304437.7672256529331207275390625000000000000000
64919553.8869604840874671936035156250000000000000
7986090.1975065022706985473632812500000000000000
-28384972.3717948533594608306884765625000000000000
-7666847.1570340385660529136657714843750000000000
108292519.7532379776239395141601562500000000000000
-169173093.4082777798175811767578125000000000000000
112189535.6618709564208984375000000000000000000000
-55656936.8416693136096000671386718750000000000000
56721465.5136391595005989074707031250000000000000
224045174.1457684338092803955078125000000000000000
46229834.5689257606863975524902343750000000000000
96604019.9019774347543716430664062500000000000000
210182470.2110511362552642822265625000000000000000
166141736.5322830975055694580078125000000000000000
-102983947.5984751731157302856445312500000000000000
69584521.5097981989383697509765625000000000000000
82424040.5845735371112823486328125000000000000000
-121975685.5466367900371551513671875000000000000000
249056396.4483765065670013427734375000000000000000
-354002626.2755755782127380371093750000000000000000
-142882833.8664857745170593261718750000000000000000
184956181.6266821324825286865234375000000000000000
10601236.1488937120884656906127929687500000000000
174303721.2186859846115112304687500000000000000000
21266609.9342401735484600067138671875000000000000
-70325774.4509519636631011962890625000000000000000
-53695662.7747583389282226562500000000000000000000
-123763888.3714493364095687866210937500000000000000
-145595292.9548692405223846435546875000000000000000
-352042399.7737265229225158691406250000000000000000
34215335.1465568915009498596191406250000000000000
98214662.0351862609386444091796875000000000000000
-170082256.4995058774948120117187500000000000000000
-104409675.2186024785041809082031250000000000000000
70210739.0850700587034225463867187500000000000000
-267224924.0262960791587829589843750000000000000000
41222285.6265845000743865966796875000000000000000
-10225589.2210440374910831451416015625000000000000
256226230.4567584693431854248046875000000000000000
51546318.3919737190008163452148437500000000000000
-270084151.1125406026840209960937500000000000000000
-86700065.7097733318805694580078125000000000000000
83261400.7256724387407302856445312500000000000000
-104802538.6515825688838958740234375000000000000000
181524464.9155221283435821533203125000000000000000
-55694409.0294991210103034973144531250000000000000
-73592436.7666037827730178833007812500000000000000
-114385110.7315183430910110473632812500000000000000
41992163.2452577725052833557128906250000000000000
-32865591.7133776880800724029541015625000000000000
-143504518.1648838222026824951171875000000000000000
-103947256.4560166895389556884765625000000000000000
-181752959.1863169074058532714843750000000000000000
-103448745.2707710862159729003906250000000000000000
-170025281.4230401813983917236328125000000000000000
29612805.1590688601136207580566406250000000000000
22844262.6263760402798652648925781250000000000000
29921710.7260322570800781250000000000000000000000
-64462474.2228236868977546691894531250000000000000
4772108.5551989888772368431091308593750000000000
108844369.1305669844150543212890625000000000000000
-101854025.7005027383565902709960937500000000000000
156087942.2310677468776702880859375000000000000000
176511571.7562036514282226562500000000000000000000
62215605.3546649292111396789550781250000000000000
105224124.4583070427179336547851562500000000000000
38408763.5946019366383552551269531250000000000000
-55638631.3140413984656333923339843750000000000000
98624050.2861587405204772949218750000000000000000
228361653.1057571470737457275390625000000000000000
54626120.2826631143689155578613281250000000000000
-65085453.9855262488126754760742187500000000000000
142627532.0204843282699584960937500000000000000000
-90232241.9662981331348419189453125000000000000000
115386848.0625602751970291137695312500000000000000
-98873791.4364202171564102172851562500000000000000
-141450649.1930657625198364257812500000000000000000
-44702525.7267260104417800903320312500000000000000
35898362.8361899405717849731445312500000000000000
-20424208.4771977625787258148193359375000000000000
41045108.6003671661019325256347656250000000000000
-177583764.0008008480072021484375000000000000000000
-1368430.0764206310268491506576538085937500000000
79958373.1948588341474533081054687500000000000000
-99182616.2433600127696990966796875000000000000000
-115390381.8699271976947784423828125000000000000000
-157814637.0347657501697540283203125000000000000000
128212162.1461985856294631958007812500000000000000
141635808.7500039935111999511718750000000000000000
29224920.4907312318682670593261718750000000000000
77665673.8546503037214279174804687500000000000000
104157379.9288443475961685180664062500000000000000
183805467.9570350348949432373046875000000000000000
131972102.1142461895942687988281250000000000000000
87039325.0353101938962936401367187500000000000000
-2939177.8194735310971736907958984375000000000000
70515117.3614058643579483032226562500000000000000
-131505925.6313345581293106079101562500000000000000
-219901335.1878695189952850341796875000000000000000
-153297133.6810226440429687500000000000000000000000
148275224.1499196588993072509765625000000000000000
-75718311.7996980547904968261718750000000000000000
60596756.9830833747982978820800781250000000000000
-150134964.8921220600605010986328125000000000000000
229028484.6734675168991088867187500000000000000000
45457726.3909353539347648620605468750000000000000
137241148.2408637702465057373046875000000000000000
-99472145.6418479681015014648437500000000000000000
-145420064.7486588954925537109375000000000000000000
-180192645.1664212048053741455078125000000000000000
219161403.9513437747955322265625000000000000000000
111510813.5081542581319808959960937500000000000000
135344265.3577510714530944824218750000000000000000
101735906.2695278674364089965820312500000000000000
-266126892.5629258155822753906250000000000000000000
15917517.6385707650333642959594726562500000000000
104927773.5383438020944595336914062500000000000000
61073782.2151010110974311828613281250000000000000
46186557.8672708868980407714843750000000000000000
-153488547.6003187894821166992187500000000000000000
-444346.2697573067271150648593902587890625000000
182286669.9137347936630249023437500000000000000000
-114064990.9979963153600692749023437500000000000000
-109746957.6410944163799285888671875000000000000000
-46429596.2852417454123497009277343750000000000000
-5873028.9622228126972913742065429687500000000000
-37078226.5891965031623840332031250000000000000000
-106553689.3358459770679473876953125000000000000000
140141740.9700947105884552001953125000000000000000
190165847.7363770008087158203125000000000000000000
-58735576.0961428657174110412597656250000000000000
-45161355.9129604175686836242675781250000000000000
-117231162.1615757942199707031250000000000000000000
133366861.4732736200094223022460937500000000000000
-4917076.0598203465342521667480468750000000000000
-17223362.5206928104162216186523437500000000000000
-95310130.0651984959840774536132812500000000000000
-37787925.6248173266649246215820312500000000000000
4047275.3051378224045038223266601562500000000000
17064738.7331815622746944427490234375000000000000
158621066.7636388838291168212890625000000000000000
-1031666.5731778661720454692840576171875000000000
-65051379.0043484866619110107421875000000000000000
46061402.2158263251185417175292968750000000000000
82871265.4872492551803588867187500000000000000000
-27405815.5954285189509391784667968750000000000000
111845388.5269868075847625732421875000000000000000
191041514.3184308409690856933593750000000000000000
30613300.3688310198485851287841796875000000000000
128177101.8915379196405410766601562500000000000000
-69345502.1379266530275344848632812500000000000000
-2505409.7352041308768093585968017578125000000000
67393629.8141387999057769775390625000000000000000
-48359670.1654343456029891967773437500000000000000
-86747716.7320986539125442504882812500000000000000
-105800983.2294748723506927490234375000000000000000
8926764.6692268662154674530029296875000000000000
-177653582.4954744577407836914062500000000000000000
17358963.2897722162306308746337890625000000000000
-133965465.2794759869575500488281250000000000000000
-36213932.9290082082152366638183593750000000000000
-60542343.3513626307249069213867187500000000000000
55687529.8508730009198188781738281250000000000000
-144146927.8689858317375183105468750000000000000000
80772025.7047606110572814941406250000000000000000
7036483.8320393869653344154357910156250000000000
25488283.3684471622109413146972656250000000000000
-87142567.8650438636541366577148437500000000000000
39767159.0175567269325256347656250000000000000000
101540948.8434140384197235107421875000000000000000
4236071.1346053406596183776855468750000000000000
28406755.8022090382874011993408203125000000000000
-113000111.0985178947448730468750000000000000000000
-184123046.9852706491947174072265625000000000000000
20882377.3497106321156024932861328125000000000000
90729004.0625211447477340698242187500000000000000
-120181454.4945266693830490112304687500000000000000
60821162.1204054728150367736816406250000000000000
-42606986.3833513185381889343261718750000000000000
-13285220.9968372192233800888061523437500000000000
-20836818.1704652830958366394042968750000000000000
-471131.3429679812979884445667266845703125000000
-53062459.6036338359117507934570312500000000000000
-6810799.8660506438463926315307617187500000000000
-100394860.8042989373207092285156250000000000000000
-98333942.6762700229883193969726562500000000000000
17814120.7907034568488597869873046875000000000000
-8051014.4246944747865200042724609375000000000000
73594161.6500384956598281860351562500000000000000
-61337289.4017294347286224365234375000000000000000
57081087.0871825069189071655273437500000000000000
-31848177.9257613793015480041503906250000000000000
14685057.7332485374063253402709960937500000000000
56738858.1699466556310653686523437500000000000000
22079570.4109249338507652282714843750000000000000
13426303.8674049731343984603881835937500000000000
16515204.9429570510983467102050781250000000000000
149110447.3928166031837463378906250000000000000000
-76498953.9302683621644973754882812500000000000000
-18395150.4042938053607940673828125000000000000000
20402354.2073893882334232330322265625000000000000
-10104220.7260628137737512588500976562500000000000
13875581.4254868347197771072387695312500000000000
48890937.1048755347728729248046875000000000000000
-6651459.2941020522266626358032226562500000000000
92631018.0634694546461105346679687500000000000000
-22088382.7169901691377162933349609375000000000000
64962832.2931949198246002197265625000000000000000
-136373450.3955301344394683837890625000000000000000
-4663548.0466154851019382476806640625000000000000
-36912913.4831020981073379516601562500000000000000
-40344184.5206593945622444152832031250000000000000
42222187.7178886532783508300781250000000000000000
113106105.9495038986206054687500000000000000000000
-95364963.2617465257644653320312500000000000000000
6806692.2994684223085641860961914062500000000000
-86772423.4470869600772857666015625000000000000000
4150162.0079986965283751487731933593750000000000
55819459.2254601344466209411621093750000000000000
-41281647.1270118579268455505371093750000000000000
-159833628.7485733032226562500000000000000000000000
15421530.7768565062433481216430664062500000000000
-9376937.8575537111610174179077148437500000000000
44451482.8146905303001403808593750000000000000000
-44223505.7848213240504264831542968750000000000000
71831005.3567838519811630249023437500000000000000
74996345.7598218023777008056640625000000000000000
18923183.5816416665911674499511718750000000000000
162808628.3163717687129974365234375000000000000000
162680565.7806516289710998535156250000000000000000
-44906096.9540662541985511779785156250000000000000
59048428.7342514395713806152343750000000000000000
-52873917.8643004894256591796875000000000000000000
75144065.2013160586357116699218750000000000000000
-103805412.4128523766994476318359375000000000000000
14082208.4094934277236461639404296875000000000000
-34087288.6031516343355178833007812500000000000000
-105272145.5757736712694168090820312500000000000000
28243465.9819680266082286834716796875000000000000
101467578.4431461989879608154296875000000000000000
46290796.5911100432276725769042968750000000000000
16931235.4376251697540283203125000000000000000000
-90931304.4272913634777069091796875000000000000000
74405609.3638568967580795288085937500000000000000
17593479.6314090862870216369628906250000000000000
78038334.0092522799968719482421875000000000000000
4157954.6381089766509830951690673828125000000000
-51350329.0039801001548767089843750000000000000000
-116982599.9810297936201095581054687500000000000000
10204472.5370938424021005630493164062500000000000
56735677.6857094615697860717773437500000000000000
-28182626.2495931722223758697509765625000000000000
-7213100.2297088587656617164611816406250000000000
121054890.4766795635223388671875000000000000000000
-17204425.1359360404312610626220703125000000000000
-6589978.2093022922053933143615722656250000000000
-135311516.2509869635105133056640625000000000000000
-39599697.9106042534112930297851562500000000000000
65083455.8573736026883125305175781250000000000000
238895713.8562310039997100830078125000000000000000
14131102.9496188927441835403442382812500000000000
-37623298.5925354361534118652343750000000000000000
-78953313.3911109268665313720703125000000000000000
-7670783.5541328052058815956115722656250000000000
43342895.7587290406227111816406250000000000000000
-44987572.6650447621941566467285156250000000000000
-82735989.3448952287435531616210937500000000000000
-35901019.3253225088119506835937500000000000000000
18054912.4041257798671722412109375000000000000000
11364909.0809908658266067504882812500000000000000
72560805.0250122845172882080078125000000000000000
-58376708.7035759836435317993164062500000000000000
9771644.3745784312486648559570312500000000000000
-61133744.7324385643005371093750000000000000000000
-72528758.2141059637069702148437500000000000000000
-73732400.2004633247852325439453125000000000000000
16450145.6387444343417882919311523437500000000000
110257534.1854325234889984130859375000000000000000
-102928425.2641114145517349243164062500000000000000
-33288586.6715020798146724700927734375000000000000
-451122.8552284556208178400993347167968750000000
15066915.4387648832052946090698242187500000000000
-141249556.2324469983577728271484375000000000000000
14114541.7070990242063999176025390625000000000000
73612707.7335317283868789672851562500000000000000
-51264149.0157963708043098449707031250000000000000
105848464.5449525713920593261718750000000000000000
96632022.8544243872165679931640625000000000000000
-70683095.5318670719861984252929687500000000000000
34816141.9466190710663795471191406250000000000000
31428241.2661048136651515960693359375000000000000
-47060064.8361881971359252929687500000000000000000
-15477795.5187557470053434371948242187500000000000
49143278.7067232057452201843261718750000000000000
17560641.3868004046380519866943359375000000000000
-32777650.2729650139808654785156250000000000000000
-124295435.4236250519752502441406250000000000000000
73992897.0730623900890350341796875000000000000000
10202018.6962355207651853561401367187500000000000
-47710569.3993397355079650878906250000000000000000
-106299880.5334913134574890136718750000000000000000
16141341.2137035019695758819580078125000000000000
118468897.6097896546125411987304687500000000000000
64655311.2295472770929336547851562500000000000000
11102991.3882390893995761871337890625000000000000
36103613.5617191195487976074218750000000000000000
-1198560.8083010949194431304931640625000000000000
23660931.9754942059516906738281250000000000000000
-72293168.7823328226804733276367187500000000000000
