2.5900956941307660130746626236941665410995
-546.0584591552152460280922241508960723876953
22781.9489404444502724800258874893188476562500
206973.0618172760878223925828933715820312500000
-38293017.1090249344706535339355468750000000000000
1253577070.8621654510498046875000000000000000000000
-22663523352.1328811645507812500000000000000000000000
268632593797.1039123535156250000000000000000000000000
-2236335491149.7109375000000000000000000000000000000000
13521629904387.0996093750000000000000000000000000000000
-60220417002200.9062500000000000000000000000000000000000
197172183367681.9062500000000000000000000000000000000000
-464450466708102.0000000000000000000000000000000000000000
742610613379582.6250000000000000000000000000000000000000
-681950426170606.0000000000000000000000000000000000000000
103595907280444.2656250000000000000000000000000000000000
409081002264958.9375000000000000000000000000000000000000
-106991013464817.0000000000000000000000000000000000000000
-403417366840915.4375000000000000000000000000000000000000
-20189209563707.0507812500000000000000000000000000000000
526037382614364.5625000000000000000000000000000000000000
24352232318744.4921875000000000000000000000000000000000
-158973766186470.1250000000000000000000000000000000000000
-518560032488129.0625000000000000000000000000000000000000
35211944540505.2890625000000000000000000000000000000000
479639328616340.6250000000000000000000000000000000000000
329856643155582.6250000000000000000000000000000000000000
-225686200318936.3437500000000000000000000000000000000000
-241787542734085.1562500000000000000000000000000000000000
-139281672938620.9843750000000000000000000000000000000000
-204989545658698.2187500000000000000000000000000000000000
128289179420657.6406250000000000000000000000000000000000
135286856533291.6562500000000000000000000000000000000000
510809224890367.7500000000000000000000000000000000000000
-60827951918904.3750000000000000000000000000000000000000
-125464765955788.9062500000000000000000000000000000000000
135163357813903.0312500000000000000000000000000000000000
-549559060640284.3125000000000000000000000000000000000000
-404012587609362.3750000000000000000000000000000000000000
-324771262959573.7500000000000000000000000000000000000000
1075040832431365.3750000000000000000000000000000000000000
-13837046691002.7636718750000000000000000000000000000000
188904439616333.3437500000000000000000000000000000000000
53218850591421.2031250000000000000000000000000000000000
-24998177442952.4687500000000000000000000000000000000000
-161197826070021.4062500000000000000000000000000000000000
91018124297237.0625000000000000000000000000000000000000
-94100227827846.4687500000000000000000000000000000000000
-844109499394024.8750000000000000000000000000000000000000
20210965490017.5546875000000000000000000000000000000000
155152366523136.9687500000000000000000000000000000000000
49297669582596.3437500000000000000000000000000000000000
389004006696093.2500000000000000000000000000000000000000
29914713413697.6796875000000000000000000000000000000000
465396734189869.0625000000000000000000000000000000000000
-29364448612290.5859375000000000000000000000000000000000
76456040864047.3437500000000000000000000000000000000000
89078025977738.6250000000000000000000000000000000000000
-183668509257971.0625000000000000000000000000000000000000
-69562616888833.3359375000000000000000000000000000000000
-421109595264733.5000000000000000000000000000000000000000
-392661349327738.4375000000000000000000000000000000000000
-37709062058678.1640625000000000000000000000000000000000
-153681138185554.0312500000000000000000000000000000000000
133920518063058.9531250000000000000000000000000000000000
77480765823188.2187500000000000000000000000000000000000
49447971234313.4609375000000000000000000000000000000000
194237050655434.4375000000000000000000000000000000000000
237161207065887.1562500000000000000000000000000000000000
222927364723800.8750000000000000000000000000000000000000
160487103549291.1875000000000000000000000000000000000000
203252636664866.9062500000000000000000000000000000000000
92585218921864.2812500000000000000000000000000000000000
-45722556989722.0000000000000000000000000000000000000000
-100059322126546.6562500000000000000000000000000000000000
-40680260366912.6796875000000000000000000000000000000000
-346326521819736.9375000000000000000000000000000000000000
-219618202137590.3750000000000000000000000000000000000000
-118703530487780.8593750000000000000000000000000000000000
-145758015418383.0312500000000000000000000000000000000000
-75577521874152.6718750000000000000000000000000000000000
-222323174166533.5000000000000000000000000000000000000000
-233618513755933.0937500000000000000000000000000000000000
-62333951639021.3515625000000000000000000000000000000000
85054991200264.6250000000000000000000000000000000000000
130625038082353.5312500000000000000000000000000000000000
314627706592161.8750000000000000000000000000000000000000
149652591320128.7500000000000000000000000000000000000000
470193598644865.3750000000000000000000000000000000000000
90724920957537.7968750000000000000000000000000000000000
120745061790760.7656250000000000000000000000000000000000
226574398797440.0937500000000000000000000000000000000000
197519205985015.0000000000000000000000000000000000000000
213304573464282.2500000000000000000000000000000000000000
-34742079407168.7500000000000000000000000000000000000000
-52134927550085.2421875000000000000000000000000000000000
-388861764893672.3125000000000000000000000000000000000000
-229748583418805.5625000000000000000000000000000000000000
-173900466215156.0000000000000000000000000000000000000000
-256402062423838.3437500000000000000000000000000000000000
-86819222549435.0781250000000000000000000000000000000000
-184471976506445.2500000000000000000000000000000000000000
-154505692962719.2500000000000000000000000000000000000000
-289638803804384.1250000000000000000000000000000000000000
-312404665183612.3125000000000000000000000000000000000000
34792976007964.3046875000000000000000000000000000000000
61010821311074.2109375000000000000000000000000000000000
-171420780031333.7187500000000000000000000000000000000000
-32756669867529.8671875000000000000000000000000000000000
287918859336547.1875000000000000000000000000000000000000
426411148152097.6250000000000000000000000000000000000000
216103820918511.9687500000000000000000000000000000000000
232657647524591.1875000000000000000000000000000000000000
87743938503238.0781250000000000000000000000000000000000
275647533671435.0937500000000000000000000000000000000000
204416198169335.9687500000000000000000000000000000000000
95393853985975.9531250000000000000000000000000000000000
476805478855417.6250000000000000000000000000000000000000
-27581270379357.5156250000000000000000000000000000000000
173174746038123.9687500000000000000000000000000000000000
-113542614344254.0781250000000000000000000000000000000000
33971315642981.9921875000000000000000000000000000000000
117391884773264.3906250000000000000000000000000000000000
-220758214435872.0000000000000000000000000000000000000000
-254811306348750.1250000000000000000000000000000000000000
-212084530676858.0312500000000000000000000000000000000000
-442693534848259.4375000000000000000000000000000000000000
-343400531692650.0625000000000000000000000000000000000000
-227875240355027.5312500000000000000000000000000000000000
32240503928623.8007812500000000000000000000000000000000
-292027662348210.9375000000000000000000000000000000000000
-295635150226490.6250000000000000000000000000000000000000
-262080988107371.8437500000000000000000000000000000000000
-305568111739.0027465820312500000000000000000000000000
7479954345276.4101562500000000000000000000000000000000
-77739875590000.0937500000000000000000000000000000000000
-125762778376262.0625000000000000000000000000000000000000
100048944624628.5156250000000000000000000000000000000000
385224692808441.5625000000000000000000000000000000000000
-79857742490823.5156250000000000000000000000000000000000
168046557627387.5937500000000000000000000000000000000000
311077510264472.0000000000000000000000000000000000000000
245850281781394.1875000000000000000000000000000000000000
181898456605909.6875000000000000000000000000000000000000
230210526991780.1562500000000000000000000000000000000000
257266047912876.4062500000000000000000000000000000000000
-93596034784196.1250000000000000000000000000000000000000
193652874311290.7187500000000000000000000000000000000000
130013653566803.2656250000000000000000000000000000000000
323035349210345.7500000000000000000000000000000000000000
287374316797256.6875000000000000000000000000000000000000
-118486711873835.3281250000000000000000000000000000000000
275514986215002.9687500000000000000000000000000000000000
253401460386085.5000000000000000000000000000000000000000
-20785266409649.6953125000000000000000000000000000000000
-61737200746534.3125000000000000000000000000000000000000
-79347675442619.2500000000000000000000000000000000000000
-380389165458608.3125000000000000000000000000000000000000
-294702128941874.9375000000000000000000000000000000000000
-283871530775490.1875000000000000000000000000000000000000
-300953749615504.2500000000000000000000000000000000000000
-119057326881497.8906250000000000000000000000000000000000
-169263208547316.7500000000000000000000000000000000000000
-84585525583856.9218750000000000000000000000000000000000
-169461197562329.9687500000000000000000000000000000000000
-128310189626026.8750000000000000000000000000000000000000
-153328518774903.4687500000000000000000000000000000000000
-255718247446026.4062500000000000000000000000000000000000
-132364926152527.5781250000000000000000000000000000000000
-97124036571994.3593750000000000000000000000000000000000
10983071055188.5683593750000000000000000000000000000000
14264382841496.6035156250000000000000000000000000000000
72653350000194.3125000000000000000000000000000000000000
-299478060907424.5000000000000000000000000000000000000000
-169818259286794.0625000000000000000000000000000000000000
64574386984471.7500000000000000000000000000000000000000
202176702929524.1875000000000000000000000000000000000000
185846892048758.9375000000000000000000000000000000000000
-135160619560843.4062500000000000000000000000000000000000
226058714354915.0937500000000000000000000000000000000000
40402001235021.7031250000000000000000000000000000000000
-18389401853540.7109375000000000000000000000000000000000
82687724363800.4218750000000000000000000000000000000000
128613079928506.3750000000000000000000000000000000000000
511908668666339.1250000000000000000000000000000000000000
71014543491316.7031250000000000000000000000000000000000
201620448747481.7812500000000000000000000000000000000000
67487945277108.6328125000000000000000000000000000000000
542339662769548.2500000000000000000000000000000000000000
439991465938187.6250000000000000000000000000000000000000
244292273937955.7187500000000000000000000000000000000000
226867826933296.4687500000000000000000000000000000000000
-30283058056717.3554687500000000000000000000000000000000
301109238161588.4375000000000000000000000000000000000000
65202957262451.9218750000000000000000000000000000000000
47646376184085.8906250000000000000000000000000000000000
-527711378050657.0625000000000000000000000000000000000000
-46998156227143.7968750000000000000000000000000000000000
173028940086431.7812500000000000000000000000000000000000
-142816585386321.1562500000000000000000000000000000000000
-194488291514369.0937500000000000000000000000000000000000
-231129745546604.1562500000000000000000000000000000000000
-208719474266635.0000000000000000000000000000000000000000
-56177032293640.3906250000000000000000000000000000000000
-463658279757080.3125000000000000000000000000000000000000
57624827592546.4296875000000000000000000000000000000000
-153262453924831.6875000000000000000000000000000000000000
-194598967844319.5312500000000000000000000000000000000000
-2851918260398.9194335937500000000000000000000000000000
-225097339802271.0000000000000000000000000000000000000000
-251805630813104.8437500000000000000000000000000000000000
-220014120729932.3125000000000000000000000000000000000000
-461020904103084.8125000000000000000000000000000000000000
-125752765132576.4218750000000000000000000000000000000000
551242972006.0601806640625000000000000000000000000000
-222089830435638.4687500000000000000000000000000000000000
-152958475954118.6250000000000000000000000000000000000000
208632264675181.5000000000000000000000000000000000000000
-164641978451826.2812500000000000000000000000000000000000
-8314208374248.9755859375000000000000000000000000000000
336360539357822.3750000000000000000000000000000000000000
-11270411672783.0019531250000000000000000000000000000000
-208832794637101.5937500000000000000000000000000000000000
121793730003605.7812500000000000000000000000000000000000
96717994334919.5000000000000000000000000000000000000000
-63685920476433.0859375000000000000000000000000000000000
225580768569015.0312500000000000000000000000000000000000
180307236714541.6562500000000000000000000000000000000000
177817267250457.8750000000000000000000000000000000000000
192883711530250.7812500000000000000000000000000000000000
192971110510934.6875000000000000000000000000000000000000
125202337636731.9375000000000000000000000000000000000000
94943957052789.8750000000000000000000000000000000000000
346382797572076.5625000000000000000000000000000000000000
253676743811352.1250000000000000000000000000000000000000
468607536227225.5625000000000000000000000000000000000000
-88122055571646.8125000000000000000000000000000000000000
-1058985606162.4174804687500000000000000000000000000000
-490895306249561.7500000000000000000000000000000000000000
210078978362493.8437500000000000000000000000000000000000
9705737775841.6621093750000000000000000000000000000000
130783470170782.4218750000000000000000000000000000000000
-69085875081217.0234375000000000000000000000000000000000
454789098756767.6250000000000000000000000000000000000000
-9659155070302.2167968750000000000000000000000000000000
45097558412850.8984375000000000000000000000000000000000
-178139221270767.1875000000000000000000000000000000000000
-156233317784051.8125000000000000000000000000000000000000
317918551294574.7500000000000000000000000000000000000000
-98031388802985.9531250000000000000000000000000000000000
222903994508483.1875000000000000000000000000000000000000
34164053248128.7812500000000000000000000000000000000000
-406961398404644.8125000000000000000000000000000000000000
-34522633757343.2617187500000000000000000000000000000000
168845708712301.7187500000000000000000000000000000000000
257126103357229.9687500000000000000000000000000000000000
3871085355177.5102539062500000000000000000000000000000
-325913570300761.1875000000000000000000000000000000000000
-137723159654750.4531250000000000000000000000000000000000
235557792417951.1562500000000000000000000000000000000000
-123980732689795.1250000000000000000000000000000000000000
-196268163702137.1875000000000000000000000000000000000000
18353483419824.6093750000000000000000000000000000000000
100326301264476.3437500000000000000000000000000000000000
-555106508389937.8125000000000000000000000000000000000000
293201942009563.5000000000000000000000000000000000000000
-171513045975225.5312500000000000000000000000000000000000
-84195358515393.7500000000000000000000000000000000000000
-728726889625030.2500000000000000000000000000000000000000
-169548129168941.2500000000000000000000000000000000000000
-174192665202329.7812500000000000000000000000000000000000
-99479605482123.9843750000000000000000000000000000000000
-345602818723459.4375000000000000000000000000000000000000
-385043888963945.1250000000000000000000000000000000000000
-44985971693180.2187500000000000000000000000000000000000
-72491968781977.1875000000000000000000000000000000000000
27310641245384.5429687500000000000000000000000000000000
596481930057144.5000000000000000000000000000000000000000
-71858203046747.4375000000000000000000000000000000000000
-5083921862447.2402343750000000000000000000000000000000
31392995301462.4023437500000000000000000000000000000000
-409553047388409.0625000000000000000000000000000000000000
-19197898213933.9140625000000000000000000000000000000000
-73083365002463.6093750000000000000000000000000000000000
117012780431938.2343750000000000000000000000000000000000
-70934629347135.8125000000000000000000000000000000000000
652671730022098.5000000000000000000000000000000000000000
232052320618783.1250000000000000000000000000000000000000
540710250998597.8750000000000000000000000000000000000000
-54686121815533.6562500000000000000000000000000000000000
-367261519981744.3750000000000000000000000000000000000000
-410004720751560.8750000000000000000000000000000000000000
197628397714676.9375000000000000000000000000000000000000
-12913819152973.6015625000000000000000000000000000000000
-64271994196376.3515625000000000000000000000000000000000
355531420251850.1250000000000000000000000000000000000000
161440442253687.2812500000000000000000000000000000000000
-212755449057502.4687500000000000000000000000000000000000
289955626659731.7500000000000000000000000000000000000000
-62572430177715.1875000000000000000000000000000000000000
-100770596346881.9375000000000000000000000000000000000000
651273591473562.1250000000000000000000000000000000000000
-111829992111479.0312500000000000000000000000000000000000
44060930780487.6250000000000000000000000000000000000000
49891420024064.2109375000000000000000000000000000000000
221274924325953.0937500000000000000000000000000000000000
616855565630195.6250000000000000000000000000000000000000
369828461427302.3125000000000000000000000000000000000000
309769184159811.4375000000000000000000000000000000000000
480832577036119.2500000000000000000000000000000000000000
-612170949483012.7500000000000000000000000000000000000000
-430887345913081.6875000000000000000000000000000000000000
135039840545773.2968750000000000000000000000000000000000
109455547274377.2812500000000000000000000000000000000000
376221577827556.5000000000000000000000000000000000000000
-290626808884548.8125000000000000000000000000000000000000
303720170182871.5000000000000000000000000000000000000000
-631458155559885.6250000000000000000000000000000000000000
270955565314875.7812500000000000000000000000000000000000
290844620176889.1250000000000000000000000000000000000000
-458995420326719.3750000000000000000000000000000000000000
47617607486393.3828125000000000000000000000000000000000
-137405246347760.6718750000000000000000000000000000000000
26902188295831.4414062500000000000000000000000000000000
445511292219017.9375000000000000000000000000000000000000
-388190452294722.4375000000000000000000000000000000000000
-392682611363148.9375000000000000000000000000000000000000
-558681583778364.2500000000000000000000000000000000000000
665747700806348.2500000000000000000000000000000000000000
4697284742321.1162109375000000000000000000000000000000
-292994789321134.5000000000000000000000000000000000000000
172662032521888.9687500000000000000000000000000000000000
88765747730683.9375000000000000000000000000000000000000
-866929307141975.5000000000000000000000000000000000000000
-246835719057931.9062500000000000000000000000000000000000
7274079795193.3681640625000000000000000000000000000000
-24549696166288.8710937500000000000000000000000000000000
-112190044647219.4687500000000000000000000000000000000000
-457930637344256.0000000000000000000000000000000000000000
386476532066602.8750000000000000000000000000000000000000
-562424084296185.3750000000000000000000000000000000000000
-214089524831659.0937500000000000000000000000000000000000
177377495630675.5312500000000000000000000000000000000000
7393832756426.9746093750000000000000000000000000000000
106788230972299.0312500000000000000000000000000000000000
3402147040274.5634765625000000000000000000000000000000
-229072698888896.2187500000000000000000000000000000000000
-219403008518598.4375000000000000000000000000000000000000
179263779407399.1562500000000000000000000000000000000000
428730979261464.5000000000000000000000000000000000000000
49189322915275.2031250000000000000000000000000000000000
-166641943747844.7187500000000000000000000000000000000000
-429343945945795.2500000000000000000000000000000000000000
323883461244387.4375000000000000000000000000000000000000
-251831184751196.9687500000000000000000000000000000000000
107587981510586.6406250000000000000000000000000000000000
149117097934262.6875000000000000000000000000000000000000
-947925574239333.1250000000000000000000000000000000000000
273268132790847.9687500000000000000000000000000000000000
283932652631148.1875000000000000000000000000000000000000
-238290804601731.2812500000000000000000000000000000000000
139556908966635.0000000000000000000000000000000000000000
-56801810023697.0078125000000000000000000000000000000000
561794005886101.0625000000000000000000000000000000000000
-17320434109060.7968750000000000000000000000000000000000
65276020496756.5078125000000000000000000000000000000000
549780376465919.7500000000000000000000000000000000000000
-26906357952568.6796875000000000000000000000000000000000
-194037220345761.7500000000000000000000000000000000000000
-15565923602074.2558593750000000000000000000000000000000
-131265464724144.0468750000000000000000000000000000000000
-218133039875010.7187500000000000000000000000000000000000
442741600941864.8125000000000000000000000000000000000000
101265359498931.9375000000000000000000000000000000000000
-309076082869275.1250000000000000000000000000000000000000
142146182484035.4687500000000000000000000000000000000000
15657327762809.3027343750000000000000000000000000000000
212677139995228.3437500000000000000000000000000000000000
288178085660457.2500000000000000000000000000000000000000
38889444321033.7500000000000000000000000000000000000000
194788037861029.3437500000000000000000000000000000000000
430830080725320.6875000000000000000000000000000000000000
-70686764983932.9062500000000000000000000000000000000000
-235303897977203.9062500000000000000000000000000000000000
130945479406140.6093750000000000000000000000000000000000
-538059023974100.3125000000000000000000000000000000000000
460129567835598.5000000000000000000000000000000000000000
607988637633384.5000000000000000000000000000000000000000
-50234524046387.4921875000000000000000000000000000000000
401175871185452.5625000000000000000000000000000000000000
100404423620437.5781250000000000000000000000000000000000
-451843904047234.6875000000000000000000000000000000000000
-476104053027015.0000000000000000000000000000000000000000
258373184915276.4375000000000000000000000000000000000000
244531505785132.5625000000000000000000000000000000000000
145503430217490.8125000000000000000000000000000000000000
290426234616028.9375000000000000000000000000000000000000
50396080910198.6328125000000000000000000000000000000000
-184973996100652.4687500000000000000000000000000000000000
154345282347519.0312500000000000000000000000000000000000
-25447279971899.8281250000000000000000000000000000000000
70693619549197.1250000000000000000000000000000000000000
-90934009040814.7187500000000000000000000000000000000000
-293926330673031.3125000000000000000000000000000000000000
149236157105891.9062500000000000000000000000000000000000
457452636279037.1875000000000000000000000000000000000000
415021165239523.5000000000000000000000000000000000000000
60600169944840.7968750000000000000000000000000000000000
-683908096680336.2500000000000000000000000000000000000000
-388354218040912.5000000000000000000000000000000000000000
47341894464131.5468750000000000000000000000000000000000
-440546469351549.8750000000000000000000000000000000000000
635428684770233.2500000000000000000000000000000000000000
222348598087185.0312500000000000000000000000000000000000
-257914633175541.9687500000000000000000000000000000000000
-96802814175113.2656250000000000000000000000000000000000
-645110321286148.2500000000000000000000000000000000000000
-108747347963646.6406250000000000000000000000000000000000
-259812387755311.1875000000000000000000000000000000000000
-310561310669219.3750000000000000000000000000000000000000
193116233126773.9687500000000000000000000000000000000000
128881846940353.5468750000000000000000000000000000000000
-543115471166764.3750000000000000000000000000000000000000
-163076667209596.9375000000000000000000000000000000000000
-523224732650510.7500000000000000000000000000000000000000
337967097499791.5000000000000000000000000000000000000000
-421083803186273.6250000000000000000000000000000000000000
396651154772443.1250000000000000000000000000000000000000
75124183019126.0156250000000000000000000000000000000000
-215387906978863.5000000000000000000000000000000000000000
-581194755918562.0000000000000000000000000000000000000000
176821745592921.5625000000000000000000000000000000000000
311693013485545.8125000000000000000000000000000000000000
-269323868024200.6875000000000000000000000000000000000000
46656209013331.3359375000000000000000000000000000000000
-537282039098135.0000000000000000000000000000000000000000
403337602173983.0625000000000000000000000000000000000000
125605090527354.0312500000000000000000000000000000000000
-144965097422133.7187500000000000000000000000000000000000
46045311671447.3203125000000000000000000000000000000000
-318994364497045.0000000000000000000000000000000000000000
-381595590722798.5625000000000000000000000000000000000000
303871836383950.0625000000000000000000000000000000000000
192346333753605.6250000000000000000000000000000000000000
452860194061247.1250000000000000000000000000000000000000
-608566830865003.2500000000000000000000000000000000000000
-49727065874666.4843750000000000000000000000000000000000
27697696617626.6132812500000000000000000000000000000000
690020680744572.1250000000000000000000000000000000000000
44683466840074.4296875000000000000000000000000000000000
-364551905561226.8750000000000000000000000000000000000000
350038365038366.1250000000000000000000000000000000000000
-214648105753162.9375000000000000000000000000000000000000
457652121176793.8750000000000000000000000000000000000000
-114305424208305.1718750000000000000000000000000000000000
104460393673632.8593750000000000000000000000000000000000
-74169459136564.3750000000000000000000000000000000000000
120797773178520.4687500000000000000000000000000000000000
-234474046296672.7500000000000000000000000000000000000000
-358803186740508.1250000000000000000000000000000000000000
45184447181851.5390625000000000000000000000000000000000
193329310717664.2812500000000000000000000000000000000000
251480208233390.5312500000000000000000000000000000000000
135336224770897.9843750000000000000000000000000000000000
115017970353905.6250000000000000000000000000000000000000
78904439559264.2500000000000000000000000000000000000000
428143113281731.2500000000000000000000000000000000000000
-5280534483801.1933593750000000000000000000000000000000
-376882862872235.3750000000000000000000000000000000000000
80502942335715.5000000000000000000000000000000000000000
185760930050333.5312500000000000000000000000000000000000
-199303212143688.7187500000000000000000000000000000000000
-70457803462155.8281250000000000000000000000000000000000
493591817213272.8125000000000000000000000000000000000000
9233289012824.1035156250000000000000000000000000000000
-389728052377.6278076171875000000000000000000000000000
154605573343508.8750000000000000000000000000000000000000
542166038900337.8750000000000000000000000000000000000000
-426945643115062.2500000000000000000000000000000000000000
274374748083962.4687500000000000000000000000000000000000
-194611539858652.6875000000000000000000000000000000000000
217264644642400.1875000000000000000000000000000000000000
-190875615216708.8750000000000000000000000000000000000000
499235682266476.8750000000000000000000000000000000000000
-396387359161288.4375000000000000000000000000000000000000
-248735975910538.6250000000000000000000000000000000000000
-189655791300555.0625000000000000000000000000000000000000
568624150877950.1250000000000000000000000000000000000000
151221965825771.3750000000000000000000000000000000000000
464015912495864.7500000000000000000000000000000000000000
147484170864636.2812500000000000000000000000000000000000
299954628408741.0000000000000000000000000000000000000000
-60311734659771.2578125000000000000000000000000000000000
347584372159294.6875000000000000000000000000000000000000
247977710459285.4062500000000000000000000000000000000000
-174889973941384.0625000000000000000000000000000000000000
-292316028161492.0000000000000000000000000000000000000000
-324609277878347.0000000000000000000000000000000000000000
-638319880691100.8750000000000000000000000000000000000000
223553846564043.0937500000000000000000000000000000000000
-190235285763176.0000000000000000000000000000000000000000
574771009147235.6250000000000000000000000000000000000000
-201217733572120.2187500000000000000000000000000000000000
53728338928717.3515625000000000000000000000000000000000
292510857025365.5000000000000000000000000000000000000000
-230036456842879.9687500000000000000000000000000000000000
200899070271082.7187500000000000000000000000000000000000
154334397596011.4375000000000000000000000000000000000000
-553872152239278.0625000000000000000000000000000000000000
-355444711763343.4375000000000000000000000000000000000000
-38003927809845.3906250000000000000000000000000000000000
-805163007255316.7500000000000000000000000000000000000000
-713994151593766.7500000000000000000000000000000000000000
-30308417055446.3515625000000000000000000000000000000000
-73844602549978.2968750000000000000000000000000000000000
407869616458940.6875000000000000000000000000000000000000
109201030828226.5781250000000000000000000000000000000000
158971111501398.7187500000000000000000000000000000000000
171587302367442.2812500000000000000000000000000000000000
55541155665556.2031250000000000000000000000000000000000
170110362510422.4062500000000000000000000000000000000000
-50971495878984.0859375000000000000000000000000000000000
-502618656600018.1250000000000000000000000000000000000000
-421540009557281.2500000000000000000000000000000000000000
108058914098920.5000000000000000000000000000000000000000
-614984821012337.6250000000000000000000000000000000000000
436647512335781.8125000000000000000000000000000000000000
323601633883488.2500000000000000000000000000000000000000
-725884295563790.0000000000000000000000000000000000000000
-61658101115370.4531250000000000000000000000000000000000
5892682687195.5449218750000000000000000000000000000000
-11471248256511.9667968750000000000000000000000000000000
517873450338160.3750000000000000000000000000000000000000
-435104979465052.5625000000000000000000000000000000000000
606474482733351.8750000000000000000000000000000000000000
-43238467982245.8671875000000000000000000000000000000000
-69961401428137.6015625000000000000000000000000000000000
88170444199820.0781250000000000000000000000000000000000
492188230223264.7500000000000000000000000000000000000000
-112126552335445.4531250000000000000000000000000000000000
116832658807904.0156250000000000000000000000000000000000
-210224048243282.2500000000000000000000000000000000000000
-101218509584876.9531250000000000000000000000000000000000
172238878662402.8125000000000000000000000000000000000000
-159833044963991.5937500000000000000000000000000000000000
-480008868741889.6875000000000000000000000000000000000000
-165922838521193.3437500000000000000000000000000000000000
100263883254324.7500000000000000000000000000000000000000
83105711128186.3281250000000000000000000000000000000000
250473100546077.8750000000000000000000000000000000000000
249539847178586.6875000000000000000000000000000000000000
-443148197054888.5000000000000000000000000000000000000000
100603804147833.6250000000000000000000000000000000000000
342443542376603.5000000000000000000000000000000000000000
-807444688398699.3750000000000000000000000000000000000000
486688910454524.1875000000000000000000000000000000000000
729032185906255.5000000000000000000000000000000000000000
-412219912466318.4375000000000000000000000000000000000000
-486764925160663.5000000000000000000000000000000000000000
-548202267123210.5625000000000000000000000000000000000000
-40492816537222.8046875000000000000000000000000000000000
502544405284239.8125000000000000000000000000000000000000
-17136546050478.1718750000000000000000000000000000000000
-406295823917408.8125000000000000000000000000000000000000
497010828273217.9375000000000000000000000000000000000000
-886194410448123.2500000000000000000000000000000000000000
389830383389055.6875000000000000000000000000000000000000
-355291382065506.3125000000000000000000000000000000000000
438609455143370.5625000000000000000000000000000000000000
196398014513637.2500000000000000000000000000000000000000
553623146802569.5625000000000000000000000000000000000000
-71090277909619.5156250000000000000000000000000000000000
-153486550624656.5312500000000000000000000000000000000000
-187421609369948.7500000000000000000000000000000000000000
-65454524820565.5234375000000000000000000000000000000000
978717808265441.0000000000000000000000000000000000000000
33573319191348.7031250000000000000000000000000000000000
-313408150089153.8750000000000000000000000000000000000000
-589115590521638.0000000000000000000000000000000000000000
-243013177641675.3437500000000000000000000000000000000000
963876630599678.2500000000000000000000000000000000000000
136703736722253.3593750000000000000000000000000000000000
421580209535873.6250000000000000000000000000000000000000
-570378140530857.1250000000000000000000000000000000000000
629383817955672.0000000000000000000000000000000000000000
-165985457761145.1250000000000000000000000000000000000000
257978344798176.5625000000000000000000000000000000000000
-630821230617045.6250000000000000000000000000000000000000
448342306227472.1250000000000000000000000000000000000000
907768705299740.7500000000000000000000000000000000000000
-640705250521610.0000000000000000000000000000000000000000
-388817722196169.4375000000000000000000000000000000000000
51747598363550.4062500000000000000000000000000000000000
78021223194221.8906250000000000000000000000000000000000
240525486189003.1250000000000000000000000000000000000000
203538444468297.7187500000000000000000000000000000000000
63897219908198.2968750000000000000000000000000000000000
-131742566756700.7968750000000000000000000000000000000000
-373516457976198.1250000000000000000000000000000000000000
-376732283573032.6875000000000000000000000000000000000000
805694439607037.7500000000000000000000000000000000000000
109843678043427.3593750000000000000000000000000000000000
139949356724902.8906250000000000000000000000000000000000
196100613297040.2812500000000000000000000000000000000000
-483718084524076.1250000000000000000000000000000000000000
31564169059852.1171875000000000000000000000000000000000
646015661495793.7500000000000000000000000000000000000000
117623260098974.4687500000000000000000000000000000000000
501066678235242.3125000000000000000000000000000000000000
-67083884059040.4453125000000000000000000000000000000000
-590097920275562.7500000000000000000000000000000000000000
346952334802162.9375000000000000000000000000000000000000
-648301119319685.7500000000000000000000000000000000000000
-536628777586855.7500000000000000000000000000000000000000
-476163568304473.5000000000000000000000000000000000000000
-461848622561128.8750000000000000000000000000000000000000
-106149715094435.0156250000000000000000000000000000000000
196199332691260.8125000000000000000000000000000000000000
173841513462570.1875000000000000000000000000000000000000
163829372514170.0312500000000000000000000000000000000000
-323159728285125.7500000000000000000000000000000000000000
1365555487320278.2500000000000000000000000000000000000000
-958806062414091.6250000000000000000000000000000000000000
36041335049180.3359375000000000000000000000000000000000
173540759222289.9375000000000000000000000000000000000000
581331654487419.8750000000000000000000000000000000000000
-903962702428353.5000000000000000000000000000000000000000
-43087123934931.9921875000000000000000000000000000000000
-393849073740407.3125000000000000000000000000000000000000
672865100768656.7500000000000000000000000000000000000000
-504186619143458.1875000000000000000000000000000000000000
-268135974382363.5625000000000000000000000000000000000000
357320670844180.9375000000000000000000000000000000000000
237031287738869.6562500000000000000000000000000000000000
625578484141184.8750000000000000000000000000000000000000
-203313007043073.0312500000000000000000000000000000000000
-41344656338213.9062500000000000000000000000000000000000
-375082723981264.8750000000000000000000000000000000000000
-57290309381292.3750000000000000000000000000000000000000
20192057565679.1289062500000000000000000000000000000000
183669045884465.9687500000000000000000000000000000000000
-162845775465043.5937500000000000000000000000000000000000
154787728309321.1250000000000000000000000000000000000000
25207631040079.0781250000000000000000000000000000000000
156230543223580.5000000000000000000000000000000000000000
198814336348413.5000000000000000000000000000000000000000
866822633096619.5000000000000000000000000000000000000000
-117790967754177.8281250000000000000000000000000000000000
-275640938155035.0312500000000000000000000000000000000000
-522402376974595.8125000000000000000000000000000000000000
-709496791215002.6250000000000000000000000000000000000000
304171492738076.9375000000000000000000000000000000000000
351907173473847.8750000000000000000000000000000000000000
-899057538519636.5000000000000000000000000000000000000000
-175641395741784.0937500000000000000000000000000000000000
38868775507505.9218750000000000000000000000000000000000
487340754773330.0000000000000000000000000000000000000000
158652636664726.8125000000000000000000000000000000000000
-341471301651340.9375000000000000000000000000000000000000
-133542683901777.5937500000000000000000000000000000000000
-379463477541223.6250000000000000000000000000000000000000
201138488960851.2812500000000000000000000000000000000000
-533966611934757.1875000000000000000000000000000000000000
593626330984081.5000000000000000000000000000000000000000
-333029719767641.6250000000000000000000000000000000000000
-7143988422771.4257812500000000000000000000000000000000
-644164382963049.6250000000000000000000000000000000000000
-41528856840568.4062500000000000000000000000000000000000
-50850812236674.2109375000000000000000000000000000000000
884074421950677.2500000000000000000000000000000000000000
348126074437194.6875000000000000000000000000000000000000
-583687206104872.7500000000000000000000000000000000000000
-383830151358180.3125000000000000000000000000000000000000
723721932773919.6250000000000000000000000000000000000000
51187835869318.9375000000000000000000000000000000000000
178406040996151.8437500000000000000000000000000000000000
57443921967168.3828125000000000000000000000000000000000
-428971897096473.3125000000000000000000000000000000000000
-34284890963977.6914062500000000000000000000000000000000
307430894621107.8750000000000000000000000000000000000000
6023046849476.1669921875000000000000000000000000000000
-292244197528313.6250000000000000000000000000000000000000
-327656969148849.4375000000000000000000000000000000000000
-994256130799220.1250000000000000000000000000000000000000
-102852022560201.0468750000000000000000000000000000000000
-229457339934104.2187500000000000000000000000000000000000
-4901317729255.4179687500000000000000000000000000000000
296746622757603.1875000000000000000000000000000000000000
323936467071128.6875000000000000000000000000000000000000
-665733032083791.0000000000000000000000000000000000000000
323667316970986.4375000000000000000000000000000000000000
432794435830702.7500000000000000000000000000000000000000
123886461815763.7031250000000000000000000000000000000000
362104287854930.1875000000000000000000000000000000000000
684766441835104.3750000000000000000000000000000000000000
323744442435767.5000000000000000000000000000000000000000
-189434361088082.3750000000000000000000000000000000000000
22132470135867.8828125000000000000000000000000000000000
-127752890359634.7656250000000000000000000000000000000000
132677582078479.0468750000000000000000000000000000000000
-356186938656950.1875000000000000000000000000000000000000
49625000141680.3281250000000000000000000000000000000000
526667585861280.8125000000000000000000000000000000000000
321589567574561.5625000000000000000000000000000000000000
-362504372918240.7500000000000000000000000000000000000000
195933729456641.9062500000000000000000000000000000000000
88177284372165.5625000000000000000000000000000000000000
419044861767620.6875000000000000000000000000000000000000
697239083644097.8750000000000000000000000000000000000000
-1039650435396224.6250000000000000000000000000000000000000
-481650750644212.5000000000000000000000000000000000000000
68409851025615.3593750000000000000000000000000000000000
-109507883381471.6875000000000000000000000000000000000000
217221164785392.9687500000000000000000000000000000000000
-280329968596179.1875000000000000000000000000000000000000
968064240732834.8750000000000000000000000000000000000000
318984320657905.4375000000000000000000000000000000000000
-45375784739282.8281250000000000000000000000000000000000
34424441741790.5234375000000000000000000000000000000000
-35815140211257.4531250000000000000000000000000000000000
-84907420287366.6875000000000000000000000000000000000000
750020679845593.6250000000000000000000000000000000000000
-304013773527393.8750000000000000000000000000000000000000
-144393040946305.0312500000000000000000000000000000000000
-780247664614075.6250000000000000000000000000000000000000
90733793071074.5781250000000000000000000000000000000000
-527009562588182.8750000000000000000000000000000000000000
-181254614586592.4062500000000000000000000000000000000000
491750386148156.8125000000000000000000000000000000000000
479862884673993.8125000000000000000000000000000000000000
617347674351139.1250000000000000000000000000000000000000
143247315808019.0312500000000000000000000000000000000000
-203924162371764.7500000000000000000000000000000000000000
531779941996815.8750000000000000000000000000000000000000
-111857629915200.3125000000000000000000000000000000000000
314600536511037.1875000000000000000000000000000000000000
-897008188233297.3750000000000000000000000000000000000000
-214699884570245.9375000000000000000000000000000000000000
50934799969520.4296875000000000000000000000000000000000
55597916689940.0937500000000000000000000000000000000000
425563786556244.7500000000000000000000000000000000000000
297977217231329.4375000000000000000000000000000000000000
-350209476181365.6250000000000000000000000000000000000000
-746745787810509.6250000000000000000000000000000000000000
-369023759045791.6250000000000000000000000000000000000000
263746972369866.1875000000000000000000000000000000000000
212716891070203.2812500000000000000000000000000000000000
254405318531848.5625000000000000000000000000000000000000
-22657673666879.7656250000000000000000000000000000000000
-96212354677526.2656250000000000000000000000000000000000
-763454472833832.6250000000000000000000000000000000000000
448579301965266.8750000000000000000000000000000000000000
185394837102770.4687500000000000000000000000000000000000
128563930773387.5000000000000000000000000000000000000000
201625058410736.4062500000000000000000000000000000000000
343649005258079.0000000000000000000000000000000000000000
-435848985707451.2500000000000000000000000000000000000000
-631026725299851.8750000000000000000000000000000000000000
-892636403204748.0000000000000000000000000000000000000000
-129806302107628.7031250000000000000000000000000000000000
547046840012091.9375000000000000000000000000000000000000
-23615626107513.0000000000000000000000000000000000000000
-242904001830096.4375000000000000000000000000000000000000
468316028691316.5625000000000000000000000000000000000000
-1468205341907748.2500000000000000000000000000000000000000
273594992457085.6875000000000000000000000000000000000000
852193164265294.3750000000000000000000000000000000000000
-453587814168806.1250000000000000000000000000000000000000
476762182662676.8750000000000000000000000000000000000000
-102858326177313.5781250000000000000000000000000000000000
812447795588662.5000000000000000000000000000000000000000
792997785776901.7500000000000000000000000000000000000000
-1083158133441397.7500000000000000000000000000000000000000
102932768214531.8437500000000000000000000000000000000000
-44499226730966.6718750000000000000000000000000000000000
-227549092003181.7187500000000000000000000000000000000000
-15567101066555.6894531250000000000000000000000000000000
-764688533871763.6250000000000000000000000000000000000000
127246379778967.4531250000000000000000000000000000000000
423745102726955.9375000000000000000000000000000000000000
-63289277138364.2578125000000000000000000000000000000000
-309142408348194.1250000000000000000000000000000000000000
-56001473035935.2890625000000000000000000000000000000000
-265356888782440.4687500000000000000000000000000000000000
398219361328098.0000000000000000000000000000000000000000
-495360132713705.1875000000000000000000000000000000000000
371158863829375.9375000000000000000000000000000000000000
218598036257367.5937500000000000000000000000000000000000
21915104723378.8085937500000000000000000000000000000000
276346513795274.3125000000000000000000000000000000000000
126113329640422.7968750000000000000000000000000000000000
-346406420054403.5000000000000000000000000000000000000000
632244490156412.5000000000000000000000000000000000000000
-410208383045138.1250000000000000000000000000000000000000
410888346914932.8750000000000000000000000000000000000000
-762294500781066.8750000000000000000000000000000000000000
-692483845673655.2500000000000000000000000000000000000000
205548902944425.3750000000000000000000000000000000000000
-172911883381401.4375000000000000000000000000000000000000
-203145995806484.8125000000000000000000000000000000000000
102878151705230.8437500000000000000000000000000000000000
157993666094292.1250000000000000000000000000000000000000
32179844972974.3007812500000000000000000000000000000000
-483507294016249.4375000000000000000000000000000000000000
544479542533419.3750000000000000000000000000000000000000
-101095024916091.7187500000000000000000000000000000000000
330426452852833.8125000000000000000000000000000000000000
330881508477663.7500000000000000000000000000000000000000
307175904175440.3125000000000000000000000000000000000000
-151514062476732.4375000000000000000000000000000000000000
-246624177481470.7812500000000000000000000000000000000000
422011647135406.5625000000000000000000000000000000000000
-87761062777142.4375000000000000000000000000000000000000
-163572735479046.9375000000000000000000000000000000000000
3133602020549.1215820312500000000000000000000000000000
16617766337996.2539062500000000000000000000000000000000
618952845173221.8750000000000000000000000000000000000000
-331718635580293.7500000000000000000000000000000000000000
-340402140041051.1250000000000000000000000000000000000000
-366804288132781.1875000000000000000000000000000000000000
-414855195192365.0625000000000000000000000000000000000000
-27841886978226.7734375000000000000000000000000000000000
-638994219210118.5000000000000000000000000000000000000000
427306625501456.3750000000000000000000000000000000000000
732975095333265.3750000000000000000000000000000000000000
635095975464721.1250000000000000000000000000000000000000
-203632469717894.8437500000000000000000000000000000000000
-904275849893967.3750000000000000000000000000000000000000
442296319544560.8750000000000000000000000000000000000000
207329793875986.1562500000000000000000000000000000000000
-443058940224424.5625000000000000000000000000000000000000
-704299537061992.3750000000000000000000000000000000000000
593258848789914.7500000000000000000000000000000000000000
184943192106628.2812500000000000000000000000000000000000
-252816105366987.1875000000000000000000000000000000000000
415838918703921.5625000000000000000000000000000000000000
329983255658599.7500000000000000000000000000000000000000
-98488142179071.3593750000000000000000000000000000000000
88738171205240.0781250000000000000000000000000000000000
-80700861993135.5625000000000000000000000000000000000000
-164659115715443.0625000000000000000000000000000000000000
-154527857641925.2187500000000000000000000000000000000000
424116429122894.5000000000000000000000000000000000000000
241586445926614.0000000000000000000000000000000000000000
984291111299252.5000000000000000000000000000000000000000
437974305284628.0625000000000000000000000000000000000000
8341970823169.5078125000000000000000000000000000000000
616945269588124.1250000000000000000000000000000000000000
619099212218909.3750000000000000000000000000000000000000
-473004302569597.4375000000000000000000000000000000000000
-35846745760404.9453125000000000000000000000000000000000
5268746894411.6113281250000000000000000000000000000000
-99133609486241.2187500000000000000000000000000000000000
-57872393073550.3984375000000000000000000000000000000000
681764101645024.6250000000000000000000000000000000000000
-842650335129968.2500000000000000000000000000000000000000
544578888337868.3750000000000000000000000000000000000000
-420423275535198.8750000000000000000000000000000000000000
689899886821988.0000000000000000000000000000000000000000
-533039023613909.0625000000000000000000000000000000000000
-568338476462692.3750000000000000000000000000000000000000
1220583913410350.5000000000000000000000000000000000000000
-764423051188920.2500000000000000000000000000000000000000
295066326080151.6875000000000000000000000000000000000000
-1274493138138662.7500000000000000000000000000000000000000
513487625009973.7500000000000000000000000000000000000000
-224411812234540.6875000000000000000000000000000000000000
79916648074544.2031250000000000000000000000000000000000
-785093927659804.8750000000000000000000000000000000000000
-192628075333349.4375000000000000000000000000000000000000
-38268594721919.9843750000000000000000000000000000000000
-60809671021037.2968750000000000000000000000000000000000
-267026385929761.1875000000000000000000000000000000000000
100795559816499.1406250000000000000000000000000000000000
98299095538731.3750000000000000000000000000000000000000
-767576158305144.7500000000000000000000000000000000000000
1017897621811452.1250000000000000000000000000000000000000
-520253309141431.9375000000000000000000000000000000000000
280939702997082.5312500000000000000000000000000000000000
-1374939498652381.7500000000000000000000000000000000000000
361642688680452.1875000000000000000000000000000000000000
245654190407128.0625000000000000000000000000000000000000
118948910824661.7812500000000000000000000000000000000000
-258900607152444.1562500000000000000000000000000000000000
331615707268581.8125000000000000000000000000000000000000
-636168755409033.0000000000000000000000000000000000000000
734105684290210.3750000000000000000000000000000000000000
625936679005304.2500000000000000000000000000000000000000
-979447576249523.6250000000000000000000000000000000000000
554811255243337.8750000000000000000000000000000000000000
65682775075481.1640625000000000000000000000000000000000
272708171017842.8750000000000000000000000000000000000000
112523456826855.5312500000000000000000000000000000000000
-4281641217781.8784179687500000000000000000000000000000
-93343232443919.9843750000000000000000000000000000000000
31457806791521.6562500000000000000000000000000000000000
-152301720769540.3437500000000000000000000000000000000000
-98096356200318.6562500000000000000000000000000000000000
132801944697112.4843750000000000000000000000000000000000
-956849494874321.2500000000000000000000000000000000000000
-841331173751052.6250000000000000000000000000000000000000
192227691673482.2187500000000000000000000000000000000000
-798802730868063.0000000000000000000000000000000000000000
631455928788601.5000000000000000000000000000000000000000
252303544532769.2187500000000000000000000000000000000000
-554726905789769.8750000000000000000000000000000000000000
-193340784524270.3437500000000000000000000000000000000000
397141058659557.6875000000000000000000000000000000000000
-110557506086357.4218750000000000000000000000000000000000
182145398809730.4687500000000000000000000000000000000000
794336101258734.8750000000000000000000000000000000000000
671230193978879.0000000000000000000000000000000000000000
56446456668029.6640625000000000000000000000000000000000
-1158101860460845.7500000000000000000000000000000000000000
-361173048373177.3125000000000000000000000000000000000000
-456179895796710.1250000000000000000000000000000000000000
-502541677047041.2500000000000000000000000000000000000000
748130121880204.1250000000000000000000000000000000000000
407743665175137.1875000000000000000000000000000000000000
890752517454746.2500000000000000000000000000000000000000
236251786210083.1875000000000000000000000000000000000000
-6003037469421.9013671875000000000000000000000000000000
133008265077285.9218750000000000000000000000000000000000
189634795226658.9062500000000000000000000000000000000000
-270458775834209.8437500000000000000000000000000000000000
397027633063342.0625000000000000000000000000000000000000
7442476405242.6552734375000000000000000000000000000000
502427894498358.2500000000000000000000000000000000000000
-78753680272395.6093750000000000000000000000000000000000
-191585493223015.8437500000000000000000000000000000000000
270180856001670.0000000000000000000000000000000000000000
567735853153373.2500000000000000000000000000000000000000
239684163713247.0000000000000000000000000000000000000000
-447711658067703.9375000000000000000000000000000000000000
-78744331514317.3593750000000000000000000000000000000000
-140405861109653.9687500000000000000000000000000000000000
-126014266031688.8125000000000000000000000000000000000000
-217539076693834.8437500000000000000000000000000000000000
881130685211922.5000000000000000000000000000000000000000
-414558996278019.7500000000000000000000000000000000000000
4687922514440.7656250000000000000000000000000000000000
-364937129379171.6250000000000000000000000000000000000000
481933014326432.7500000000000000000000000000000000000000
-795973915772175.6250000000000000000000000000000000000000
668359663728568.1250000000000000000000000000000000000000
-251475380850333.0312500000000000000000000000000000000000
128226085725019.6250000000000000000000000000000000000000
110141975187840.9687500000000000000000000000000000000000
1171499283165697.2500000000000000000000000000000000000000
-1288480121456582.0000000000000000000000000000000000000000
-531323168422626.3750000000000000000000000000000000000000
181354732070218.6250000000000000000000000000000000000000
-86510000575313.1562500000000000000000000000000000000000
254030894575564.5937500000000000000000000000000000000000
-247138415592565.4375000000000000000000000000000000000000
532081795321432.4375000000000000000000000000000000000000
362038730657986.1875000000000000000000000000000000000000
95910185931879.4375000000000000000000000000000000000000
-547292582445446.9375000000000000000000000000000000000000
-212484165949951.4687500000000000000000000000000000000000
31728051545448.4062500000000000000000000000000000000000
271629204681253.4062500000000000000000000000000000000000
-524306476434548.7500000000000000000000000000000000000000
-521686248951175.8125000000000000000000000000000000000000
328788161182377.7500000000000000000000000000000000000000
-298282799644580.2500000000000000000000000000000000000000
-332354636416745.9375000000000000000000000000000000000000
142653444809302.1875000000000000000000000000000000000000
-693687684708585.8750000000000000000000000000000000000000
136455673504790.3593750000000000000000000000000000000000
173511075590432.6562500000000000000000000000000000000000
-633456892715362.8750000000000000000000000000000000000000
230303310504620.0000000000000000000000000000000000000000
128775530132277.3593750000000000000000000000000000000000
17733899162375.7968750000000000000000000000000000000000
-250945686564620.5937500000000000000000000000000000000000
308581426003609.5625000000000000000000000000000000000000
458951814014849.6250000000000000000000000000000000000000
65028885125893.5468750000000000000000000000000000000000
265163412140210.3125000000000000000000000000000000000000
-1145891734092803.5000000000000000000000000000000000000000
-49113929160673.7968750000000000000000000000000000000000
354286333557134.2500000000000000000000000000000000000000
298361941391618.5625000000000000000000000000000000000000
532789033130965.8125000000000000000000000000000000000000
435719781838782.9375000000000000000000000000000000000000
428027710175965.3750000000000000000000000000000000000000
3710293446589.9008789062500000000000000000000000000000
-379093698506108.6875000000000000000000000000000000000000
-178345477448389.5312500000000000000000000000000000000000
10816714026859.4824218750000000000000000000000000000000
-39047205618968.9453125000000000000000000000000000000000
597816430748189.2500000000000000000000000000000000000000
156188742146171.5625000000000000000000000000000000000000
-610885310134814.1250000000000000000000000000000000000000
5853035529862.7460937500000000000000000000000000000000
33778314913858.7812500000000000000000000000000000000000
-381894001433797.0000000000000000000000000000000000000000
175648440270374.6562500000000000000000000000000000000000
-219843388968241.4375000000000000000000000000000000000000
105215307193219.9062500000000000000000000000000000000000
