0.2207390435700194442070198874716879799962
-19.0654048865051528593994589755311608314514
437.9024064246804641697963234037160873413086
-4338.1664638838883547578006982803344726562500
21675.6093191093423229176551103591918945312500
-55696.9238559953737421892583370208740234375000
62227.3747398491614148952066898345947265625000
1638.8622552222254853404592722654342651367188
-35210.4690484197126352228224277496337890625000
-33434.6599624843147466890513896942138671875000
41906.1629129685170482844114303588867187500000
-10820.2514875510223646415397524833679199218750
45369.3266851448497618548572063446044921875000
-4407.2189320624538595438934862613677978515625
56171.3583501173852710053324699401855468750000
-136893.8897790187620557844638824462890625000000
34710.2393154934834456071257591247558593750000
-46773.5939404949604067951440811157226562500000
2803.4506773962493753060698509216308593750000
-34920.7667661084196879528462886810302734375000
69069.1501280317897908389568328857421875000000
-16313.4956096777568745892494916915893554687500
287460.2233339620870538055896759033203125000000
-44549.1944829910353291779756546020507812500000
-95239.5115111643535783514380455017089843750000
-42020.9853513925554580055177211761474609375000
8304.0551309321781445760279893875122070312500
-204322.8966806918906513601541519165039062500000
-68200.4817627811426063999533653259277343750000
-141709.9463480882113799452781677246093750000000
101545.7367590456706238910555839538574218750000
67964.4818379154312424361705780029296875000000
412252.3971985361422412097454071044921875000000
-76516.8908430376322939991950988769531250000000
-21836.6324025466528837569057941436767578125000
36573.0028681920812232419848442077636718750000
-117472.6929573524394072592258453369140625000000
-90743.0729062123136827722191810607910156250000
37092.8743635385981178842484951019287109375000
40083.7746044974192045629024505615234375000000
-49521.1658804516046075150370597839355468750000
-41648.0222363545399275608360767364501953125000
60726.3986615575777250342071056365966796875000
34877.3397234160729567520320415496826171875000
110922.3795326795079745352268218994140625000000
-162290.2178441184514667838811874389648437500000
-34936.4382855777657823637127876281738281250000
33568.7924314507472445257008075714111328125000
-98701.1288731794629711657762527465820312500000
-76572.6979712993925204500555992126464843750000
8045.2745041802390915108844637870788574218750
-255936.8974628688010852783918380737304687500000
180969.8816703036718536168336868286132812500000
88882.2328978231525979936122894287109375000000
432423.6229643825790844857692718505859375000000
323090.3977061510668136179447174072265625000000
-190036.6063582988572306931018829345703125000000
-38633.3336895124084549024701118469238281250000
17214.3076938990525377448648214340209960937500
-125421.8664022246666718274354934692382812500000
-93056.5231919168581953272223472595214843750000
-109705.3687545277643948793411254882812500000000
-259032.6989372452662792056798934936523437500000
93815.3491279347654199227690696716308593750000
-356913.2094195481040515005588531494140625000000
-9398.2892955791703570866957306861877441406250
-120851.6448246877262135967612266540527343750000
136887.0608435429458040744066238403320312500000
264272.5826061509433202445507049560546875000000
76247.6620261638163356110453605651855468750000
-76425.9085768019140232354402542114257812500000
-275979.8397469011251814663410186767578125000000
110354.5365816669946070760488510131835937500000
-18465.2733155879868718329817056655883789062500
-42453.1749234564485959708690643310546875000000
-333876.7546878046123310923576354980468750000000
406960.8116257927613332867622375488281250000000
5677.9053159920276812044903635978698730468750
254276.5897601645265240222215652465820312500000
83768.5098367552272975444793701171875000000000
64339.3504749005514895543456077575683593750000
330100.9480567300342954695224761962890625000000
214610.7488659711962100118398666381835937500000
-13755.3116368300125031964853405952453613281250
203093.5640062309976201504468917846679687500000
311514.7894391244626604020595550537109375000000
54268.6224398580670822411775588989257812500000
-231482.1092457443592138588428497314453125000000
333000.3161659878678619861602783203125000000000
13750.4203060764702968299388885498046875000000
54844.0631920292580616660416126251220703125000
-109872.0455348356335889548063278198242187500000
-50022.9807903805049136281013488769531250000000
295436.3618371490738354623317718505859375000000
-64028.8262515755632193759083747863769531250000
123317.0823868056613719090819358825683593750000
-400797.1683125011040829122066497802734375000000
36857.1493721700608148239552974700927734375000
-138874.4565654193575028330087661743164062500000
773744.3121231519617140293121337890625000000000
-564755.6004948929185047745704650878906250000000
344476.5733233928913250565528869628906250000000
128766.3348854227515403181314468383789062500000
107423.0341362395265605300664901733398437500000
-249611.0100332417641766369342803955078125000000
-80069.2843840907007688656449317932128906250000
379144.3984680475550703704357147216796875000000
-449643.5889666470466181635856628417968750000000
-408662.9091216959641315042972564697265625000000
-94810.4336360198212787508964538574218750000000
211232.9408269365958403795957565307617187500000
-163659.7077036498812958598136901855468750000000
12244619.6830212995409965515136718750000000000000
-22241567.0092296339571475982666015625000000000000
-21975580.6260832063853740692138671875000000000000
-27111696.4012653082609176635742187500000000000000
25835611.8462756685912609100341796875000000000000
-6506660.7559006502851843833923339843750000000000
-432911.0945746204815804958343505859375000000000
12421781.8966934960335493087768554687500000000000
25250680.5377944149076938629150390625000000000000
1486535.5004314037505537271499633789062500000000
-26288029.7453459277749061584472656250000000000000
24876786.7291643694043159484863281250000000000000
65180007.8509187847375869750976562500000000000000
-57191974.1963159218430519104003906250000000000000
41105065.8667082339525222778320312500000000000000
-7293347.8914803024381399154663085937500000000000
31927147.7636809721589088439941406250000000000000
-48073075.2819458395242691040039062500000000000000
-23187345.1437602154910564422607421875000000000000
-21392289.6178058423101902008056640625000000000000
22712637.8869051672518253326416015625000000000000
2479936.7054854272864758968353271484375000000000
16860608.8694480210542678833007812500000000000000
-2715785.3970617149025201797485351562500000000000
-6163457.1324717821553349494934082031250000000000
15472742.5151038505136966705322265625000000000000
6844816.7508563203737139701843261718750000000000
-38930057.8791129142045974731445312500000000000000
-17343283.0051637813448905944824218750000000000000
28671569.6694905608892440795898437500000000000000
-740390.2412231292109936475753784179687500000000
12340755.8775698132812976837158203125000000000000
-9389182.8751055523753166198730468750000000000000
50282298.4615955129265785217285156250000000000000
50342332.2951682657003402709960937500000000000000
11475260.3028679862618446350097656250000000000000
-96241934.2904886305332183837890625000000000000000
-29657228.2727489471435546875000000000000000000000
-23546000.7175505198538303375244140625000000000000
23389384.0671840757131576538085937500000000000000
11451132.8497792035341262817382812500000000000000
-13555617.9080914631485939025878906250000000000000
15349175.4451545141637325286865234375000000000000
-14432475.3789152000099420547485351562500000000000
-113180488.9394159913063049316406250000000000000000
11678362.6304900906980037689208984375000000000000
-32697395.5779528059065341949462890625000000000000
26847767.7503795810043811798095703125000000000000
28775573.6166882403194904327392578125000000000000
-60476553.8793907836079597473144531250000000000000
73251768.8199684172868728637695312500000000000000
52653906.8151426836848258972167968750000000000000
-34856896.5281657651066780090332031250000000000000
-8752176.0786572266370058059692382812500000000000
-22086656.9044239707291126251220703125000000000000
29344602.0426617041230201721191406250000000000000
11006203.1191403977572917938232421875000000000000
33018934.2377050369977951049804687500000000000000
-14104522.5454532820731401443481445312500000000000
-10851975.7859864551573991775512695312500000000000
-6334818.4101582719013094902038574218750000000000
-21956880.1972422860562801361083984375000000000000
56064010.1356246247887611389160156250000000000000
-3966315.0722582098096609115600585937500000000000
39384111.2637550607323646545410156250000000000000
-1255605.3402827654499560594558715820312500000000
31808049.2466884180903434753417968750000000000000
35896709.5600201040506362915039062500000000000000
55668845.9377739429473876953125000000000000000000
-12875985.9530624616891145706176757812500000000000
-75362734.6248344779014587402343750000000000000000
-39905126.6757191792130470275878906250000000000000
-6090258.1139097362756729125976562500000000000000
30068817.3059025853872299194335937500000000000000
30236904.0905537456274032592773437500000000000000
-4090864.7804637826047837734222412109375000000000
-19068059.7838282249867916107177734375000000000000
41491704.8505085632205009460449218750000000000000
43332186.3974194601178169250488281250000000000000
-24551971.4086168557405471801757812500000000000000
-624521.5964558718260377645492553710937500000000
-8887404.1513552255928516387939453125000000000000
-21951001.2171755805611610412597656250000000000000
7105868.2923197718337178230285644531250000000000
-76202916.8623557984828948974609375000000000000000
56392563.7793826162815093994140625000000000000000
32179708.9375123307108879089355468750000000000000
38159036.1490274444222450256347656250000000000000
-61125851.5673747435212135314941406250000000000000
-25182243.9629068672657012939453125000000000000000
-42480392.9300138428807258605957031250000000000000
-48302309.8775346800684928894042968750000000000000
41451329.4266001954674720764160156250000000000000
-28844311.2316988781094551086425781250000000000000
-115549524.6326510161161422729492187500000000000000
-19383115.2646515518426895141601562500000000000000
-8102986.3923136405646800994873046875000000000000
49203768.3982821702957153320312500000000000000000
-35094068.2771823927760124206542968750000000000000
-29057010.9592048041522502899169921875000000000000
-11654112.5260148067027330398559570312500000000000
-15725296.6237100139260292053222656250000000000000
81553978.0306298285722732543945312500000000000000
63303537.4874719455838203430175781250000000000000
93215177.7336134165525436401367187500000000000000
18073434.2188147678971290588378906250000000000000
29719850.4833434037864208221435546875000000000000
-8287390.1824881695210933685302734375000000000000
-37525887.1473655700683593750000000000000000000000
60587380.9210971593856811523437500000000000000000
-46924531.7552034631371498107910156250000000000000
16657866.4842643570154905319213867187500000000000
5357971.7095079403370618820190429687500000000000
-17962923.2049937509000301361083984375000000000000
-19085003.0966519825160503387451171875000000000000
-14342438.3161243945360183715820312500000000000000
21509703.1963513717055320739746093750000000000000
16551661.6479447335004806518554687500000000000000
-24363123.6847108006477355957031250000000000000000
10133615.3390873968601226806640625000000000000000
-3071274.0792313735000789165496826171875000000000
-45772972.1628850027918815612792968750000000000000
-27624125.2203305140137672424316406250000000000000
-39183848.0413804352283477783203125000000000000000
-44346970.2015844583511352539062500000000000000000
34843813.9632276073098182678222656250000000000000
15581688.2638683374971151351928710937500000000000
37581406.9442219287157058715820312500000000000000
-7848392.7420716797932982444763183593750000000000
-14276457.5769587773829698562622070312500000000000
41745422.8996486887335777282714843750000000000000
30332888.4657785482704639434814453125000000000000
-77804314.2497742325067520141601562500000000000000
-43989529.5911419913172721862792968750000000000000
5830845.5496285585686564445495605468750000000000
66867995.1987743452191352844238281250000000000000
30920419.3021120913326740264892578125000000000000
-14625231.7827359624207019805908203125000000000000
12353908.4659808073192834854125976562500000000000
34669834.0272254869341850280761718750000000000000
-21762799.2834230139851570129394531250000000000000
-33932529.3324407637119293212890625000000000000000
36577332.9159728437662124633789062500000000000000
15470358.5149524826556444168090820312500000000000
22969297.9056957066059112548828125000000000000000
12172677.7310980577021837234497070312500000000000
52106833.8473286405205726623535156250000000000000
-59860939.1732132583856582641601562500000000000000
-36704658.8692595213651657104492187500000000000000
26017440.9981153793632984161376953125000000000000
-2442026.7593788909725844860076904296875000000000
-59058906.1107627749443054199218750000000000000000
70365477.9107452630996704101562500000000000000000
-101838850.1680497378110885620117187500000000000000
-59802684.8678469285368919372558593750000000000000
-44637557.8996569663286209106445312500000000000000
3434205.7620910052210092544555664062500000000000
85894449.2712555974721908569335937500000000000000
-89808853.9525710195302963256835937500000000000000
-10119575.7177485469728708267211914062500000000000
37441906.6406346410512924194335937500000000000000
16627844.0415248293429613113403320312500000000000
31995363.3391070514917373657226562500000000000000
15670077.9683148209005594253540039062500000000000
130226557.7962279766798019409179687500000000000000
-40213998.3651563376188278198242187500000000000000
31166406.3830987140536308288574218750000000000000
-8639481.7570361755788326263427734375000000000000
-76724378.1703513562679290771484375000000000000000
96236400.8100088089704513549804687500000000000000
-64563756.0749001950025558471679687500000000000000
78549162.7456713020801544189453125000000000000000
-72153652.8773456960916519165039062500000000000000
-26056734.0406940914690494537353515625000000000000
3472039.4758415594696998596191406250000000000000
-30955949.7338197529315948486328125000000000000000
51059275.3381847292184829711914062500000000000000
-3874991.8924587820656597614288330078125000000000
90627189.5193308293819427490234375000000000000000
67032874.5517428964376449584960937500000000000000
8326313.5318925436586141586303710937500000000000
34068386.4831555709242820739746093750000000000000
21319698.5286938697099685668945312500000000000000
-62287483.5405310168862342834472656250000000000000
40542262.7942740172147750854492187500000000000000
-6063193.8993969401344656944274902343750000000000
12699805.8629559520632028579711914062500000000000
-55280027.5567790344357490539550781250000000000000
-50788001.6929430961608886718750000000000000000000
-12334917.1019764970988035202026367187500000000000
-51456295.1390169039368629455566406250000000000000
-13928910.5342469327151775360107421875000000000000
-5753048.9888230348005890846252441406250000000000
19850573.3708101995289325714111328125000000000000
-59003092.9610454589128494262695312500000000000000
48823686.5122632831335067749023437500000000000000
36504351.9431974589824676513671875000000000000000
-6003132.9849765831604599952697753906250000000000
-24466878.4844678267836570739746093750000000000000
-34799408.2637567669153213500976562500000000000000
69089415.8716473579406738281250000000000000000000
-17630880.6259667351841926574707031250000000000000
-30769993.8460236005485057830810546875000000000000
-40816889.5155219584703445434570312500000000000000
-1124958.8991841161623597145080566406250000000000
-7159151.1250393884256482124328613281250000000000
62206226.8996328935027122497558593750000000000000
24338435.2950567416846752166748046875000000000000
-128793077.5583904534578323364257812500000000000000
-51833962.1809211671352386474609375000000000000000
124438528.3681409358978271484375000000000000000000
47774791.1805471479892730712890625000000000000000
-61538749.3752255216240882873535156250000000000000
-43857892.5920128077268600463867187500000000000000
33219281.2823423855006694793701171875000000000000
10267350.7515857927501201629638671875000000000000
13828216.1527322679758071899414062500000000000000
44874778.4604644477367401123046875000000000000000
27926325.9749895520508289337158203125000000000000
-17024754.7868165634572505950927734375000000000000
31095828.7757617048919200897216796875000000000000
16123938.8310527745634317398071289062500000000000
-42966045.1270271539688110351562500000000000000000
6753835.4890867043286561965942382812500000000000
45194746.8199978321790695190429687500000000000000
-96138597.3645286262035369873046875000000000000000
9424743.0259389430284500122070312500000000000000
-96939629.1889172494411468505859375000000000000000
2005733.8194939712993800640106201171875000000000
-8758858.5160210933536291122436523437500000000000
29183116.4287711493670940399169921875000000000000
-117442241.8750387579202651977539062500000000000000
53745883.4576080963015556335449218750000000000000
14162443.2870657369494438171386718750000000000000
-44474201.7448413446545600891113281250000000000000
46141132.0232765898108482360839843750000000000000
18398635.0017447136342525482177734375000000000000
79832592.6558553874492645263671875000000000000000
69570612.1467913836240768432617187500000000000000
-76427487.6802951991558074951171875000000000000000
485020.4428796353167854249477386474609375000000
-72456773.0122245997190475463867187500000000000000
-57872113.5580996274948120117187500000000000000000
-77999741.5214868932962417602539062500000000000000
17273190.9584444202482700347900390625000000000000
2413996.1253220229409635066986083984375000000000
6651911.5058346847072243690490722656250000000000
78865284.6425688117742538452148437500000000000000
-77196880.5970846861600875854492187500000000000000
7750304.7090365299955010414123535156250000000000
13665138.3464356381446123123168945312500000000000
-42057519.7997619807720184326171875000000000000000
1701855.7500101847108453512191772460937500000000
25193198.5553659684956073760986328125000000000000
6108651.6725638266652822494506835937500000000000
-4626581.6699450453743338584899902343750000000000
28504056.3080287091434001922607421875000000000000
-35657514.0225590020418167114257812500000000000000
27523053.1532662995159626007080078125000000000000
29385813.3817263096570968627929687500000000000000
13588945.5430721174925565719604492187500000000000
48960144.4302526488900184631347656250000000000000
21289392.7451928220689296722412109375000000000000
48344086.2790107205510139465332031250000000000000
61933780.0860611274838447570800781250000000000000
52376475.9225625917315483093261718750000000000000
39106245.0734702870249748229980468750000000000000
21899909.1903911083936691284179687500000000000000
-38183522.3347040638327598571777343750000000000000
10980394.5226409118622541427612304687500000000000
-56861200.5034594982862472534179687500000000000000
-113767793.3179631680250167846679687500000000000000
-24603667.8160774968564510345458984375000000000000
1452690.4133034441620111465454101562500000000000
48534755.8181900158524513244628906250000000000000
15437440.8543838784098625183105468750000000000000
-33628683.0838175192475318908691406250000000000000
-35158117.2726682648062705993652343750000000000000
45863575.7844980508089065551757812500000000000000
-41985310.6392741575837135314941406250000000000000
20563156.5582808256149291992187500000000000000000
16801215.9603058435022830963134765625000000000000
-18549763.8665977865457534790039062500000000000000
6094535.1672021383419632911682128906250000000000
-10524881.2938845232129096984863281250000000000000
45583698.3117484524846076965332031250000000000000
44387340.2952419668436050415039062500000000000000
-4836953.0667597753927111625671386718750000000000
-24454808.7734092734754085540771484375000000000000
45096980.3277110680937767028808593750000000000000
-32427086.9680301100015640258789062500000000000000
66204087.5617922917008399963378906250000000000000
-7708279.0087435729801654815673828125000000000000
-867316.5590744133805856108665466308593750000000
-37477751.0802219063043594360351562500000000000000
-1774084.8235292583703994750976562500000000000000
-28280361.5494258739054203033447265625000000000000
7244364.2835737103596329689025878906250000000000
15825495.1394885517656803131103515625000000000000
-12064907.1341697853058576583862304687500000000000
68167452.1610747426748275756835937500000000000000
-90369763.8360750079154968261718750000000000000000
-39490915.3832831159234046936035156250000000000000
8499153.9718443043529987335205078125000000000000
-50266432.7545255795121192932128906250000000000000
42074289.5779960453510284423828125000000000000000
-1137071.2436501183547079563140869140625000000000
15167412.8566809408366680145263671875000000000000
-98489661.4741594791412353515625000000000000000000
-49316002.3322361037135124206542968750000000000000
44670989.0998959839344024658203125000000000000000
35714149.7826467454433441162109375000000000000000
45133999.2528703138232231140136718750000000000000
1770319.0057307116221636533737182617187500000000
27940558.0437606796622276306152343750000000000000
-7632588.6440451508387923240661621093750000000000
9367284.6428106203675270080566406250000000000000
-1568684.6566261448897421360015869140625000000000
27553953.7301035448908805847167968750000000000000
15754253.4574662446975708007812500000000000000000
43925690.1854200139641761779785156250000000000000
84490794.4540792554616928100585937500000000000000
-3480901.7415157887153327465057373046875000000000
-66796034.0808497294783592224121093750000000000000
65634394.5983923003077507019042968750000000000000
-15349657.5949859339743852615356445312500000000000
33274711.5928713008761405944824218750000000000000
-61368762.8636710122227668762207031250000000000000
4348561.2335619293153285980224609375000000000000
-52337511.8116200640797615051269531250000000000000
29372593.6177077442407608032226562500000000000000
-83435591.0362218171358108520507812500000000000000
-34686069.6854751184582710266113281250000000000000
9467564.9887472670525312423706054687500000000000
49851114.1236698478460311889648437500000000000000
-4729874.1006175260990858078002929687500000000000
39117686.0324987918138504028320312500000000000000
-55190499.6731226518750190734863281250000000000000
90517648.8636027723550796508789062500000000000000
9130887.2464016042649745941162109375000000000000
-77844001.9013325423002243041992187500000000000000
21917478.2419438511133193969726562500000000000000
21676895.5307896137237548828125000000000000000000
-118611794.9448684751987457275390625000000000000000
13236606.1963251847773790359497070312500000000000
-7204339.1505083842203021049499511718750000000000
34773176.1022647172212600708007812500000000000000
-48910783.4906689450144767761230468750000000000000
15256605.4997139833867549896240234375000000000000
-1139109.8625399575103074312210083007812500000000
46558784.6350274235010147094726562500000000000000
-97523606.1820608228445053100585937500000000000000
6898367.1646240791305899620056152343750000000000
117835250.5027445256710052490234375000000000000000
69405480.0653577893972396850585937500000000000000
19168670.3087024763226509094238281250000000000000
-49281067.8757321909070014953613281250000000000000
-13976052.9337244965136051177978515625000000000000
-69882495.8180116862058639526367187500000000000000
-2997468.4198098722845315933227539062500000000000
38844874.6386095434427261352539062500000000000000
-16801692.9239290505647659301757812500000000000000
41605068.3706907927989959716796875000000000000000
-21671197.4257035478949546813964843750000000000000
-17950228.1143423318862915039062500000000000000000
-21122872.8371400348842144012451171875000000000000
-17293736.4668457359075546264648437500000000000000
-51752476.2716079130768775939941406250000000000000
551644.1014220733195543289184570312500000000000
-84423785.1590244472026824951171875000000000000000
13840011.9617331307381391525268554687500000000000
-17220035.1565113328397274017333984375000000000000
31071499.8987623155117034912109375000000000000000
67109390.4489643275737762451171875000000000000000
4513089.4796760445460677146911621093750000000000
-66636107.5541193485260009765625000000000000000000
-10455251.1347707826644182205200195312500000000000
-2901343.8018808183260262012481689453125000000000
34202836.8687269985675811767578125000000000000000
15633127.4662624746561050415039062500000000000000
-5646927.0947089763358235359191894531250000000000
-48069050.7250575646758079528808593750000000000000
36393665.1086198911070823669433593750000000000000
22071256.4998021721839904785156250000000000000000
73429976.8946016430854797363281250000000000000000
-10060227.5754364598542451858520507812500000000000
-7414303.8144576177000999450683593750000000000000
-8951502.5324080400168895721435546875000000000000
7022332.3392112907022237777709960937500000000000
-92772923.0354487150907516479492187500000000000000
67143293.0237161219120025634765625000000000000000
36708089.2131718844175338745117187500000000000000
8225398.2728254105895757675170898437500000000000
14299823.1031221747398376464843750000000000000000
8233414.9469047999009490013122558593750000000000
398571.2586392025114037096500396728515625000000
-30643829.8681358508765697479248046875000000000000
11744555.4207022823393344879150390625000000000000
54248333.2953557297587394714355468750000000000000
-68836665.0488470643758773803710937500000000000000
39628491.1740175783634185791015625000000000000000
16139323.0101516358554363250732421875000000000000
-20113155.6329488232731819152832031250000000000000
17231686.9839270450174808502197265625000000000000
-9659843.5135882608592510223388671875000000000000
-4106422.1830874378792941570281982421875000000000
6342482.6784227900207042694091796875000000000000
58716775.4011489897966384887695312500000000000000
-37437673.1939022541046142578125000000000000000000
-77878161.7338938117027282714843750000000000000000
24143286.2669325582683086395263671875000000000000
9020355.6840791590511798858642578125000000000000
19761498.0928425788879394531250000000000000000000
11660506.8770301975309848785400390625000000000000
50132690.0813475996255874633789062500000000000000
43635004.8091765418648719787597656250000000000000
-31231028.1587411761283874511718750000000000000000
-20772342.3518362492322921752929687500000000000000
-50547354.5691247731447219848632812500000000000000
-43297998.5376261845231056213378906250000000000000
-30236686.0099075883626937866210937500000000000000
-33890142.4895676895976066589355468750000000000000
6884038.3700452493503689765930175781250000000000
-16072418.1966439746320247650146484375000000000000
-785342.2449230629717931151390075683593750000000
26646911.2296574041247367858886718750000000000000
-6516105.3339719772338867187500000000000000000000
-64091425.2150102555751800537109375000000000000000
-23708209.9628609158098697662353515625000000000000
-26029591.2978620901703834533691406250000000000000
-5078769.7482071816921234130859375000000000000000
62777066.7017719149589538574218750000000000000000
16401516.6725492496043443679809570312500000000000
9623790.2120585106313228607177734375000000000000
19755432.5627546124160289764404296875000000000000
18499102.0881141684949398040771484375000000000000
-7688700.8104075314477086067199707031250000000000
-2990149.5636081537231802940368652343750000000000
1950069.2904551620595157146453857421875000000000
-44755290.0248002111911773681640625000000000000000
33282942.0496652573347091674804687500000000000000
-764195.0211486404296010732650756835937500000000
-6344373.9086787244305014610290527343750000000000
28509892.2121947109699249267578125000000000000000
-8042081.4119236227124929428100585937500000000000
-10483926.1977338511496782302856445312500000000000
-28632075.9947390481829643249511718750000000000000
-26171377.8958537131547927856445312500000000000000
-24783307.7642005942761898040771484375000000000000
-10401820.1336900070309638977050781250000000000000
54080834.4750019535422325134277343750000000000000
12170538.7814318891614675521850585937500000000000
34351607.0157755538821220397949218750000000000000
-8206953.9166582077741622924804687500000000000000
38892828.3551901653409004211425781250000000000000
37841219.1040575727820396423339843750000000000000
24058099.8578999638557434082031250000000000000000
-11904621.9301803372800350189208984375000000000000
10833948.4288793299347162246704101562500000000000
10189869.5696265790611505508422851562500000000000
-11213059.1381260193884372711181640625000000000000
18301864.8592975810170173645019531250000000000000
-9407407.1055975928902626037597656250000000000000
-27280356.1006963998079299926757812500000000000000
-28431825.1719156503677368164062500000000000000000
19728472.3038909323513507843017578125000000000000
24816883.8117397278547286987304687500000000000000
-23251776.5358834154903888702392578125000000000000
508457.0371232142206281423568725585937500000000
-15421764.9387120157480239868164062500000000000000
-24492894.7335716187953948974609375000000000000000
-14800448.8066465519368648529052734375000000000000
-53408568.2872641310095787048339843750000000000000
-4797565.1542745679616928100585937500000000000000
-55315156.2608804330229759216308593750000000000000
-7330870.8948956383392214775085449218750000000000
12483283.0558817386627197265625000000000000000000
-20984272.9523571841418743133544921875000000000000
-19428582.5883618965744972229003906250000000000000
-13393774.8476367294788360595703125000000000000000
38377004.9315818920731544494628906250000000000000
34976105.7975028306245803833007812500000000000000
-48748123.6829509213566780090332031250000000000000
31571048.8863248974084854125976562500000000000000
-22910547.7510734014213085174560546875000000000000
-62353016.9286798015236854553222656250000000000000
17053038.1573077216744422912597656250000000000000
17515790.2183805108070373535156250000000000000000
42821536.1658927425742149353027343750000000000000
25457685.8896074704825878143310546875000000000000
80173460.9811115562915802001953125000000000000000
-3354974.3303624405525624752044677734375000000000
28323932.1846968159079551696777343750000000000000
28036690.1654060706496238708496093750000000000000
9617852.7382980529218912124633789062500000000000
854742.4116488108411431312561035156250000000000
-4924173.9237239426001906394958496093750000000000
27434694.4438527897000312805175781250000000000000
-5472741.5547867426648736000061035156250000000000
4021885.3301994879730045795440673828125000000000
-22782658.6176708862185478210449218750000000000000
-268590.6708929569576866924762725830078125000000
23141788.8567177839577198028564453125000000000000
14877892.4771071672439575195312500000000000000000
10079790.1011361982673406600952148437500000000000
-49147768.7359218671917915344238281250000000000000
2936370.5982629139907658100128173828125000000000
31189578.9188007861375808715820312500000000000000
15698893.7067650873214006423950195312500000000000
29426737.0146857686340808868408203125000000000000
12208798.0091324578970670700073242187500000000000
8280863.0328211169689893722534179687500000000000
-18017355.8859388343989849090576171875000000000000
24548738.6592678576707839965820312500000000000000
-9229041.2781373802572488784790039062500000000000
-7975703.8121888460591435432434082031250000000000
25885852.7661534845829010009765625000000000000000
15674223.7400673013180494308471679687500000000000
-27433820.6502795368432998657226562500000000000000
19992151.3828935325145721435546875000000000000000
-24912291.8629329726099967956542968750000000000000
-29256962.1815778948366641998291015625000000000000
8580145.3804590348154306411743164062500000000000
-22185601.3974249660968780517578125000000000000000
-13999940.8031318467110395431518554687500000000000
41032771.6607735380530357360839843750000000000000
22435285.1064276322722434997558593750000000000000
4394955.5726131554692983627319335937500000000000
-42597415.8785705044865608215332031250000000000000
-15642767.2730478029698133468627929687500000000000
6094432.9385408228263258934020996093750000000000
58940300.1978446096181869506835937500000000000000
47089594.3868235945701599121093750000000000000000
27393054.9502582550048828125000000000000000000000
13020799.5189625490456819534301757812500000000000
-4114602.0029464755207300186157226562500000000000
-19494905.6160787753760814666748046875000000000000
9684745.9194381181150674819946289062500000000000
831408.0851694324519485235214233398437500000000
-20140820.6491174921393394470214843750000000000000
-96108230.7943384051322937011718750000000000000000
-39522243.6312977597117424011230468750000000000000
23474143.6320398747920989990234375000000000000000
-17505955.5693039298057556152343750000000000000000
-23106110.1675545983016490936279296875000000000000
20459590.0361699983477592468261718750000000000000
-17269194.3694269582629203796386718750000000000000
13353678.5087797995656728744506835937500000000000
-12331478.4228304382413625717163085937500000000000
22035594.5730656832456588745117187500000000000000
7090255.1288959775120019912719726562500000000000
33994131.9874568209052085876464843750000000000000
-15751627.7317355368286371231079101562500000000000
2362959.0620311540551483631134033203125000000000
15124628.5252116546034812927246093750000000000000
-7250290.5547894518822431564331054687500000000000
24529974.2626701742410659790039062500000000000000
-30534707.4992063716053962707519531250000000000000
-27720599.1242656297981739044189453125000000000000
-3727752.9463899536058306694030761718750000000000
-37876004.7944912314414978027343750000000000000000
17900800.2839912734925746917724609375000000000000
4315359.5893942276015877723693847656250000000000
23837916.3720331080257892608642578125000000000000
-9395147.4258710406720638275146484375000000000000
-2068812.7779801161959767341613769531250000000000
-12664098.8632752504199743270874023437500000000000
-7541537.0304565746337175369262695312500000000000
-21248951.8403593525290489196777343750000000000000
25378997.4749237112700939178466796875000000000000
-3361684.0659241257235407829284667968750000000000
-22724086.4089937545359134674072265625000000000000
8091563.2097693886607885360717773437500000000000
-3200571.9362656301818788051605224609375000000000
-20793745.5029615312814712524414062500000000000000
6690144.4754710327833890914916992187500000000000
13042310.1317127831280231475830078125000000000000
31164445.7597727216780185699462890625000000000000
7227092.4868443226441740989685058593750000000000
30115754.2045131288468837738037109375000000000000
-4157684.7587102949619293212890625000000000000000
-60921408.8009870201349258422851562500000000000000
-5498649.1679356815293431282043457031250000000000
7282536.1189682688564062118530273437500000000000
20161656.6327014453709125518798828125000000000000
-36558701.7936692163348197937011718750000000000000
35408514.7160999476909637451171875000000000000000
-12306403.7774222604930400848388671875000000000000
-30548173.2684469074010848999023437500000000000000
12978453.9679917655885219573974609375000000000000
29194251.2403082773089408874511718750000000000000
-149354.9093988305830862373113632202148437500000
-34804392.1896006241440773010253906250000000000000
21022631.6731124036014080047607421875000000000000
-3682388.0012037195265293121337890625000000000000
-2783942.8811538978479802608489990234375000000000
-4994388.2339467722922563552856445312500000000000
-21502098.0943179242312908172607421875000000000000
-16476325.8335701990872621536254882812500000000000
-27213986.3004942983388900756835937500000000000000
25496176.6974971182644367218017578125000000000000
3712265.7803384196013212203979492187500000000000
491850.1457750697736628353595733642578125000000
3770099.2567460071295499801635742187500000000000
-4670205.1711406791582703590393066406250000000000
1865198.9603329547680914402008056640625000000000
-34302580.7257377654314041137695312500000000000000
57301394.2636584341526031494140625000000000000000
4563622.1223612735047936439514160156250000000000
-12893905.2973555158823728561401367187500000000000
-9434049.4178206324577331542968750000000000000000
12136158.5846064481884241104125976562500000000000
32262893.9350695721805095672607421875000000000000
-23193059.6952083036303520202636718750000000000000
37713857.7200214490294456481933593750000000000000
-16245137.9875513333827257156372070312500000000000
-712267.5629135870840400457382202148437500000000
2877806.8370323865674436092376708984375000000000
4367329.7175322985276579856872558593750000000000
19682650.3568517640233039855957031250000000000000
-464073.7516924585215747356414794921875000000000
-31942154.3703105561435222625732421875000000000000
-7223315.2243534857407212257385253906250000000000
-6289407.8925315607339143753051757812500000000000
-18251339.6626017130911350250244140625000000000000
37098747.4696887731552124023437500000000000000000
-27248971.1304730884730815887451171875000000000000
-10803292.4411051068454980850219726562500000000000
-35599110.2730368822813034057617187500000000000000
-37606608.1558570787310600280761718750000000000000
21836063.0180562511086463928222656250000000000000
15967834.8449872974306344985961914062500000000000
-23962823.5981160737574100494384765625000000000000
-35308011.1920138671994209289550781250000000000000
11592873.3915137983858585357666015625000000000000
-35988726.4961261525750160217285156250000000000000
10623639.1973591614514589309692382812500000000000
32116430.0053358487784862518310546875000000000000
30958862.0564857907593250274658203125000000000000
4954311.3781830091029405593872070312500000000000
-1793406.8525712366681545972824096679687500000000
9781807.2782784141600131988525390625000000000000
-27763412.0187985748052597045898437500000000000000
-15058152.0351481419056653976440429687500000000000
-6684903.4531586505472660064697265625000000000000
-1532481.8561082456726580858230590820312500000000
-15370792.6838593464344739913940429687500000000000
-29757043.3631714060902595520019531250000000000000
-19140455.2895937524735927581787109375000000000000
1514624.1412937494460493326187133789062500000000
19088824.2520748786628246307373046875000000000000
-13326573.3685005754232406616210937500000000000000
-14797929.0879462175071239471435546875000000000000
17494045.7391878440976142883300781250000000000000
3697047.1824464327655732631683349609375000000000
11325369.9139047041535377502441406250000000000000
-11280195.8022816870361566543579101562500000000000
-18845655.1310898326337337493896484375000000000000
-6005222.1156061301007866859436035156250000000000
-260746.6287542584759648889303207397460937500000
-1574408.3083506277762353420257568359375000000000
4850595.1866003284230828285217285156250000000000
-13614915.8100883364677429199218750000000000000000
-4593586.3339874651283025741577148437500000000000
-5487742.9088844098150730133056640625000000000000
7802431.8889600159600377082824707031250000000000
29155784.3853439353406429290771484375000000000000
32471889.3735714070498943328857421875000000000000
9784837.6283886320888996124267578125000000000000
-229489.0533904460025951266288757324218750000000
-10555799.6125519927591085433959960937500000000000
20082241.9271631948649883270263671875000000000000
-21068236.2788750417530536651611328125000000000000
5546902.7894491581246256828308105468750000000000
-21183250.8579698242247104644775390625000000000000
-4687659.6641082717105746269226074218750000000000
13832119.1672110836952924728393554687500000000000
-12215614.8133957348763942718505859375000000000000
14596121.2569980565458536148071289062500000000000
10995411.5160867664963006973266601562500000000000
12290137.0858750268816947937011718750000000000000
20107094.0089613012969493865966796875000000000000
7856524.3461216371506452560424804687500000000000
15981746.5468319933861494064331054687500000000000
10475049.7578277382999658584594726562500000000000
4023803.9154992676340043544769287109375000000000
11644917.5576137155294418334960937500000000000000
5234794.1192871853709220886230468750000000000000
-19007379.0058007426559925079345703125000000000000
5853185.0800941111519932746887207031250000000000
13633805.5481973756104707717895507812500000000000
13960278.8730913680046796798706054687500000000000
11668421.2867587674409151077270507812500000000000
-6922884.9469944173470139503479003906250000000000
20256025.7369822114706039428710937500000000000000
7914893.3680076720193028450012207031250000000000
15864893.9004951007664203643798828125000000000000
9203534.9265792276710271835327148437500000000000
-2999102.1259893127717077732086181640625000000000
14458273.7931616585701704025268554687500000000000
7101831.2810416715219616889953613281250000000000
-5002375.0455119460821151733398437500000000000000
-1075918.8637789709027856588363647460937500000000
-1536520.2342747319489717483520507812500000000000
-9679615.0331633817404508590698242187500000000000
14072167.9221558235585689544677734375000000000000
-16175476.0187335200607776641845703125000000000000
12024545.5881260596215724945068359375000000000000
23969399.8286889381706714630126953125000000000000
5192422.8686792925000190734863281250000000000000
2612328.1737802014686167240142822265625000000000
-2043983.7062320071272552013397216796875000000000
-4741755.5291172172874212265014648437500000000000
1220711.5883610935416072607040405273437500000000
-15677055.9208572003990411758422851562500000000000
36483508.9056346490979194641113281250000000000000
-7560047.4510985435917973518371582031250000000000
9095480.1466647926717996597290039062500000000000
3651454.6280265050008893013000488281250000000000
-9251301.6656531188637018203735351562500000000000
-173969.8061904161295387893915176391601562500000
-30471996.6798281483352184295654296875000000000000
15037313.6001489590853452682495117187500000000000
22930185.9030436575412750244140625000000000000000
28352295.5403396934270858764648437500000000000000
4178694.6217289958149194717407226562500000000000
-31641772.5364771559834480285644531250000000000000
-5964365.9643230922520160675048828125000000000000
-558133.1966901734704151749610900878906250000000
9677285.5530598312616348266601562500000000000000
-4540219.4794573541730642318725585937500000000000
-8530464.1377511825412511825561523437500000000000
5685396.9767641602084040641784667968750000000000
-4004907.7169973729178309440612792968750000000000
19914032.5995019115507602691650390625000000000000
4072558.8684610668569803237915039062500000000000
-35895083.8871458098292350769042968750000000000000
14900697.8563993722200393676757812500000000000000
8833617.7316720616072416305541992187500000000000
2506348.8746628244407474994659423828125000000000
7218425.9330166522413492202758789062500000000000
6042090.1498842807486653327941894531250000000000
-25295316.5864148028194904327392578125000000000000
-8953969.2110319044440984725952148437500000000000
5064019.9773582015186548233032226562500000000000
21441457.1947867721319198608398437500000000000000
-6497362.6026516109704971313476562500000000000000
-15899608.8155977092683315277099609375000000000000
-2532876.0977520174346864223480224609375000000000
-4925018.7731005018576979637145996093750000000000
3925141.2108967276290059089660644531250000000000
5791470.0613941550254821777343750000000000000000
4552295.0033600321039557456970214843750000000000
-1465465.6007766434922814369201660156250000000000
-6592416.5095683317631483078002929687500000000000
2291857.3314391179010272026062011718750000000000
10822775.6742904912680387496948242187500000000000
-12062112.6479625683277845382690429687500000000000
-1995786.6354823862202465534210205078125000000000
8471209.6549516171216964721679687500000000000000
-11853814.4029487278312444686889648437500000000000
-20827350.7128609344363212585449218750000000000000
-2885898.6581131084822118282318115234375000000000
-3391913.1048524347133934497833251953125000000000
-8611198.7721086163073778152465820312500000000000
6290133.3194382973015308380126953125000000000000
-2412477.6628626463934779167175292968750000000000
-17034117.7651408128440380096435546875000000000000
20181281.5618233345448970794677734375000000000000
4305593.4397506574168801307678222656250000000000
-30769095.4097388088703155517578125000000000000000
32499067.2181842848658561706542968750000000000000
-5877757.8118623448535799980163574218750000000000
-31648421.5563237331807613372802734375000000000000
-8133828.0935025885701179504394531250000000000000
5338938.0030806539580225944519042968750000000000
-10089676.2101255916059017181396484375000000000000
-4978630.3589227283373475074768066406250000000000
-10029284.2007428985089063644409179687500000000000
-6801022.5359883122146129608154296875000000000000
-7085924.1032081097364425659179687500000000000000
7148416.1641564359888434410095214843750000000000
7673775.3611292168498039245605468750000000000000
-15944518.0825698729604482650756835937500000000000
7717600.5531105687841773033142089843750000000000
5683140.0474227340891957283020019531250000000000
3698857.0322516872547566890716552734375000000000
7904463.7954640388488769531250000000000000000000
-21188224.6553402282297611236572265625000000000000
-13279137.4991729687899351119995117187500000000000
10146106.3025600984692573547363281250000000000000
11391589.9388334061950445175170898437500000000000
14560435.7365311216562986373901367187500000000000
-756737.7325321662938222289085388183593750000000
-8189795.9439230933785438537597656250000000000000
-845099.3511333590140566229820251464843750000000
1583575.8897728468291461467742919921875000000000
6238222.7372829820960760116577148437500000000000
-2424821.6966440128162503242492675781250000000000
-3158299.7865074994042515754699707031250000000000
-15562264.1934023033827543258666992187500000000000
-3711053.4726697918958961963653564453125000000000
-2239784.8175658285617828369140625000000000000000
-3040951.8441532650031149387359619140625000000000
-16106342.8774669338017702102661132812500000000000
1759533.5314839559141546487808227539062500000000
-14384644.5793427750468254089355468750000000000000
12981136.0534770078957080841064453125000000000000
5842385.3053832277655601501464843750000000000000
33255851.6144732199609279632568359375000000000000
-1974709.8785068085417151451110839843750000000000
-1887410.8871054698247462511062622070312500000000
-1255959.0543654120992869138717651367187500000000
5133721.5456161387264728546142578125000000000000
4224064.0608347142115235328674316406250000000000
-3837666.9106747042387723922729492187500000000000
-5301955.7575928643345832824707031250000000000000
7912234.3153172861784696578979492187500000000000
-29165200.2723833769559860229492187500000000000000
-3179966.9676457690075039863586425781250000000000
22336143.5461561530828475952148437500000000000000
14733792.4620413873344659805297851562500000000000
-8062688.1427383488044142723083496093750000000000
-15279876.8900046478956937789916992187500000000000
13286833.1640407592058181762695312500000000000000
14855103.1866696532815694808959960937500000000000
1301881.1574857935775071382522583007812500000000
-18207167.2177858129143714904785156250000000000000
8083563.1189257428050041198730468750000000000000
14925153.2191581577062606811523437500000000000000
-2242755.3795043122954666614532470703125000000000
-3326965.4987860647961497306823730468750000000000
2905169.2673632358200848102569580078125000000000
8408938.2434895057231187820434570312500000000000
3343222.3012279300019145011901855468750000000000
-16143171.5839640516787767410278320312500000000000
-7298902.3002905854955315589904785156250000000000
-11333058.5583484843373298645019531250000000000000
-1322785.9970938609912991523742675781250000000000
-5502125.6487744133919477462768554687500000000000
-4969348.6821949584409594535827636718750000000000
3264.9184442286782541486900299787521362304688
-13312635.9372618589550256729125976562500000000000
-17577230.8579202257096767425537109375000000000000
3232730.8124974090605974197387695312500000000000
2586767.4649228798225522041320800781250000000000
-3414242.6880908031016588211059570312500000000000
-7492559.4542195890098810195922851562500000000000
15453254.9501990061253309249877929687500000000000
-7758904.2283493001013994216918945312500000000000
-7106643.7916424032300710678100585937500000000000
-12632562.1775251682847738265991210937500000000000
4819233.9881888609379529953002929687500000000000
4308697.3970059351995587348937988281250000000000
8219071.5663139577955007553100585937500000000000
204299.3191339752520434558391571044921875000000
3034516.0607761554419994354248046875000000000000
-21817469.4054969921708106994628906250000000000000
-4997115.2361829476431012153625488281250000000000
1796535.7485049162060022354125976562500000000000
-4875307.8767399461939930915832519531250000000000
-4883564.9908348107710480690002441406250000000000
-14238499.7673644181340932846069335937500000000000
-5908630.6971001969650387763977050781250000000000
-18245024.9479507096111774444580078125000000000000
10952013.6854344196617603302001953125000000000000
-505952.6156926974654197692871093750000000000000
-7788375.9450535243377089500427246093750000000000
11181671.9919752292335033416748046875000000000000
18821722.5728726610541343688964843750000000000000
1052339.4646342720370739698410034179687500000000
22175694.2873167209327220916748046875000000000000
10563595.7634127978235483169555664062500000000000
15566044.0790540184825658798217773437500000000000
13680599.4647074434906244277954101562500000000000
-7099744.4882956342771649360656738281250000000000
-9797285.1434461940079927444458007812500000000000
4080002.1819392619654536247253417968750000000000
2685476.7497120350599288940429687500000000000000
-972789.3892069142311811447143554687500000000000
11955156.0065323598682880401611328125000000000000
3925065.2883793613873422145843505859375000000000
7345570.4052855456247925758361816406250000000000
-652404.5804666650947183370590209960937500000000
-6109978.4016460347920656204223632812500000000000
16979750.8860322535037994384765625000000000000000
7375266.9488438274711370468139648437500000000000
-3896390.8240682324394583702087402343750000000000
-6722669.7149920305237174034118652343750000000000
-14195057.3194773159921169281005859375000000000000
6559872.5414440948516130447387695312500000000000
-5248076.0567724891006946563720703125000000000000
6124221.4891949528828263282775878906250000000000
-3895439.7572530549950897693634033203125000000000
6103113.3768332125619053840637207031250000000000
-4586133.6067020744085311889648437500000000000000
-15653201.9097752422094345092773437500000000000000
6841254.5807930761948227882385253906250000000000
-6594614.1126635642722249031066894531250000000000
1658060.2235325633082538843154907226562500000000
2585481.4745038105174899101257324218750000000000
-4961199.6661941297352313995361328125000000000000
-5972860.7920601135119795799255371093750000000000
-2358014.5048113982193171977996826171875000000000
-6271000.4403298879042267799377441406250000000000
-4228375.1347179282456636428833007812500000000000
-179420.6315828415681608021259307861328125000000
-6161733.7420030599460005760192871093750000000000
2092868.1257005585357546806335449218750000000000
-5625022.1674905139952898025512695312500000000000
6116217.0298616029322147369384765625000000000000
6352468.1721810204908251762390136718750000000000
3957732.9023727211169898509979248046875000000000
-3078812.4593617119826376438140869140625000000000
1510116.9892892062198370695114135742187500000000
-7273676.6578340055420994758605957031250000000000
15111157.5409663673490285873413085937500000000000
3400934.7676764018833637237548828125000000000000
-7841303.5818116851150989532470703125000000000000
-10693312.1585086975246667861938476562500000000000
5613410.6163008240982890129089355468750000000000
-1116973.7330341227352619171142578125000000000000
12278120.0489467177540063858032226562500000000000
5987535.2740100603550672531127929687500000000000
280837.3489491881337016820907592773437500000000
3130077.1377431275323033332824707031250000000000
-7540073.5251827910542488098144531250000000000000
8018111.6128040133044123649597167968750000000000
-286407.0182665253523737192153930664062500000000
-17859058.4669320583343505859375000000000000000000
15896096.9737640693783760070800781250000000000000
6782663.1786439800634980201721191406250000000000
5168592.6359883928671479225158691406250000000000
4418858.5574801508337259292602539062500000000000
-4150854.4864900284446775913238525390625000000000
-3888085.1428072405979037284851074218750000000000
2474414.7090078084729611873626708984375000000000
-3489991.0284711830317974090576171875000000000000
4915822.0682978797703981399536132812500000000000
330436.6348270261078141629695892333984375000000
21597306.2430560775101184844970703125000000000000
-1025989.3729449044913053512573242187500000000000
1682930.6518392933066934347152709960937500000000
3766141.4680258254520595073699951171875000000000
1604314.0093296777922660112380981445312500000000
969492.9700072533451020717620849609375000000000
-4769643.6787646664306521415710449218750000000000
6860184.2998200999572873115539550781250000000000
424461.2872512093163095414638519287109375000000
-4541523.2017872314900159835815429687500000000000
4534683.1524757202714681625366210937500000000000
-5969406.8688099896535277366638183593750000000000
10918372.0787943452596664428710937500000000000000
2875520.6557505279779434204101562500000000000000
3997130.8589839576743543148040771484375000000000
-1705825.7052564942277967929840087890625000000000
3270795.8910401365719735622406005859375000000000
4220174.9497104240581393241882324218750000000000
-5268779.1822659559547901153564453125000000000000
-997822.7120885702315717935562133789062500000000
-2122494.2577600316144526004791259765625000000000
-4995118.0907555054873228073120117187500000000000
3473359.6542594060301780700683593750000000000000
866165.6290598545456305146217346191406250000000
8038266.7034300239756703376770019531250000000000
-2144173.9420724236406385898590087890625000000000
-909186.8697127958294004201889038085937500000000
5333647.2134690703824162483215332031250000000000
8226733.2245596898719668388366699218750000000000
46647.6593146986269857734441757202148437500000
-1722162.9913339782506227493286132812500000000000
-1458765.7778282721992582082748413085937500000000
16450945.6844524815678596496582031250000000000000
601686.8376749410526826977729797363281250000000
2021964.4575130464509129524230957031250000000000
-7943096.8144062254577875137329101562500000000000
-2919419.2749571260064840316772460937500000000000
126605.1750625930289970710873603820800781250000
-13114597.1385079342871904373168945312500000000000
5100702.6421059202402830123901367187500000000000
3446506.2638289066962897777557373046875000000000
-2836757.9663919401355087757110595703125000000000
4935627.4833634877577424049377441406250000000000
7694797.2513789087533950805664062500000000000000
6145550.0205594366416335105895996093750000000000
1661320.8965034175198525190353393554687500000000
3936012.7146702138707041740417480468750000000000
6934830.3259758362546563148498535156250000000000
-2346195.8650913010351359844207763671875000000000
-8747028.8334201220422983169555664062500000000000
-769568.1665689995279535651206970214843750000000
6629428.8272283645346760749816894531250000000000
-1132972.5523091244976967573165893554687500000000
4367398.3774438053369522094726562500000000000000
230240.3677329736528918147087097167968750000000
11208098.3882894776761531829833984375000000000000
-2447638.3601076877675950527191162109375000000000
-6427025.6294928826391696929931640625000000000000
-2488452.2319675381295382976531982421875000000000
-7790369.6076928824186325073242187500000000000000
-39243.1713564319579745642840862274169921875000
-6888921.6705810977146029472351074218750000000000
-4270781.4848178531974554061889648437500000000000
-2548597.5249243085272610187530517578125000000000
5794315.5849211039021611213684082031250000000000
1432993.9537089937366545200347900390625000000000
-6366863.7516059903427958488464355468750000000000
540943.9317204999970272183418273925781250000000
2861332.2679933831095695495605468750000000000000
-13130204.1165946815162897109985351562500000000000
-788375.5711633511818945407867431640625000000000
8767505.6634978614747524261474609375000000000000
-3760031.1592285912483930587768554687500000000000
-8450473.4568631965667009353637695312500000000000
4799297.9098584884777665138244628906250000000000
118240.3301829817355610430240631103515625000000
11934547.0765643697232007980346679687500000000000
-11101476.2192472256720066070556640625000000000000
1719662.2797312785405665636062622070312500000000
-9527610.8579016886651515960693359375000000000000
3716081.8052488528192043304443359375000000000000
2853399.4373440160416066646575927734375000000000
8379852.3092650184407830238342285156250000000000
-3793763.5611444655805826187133789062500000000000
-13885506.7252478338778018951416015625000000000000
-4380467.6224937597289681434631347656250000000000
-10525472.7719298433512449264526367187500000000000
-4333292.1392823988571763038635253906250000000000
-9841556.9105481486767530441284179687500000000000
-3039299.6981449504382908344268798828125000000000
4045157.4149685837328433990478515625000000000000
1834476.2915458674542605876922607421875000000000
5895438.9191717524081468582153320312500000000000
125801.0821139988111099228262901306152343750000
-1495707.3033782280981540679931640625000000000000
-3337862.1542128371074795722961425781250000000000
-9731782.6223859600722789764404296875000000000000
-674539.3835877167293801903724670410156250000000
510304.7015133219538256525993347167968750000000
-3001962.1203333619050681591033935546875000000000
-1515532.7218220613431185483932495117187500000000
4115999.6804887880571186542510986328125000000000
7054813.5202084099873900413513183593750000000000
2394675.8631714633665978908538818359375000000000
-1406105.4970585715491324663162231445312500000000
-6797207.2433606777340173721313476562500000000000
-9000621.4976294375956058502197265625000000000000
2925992.5374478539451956748962402343750000000000
1668665.5751315741799771785736083984375000000000
3634679.9243124187923967838287353515625000000000
-8693192.6291725151240825653076171875000000000000
8282024.1705950098112225532531738281250000000000
-2731900.7184278629720211029052734375000000000000
-8851457.1986423116177320480346679687500000000000
-3234345.2159786554984748363494873046875000000000
7979993.6338401399552822113037109375000000000000
7814924.4358628345653414726257324218750000000000
586921.4810648233396932482719421386718750000000
4919203.8596909008920192718505859375000000000000
6635393.1621223594993352890014648437500000000000
7965104.0876933988183736801147460937500000000000
-2384230.3352687507867813110351562500000000000000
72488.4338943348848260939121246337890625000000
2532733.4156516809016466140747070312500000000000
-3622306.6227759807370603084564208984375000000000
-2243362.3465412650257349014282226562500000000000
-1382283.7208171705715358257293701171875000000000
-7486332.1692722644656896591186523437500000000000
7149162.8768280390650033950805664062500000000000
5223968.5085755735635757446289062500000000000000
-993630.3571652550017461180686950683593750000000
5853613.7434223489835858345031738281250000000000
4162139.0329612283967435359954833984375000000000
-3897077.6488327663391828536987304687500000000000
-7332641.0924481851980090141296386718750000000000
726591.1372762401588261127471923828125000000000
-4478445.2701722318306565284729003906250000000000
-4427222.8538632756099104881286621093750000000000
-1764581.2361888578161597251892089843750000000000
-4129867.3363904864527285099029541015625000000000
-4718578.0615214258432388305664062500000000000000
-3565276.8688529198989272117614746093750000000000
-14227640.9130798783153295516967773437500000000000
-2571207.1553675415925681591033935546875000000000
1889982.6116085685789585113525390625000000000000
-7331992.2094553764909505844116210937500000000000
-2079037.8259789978619664907455444335937500000000
1339858.7819871993269771337509155273437500000000
-2155625.5643360582180321216583251953125000000000
-7253474.5576719753444194793701171875000000000000
-1433674.4944216005969792604446411132812500000000
-1082218.7595695832278579473495483398437500000000
5265042.4243898373097181320190429687500000000000
601385.9964131105225533246994018554687500000000
-919852.1603995776968076825141906738281250000000
-1045177.1651592588750645518302917480468750000000
9917.9071604069376917323097586631774902343750
3090868.6867603124119341373443603515625000000000
-2107543.1825446784496307373046875000000000000000
-5256293.3933006860315799713134765625000000000000
3532598.9906565956771373748779296875000000000000
3946328.5035224244929850101470947265625000000000
7954893.3011340619996190071105957031250000000000
-3651627.6493562371470034122467041015625000000000
-2410475.5484587098471820354461669921875000000000
2223733.3199693611823022365570068359375000000000
-6737137.8865103637799620628356933593750000000000
3127153.2847254537045955657958984375000000000000
-2609826.0789555273950099945068359375000000000000
1767244.4958221213892102241516113281250000000000
1594517.4272645346354693174362182617187500000000
3238564.4181254580616950988769531250000000000000
-1308644.0574955095071345567703247070312500000000
-3543678.7586120865307748317718505859375000000000
-215221.6552496678777970373630523681640625000000
-2224502.5741208386607468128204345703125000000000
-3836676.9446205357089638710021972656250000000000
1809835.2743627768941223621368408203125000000000
-2552134.3310817284509539604187011718750000000000
-5402259.1834630733355879783630371093750000000000
-2197870.1831066324375569820404052734375000000000
-649059.5043230189476162195205688476562500000000
-723801.8064757137326523661613464355468750000000
4174810.8150011654943227767944335937500000000000
2276432.7072716406546533107757568359375000000000
1241757.7630691213998943567276000976562500000000
-3239537.9705837732180953025817871093750000000000
-29539.7789790884526155423372983932495117187500
2989140.7958398787304759025573730468750000000000
3168461.7129698456265032291412353515625000000000
1432603.3984500996302813291549682617187500000000
-596577.8058495820732787251472473144531250000000
6767432.1535165514796972274780273437500000000000
1502675.9064419290516525506973266601562500000000
-385612.9396156251314096152782440185546875000000
5102635.4723406564444303512573242187500000000000
-604975.6936700838850811123847961425781250000000
1591798.5892082273494452238082885742187500000000
883995.1090483132284134626388549804687500000000
-87555.6833339878212427720427513122558593750000
4776286.2982092462480068206787109375000000000000
1619754.7799468343146145343780517578125000000000
3051146.0667475415393710136413574218750000000000
-902249.3205787830520421266555786132812500000000
-3891189.2862433637492358684539794921875000000000
8528194.2137248031795024871826171875000000000000
-1758112.8883313157130032777786254882812500000000
-1818253.0878437159117311239242553710937500000000
-5000360.3590143201872706413269042968750000000000
1080986.3423772200476378202438354492187500000000
927876.2661345517262816429138183593750000000000
-4336226.7964143585413694381713867187500000000000
-1966451.8605912949424237012863159179687500000000
-2941068.1896205428056418895721435546875000000000
-2043586.9566693434026092290878295898437500000000
1415546.1350582404993474483489990234375000000000
722509.7403448665281757712364196777343750000000
1276154.9103687128517776727676391601562500000000
4120259.3968924777582287788391113281250000000000
-3661206.6337242498993873596191406250000000000000
-5724605.3674320094287395477294921875000000000000
2696762.6855799113400280475616455078125000000000
5054529.5724193537607789039611816406250000000000
-1961748.8212427634280174970626831054687500000000
3420656.2271270030178129673004150390625000000000
-4031058.9362480062991380691528320312500000000000
6353929.6429755855351686477661132812500000000000
-240186.5286633637733757495880126953125000000000
-2279865.9093379853293299674987792968750000000000
706444.2945969940628856420516967773437500000000
3124255.6764002246782183647155761718750000000000
-2383122.0070040510036051273345947265625000000000
2529316.2182257492095232009887695312500000000000
890477.2243638876825571060180664062500000000000
-1913665.9488156056031584739685058593750000000000
461120.2699165791855193674564361572265625000000
4805115.7927429666742682456970214843750000000000
-850617.6647499162936583161354064941406250000000
2972759.9804229396395385265350341796875000000000
-1300279.2383201271295547485351562500000000000000
2529710.4676859569735825061798095703125000000000
-2068292.6282836699392646551132202148437500000000
-2683756.7272427561692893505096435546875000000000
4322476.4105646163225173950195312500000000000000
-4442746.8701435867697000503540039062500000000000
-2713070.7388391084969043731689453125000000000000
353781.8433805863605812191963195800781250000000
-847993.3362346617504954338073730468750000000000
2101531.7429952099919319152832031250000000000000
5246670.6213487079367041587829589843750000000000
-11293.2944810029803193174302577972412109375000
5817304.1395889306440949440002441406250000000000
3912458.3341325121000409126281738281250000000000
2130120.4654310378246009349822998046875000000000
1537255.5875415890477597713470458984375000000000
3261281.8210924123413860797882080078125000000000
797482.1667390576330944895744323730468750000000
2338127.9624821268953382968902587890625000000000
-3064980.1329221967607736587524414062500000000000
2149488.9634122252464294433593750000000000000000
-1506582.8073735835496336221694946289062500000000
-1144706.9150325639639049768447875976562500000000
5298569.4417874990031123161315917968750000000000
1219180.0153928794898092746734619140625000000000
3641179.2025001388974487781524658203125000000000
-3973849.9021272384561598300933837890625000000000
227533.9341048305795993655920028686523437500000
1827355.1240589322987943887710571289062500000000
2236287.8525130688212811946868896484375000000000
797565.6509627248160541057586669921875000000000
540932.6029242085060104727745056152343750000000
1911948.3331897826865315437316894531250000000000
-4440289.9117771759629249572753906250000000000000
1916794.9401340333279222249984741210937500000000
3981458.4383214358240365982055664062500000000000
-435140.7091444316320121288299560546875000000000
723993.9228267009602859616279602050781250000000
5757177.8914791895076632499694824218750000000000
3039582.7850181986577808856964111328125000000000
-2168314.0295828361995518207550048828125000000000
-4737577.8678751774132251739501953125000000000000
3689348.8771276050247251987457275390625000000000
122995.1635328521515475586056709289550781250000
-5877037.6714541651308536529541015625000000000000
-5869504.2048562942072749137878417968750000000000
3617276.0492721027694642543792724609375000000000
2377818.6077023269608616828918457031250000000000
2836578.2821597349829971790313720703125000000000
1796104.6180169621948152780532836914062500000000
170263.5732233128801453858613967895507812500000
2714380.9515104321762919425964355468750000000000
2078206.4545175388921052217483520507812500000000
-435063.5842988811782561242580413818359375000000
2127650.8910791375674307346343994140625000000000
-3673567.2965000914409756660461425781250000000000
3214490.6719149095006287097930908203125000000000
3044528.0380063024349510669708251953125000000000
284026.0391674033016897737979888916015625000000
-3927837.9162640962749719619750976562500000000000
-927414.0164405117975547909736633300781250000000
2010825.5631445092149078845977783203125000000000
-5610695.3051589932292699813842773437500000000000
358892.6398148772423155605792999267578125000000
-856917.5816720239818096160888671875000000000000
984189.2183787510730326175689697265625000000000
147469.9579350829008035361766815185546875000000
2663274.5412843939848244190216064453125000000000
-2841648.8143399790860712528228759765625000000000
-648976.6937429908430203795433044433593750000000
-4888394.5366050880402326583862304687500000000000
-2627595.4197840183041989803314208984375000000000
-460145.0254085796186700463294982910156250000000
-4001777.8627343890257179737091064453125000000000
2691952.8706015581265091896057128906250000000000
2877198.9209382473491132259368896484375000000000
-349411.8432248589233495295047760009765625000000
-3218044.2586897667497396469116210937500000000000
7021909.2088968809694051742553710937500000000000
-4630921.7525518639013171195983886718750000000000
-2653981.5638934886083006858825683593750000000000
582566.4344643637305125594139099121093750000000
-3959299.6221652817912399768829345703125000000000
-3565471.9836530261673033237457275390625000000000
-1121158.1797313389834016561508178710937500000000
1999831.0719782924279570579528808593750000000000
585754.2028464447939768433570861816406250000000
3629256.1497132098302245140075683593750000000000
-2107634.8747872859239578247070312500000000000000
-1021166.2071295118657872080802917480468750000000
1943328.6661889755632728338241577148437500000000
4486992.5825567999854683876037597656250000000000
2167524.7325822254642844200134277343750000000000
-2569865.4547238396480679512023925781250000000000
5142053.5420904858037829399108886718750000000000
-4484824.1407098798081278800964355468750000000000
2290038.0830615730956196784973144531250000000000
-1499671.8792198800947517156600952148437500000000
-2197879.6902086287736892700195312500000000000000
1169064.1064621694386005401611328125000000000000
2997987.0549861420877277851104736328125000000000
1860994.1139453584328293800354003906250000000000
1628710.8416864890605211257934570312500000000000
739123.5619882089085876941680908203125000000000
-35704.0557426425148150883615016937255859375000
-2709601.7312453142367303371429443359375000000000
983347.0950260328827425837516784667968750000000
-3179740.8009324781596660614013671875000000000000
639374.6789975916035473346710205078125000000000
1761104.7196019371040165424346923828125000000000
-1869300.6315843500196933746337890625000000000000
-559087.9701712306123226881027221679687500000000
29855.2153242277163371909409761428833007812500
-208668.0284988958446774631738662719726562500000
-251072.5965156341553665697574615478515625000000
1009651.9596883992198854684829711914062500000000
1354804.2012993122916668653488159179687500000000
475267.1230386145762167870998382568359375000000
1481553.2861601777840405702590942382812500000000
-2416129.6042310819029808044433593750000000000000
184104.9896529539255425333976745605468750000000
-2290545.7793965153396129608154296875000000000000
1853099.5571644848678261041641235351562500000000
1809557.9383734178263694047927856445312500000000
2476926.2530548050999641418457031250000000000000
1885559.6533512009773403406143188476562500000000
-2384722.3411125545389950275421142578125000000000
-326766.9931074342457577586174011230468750000000
2373395.5035653263330459594726562500000000000000
-1193348.4703819372225552797317504882812500000000
-360451.3118868772289715707302093505859375000000
-2915343.3046404188498854637145996093750000000000
-1766186.1985792198684066534042358398437500000000
-797037.9877524951007217168807983398437500000000
-806217.2986580666620284318923950195312500000000
-1638741.0889843418262898921966552734375000000000
-2642330.1323190252296626567840576171875000000000
-2051661.9670797067228704690933227539062500000000
-451666.2128592438530176877975463867187500000000
977256.4833583980798721313476562500000000000000
-1054976.2456482336856424808502197265625000000000
832989.9430720366071909666061401367187500000000
-305671.6894737954135052859783172607421875000000
-2421598.6628429135307669639587402343750000000000
-2919558.3949294062331318855285644531250000000000
917878.1645282449899241328239440917968750000000
-1752856.9187750404234975576400756835937500000000
-1660422.3923552720807492733001708984375000000000
-2340460.7493375311605632305145263671875000000000
2286057.8523571118712425231933593750000000000000
-701.5694849629343252672697417438030242919922
1776647.9501082513015717267990112304687500000000
-1847550.0089431367814540863037109375000000000000
348302.6532457366120070219039916992187500000000
-2286424.1059593111276626586914062500000000000000
-2680369.9377052318304777145385742187500000000000
2786856.2693732548505067825317382812500000000000
1777577.8446999825537204742431640625000000000000
-733557.4840250266715884208679199218750000000000
1680963.3877281437162309885025024414062500000000
-358556.2831741544650867581367492675781250000000
-1308675.5089337218087166547775268554687500000000
-557796.0128458149265497922897338867187500000000
-123428.6079682200797833502292633056640625000000
-2422638.2380326054990291595458984375000000000000
126054.5571802133054006844758987426757812500000
-4050929.0012478730641305446624755859375000000000
1132700.7190488066989928483963012695312500000000
252380.3184930059360340237617492675781250000000
-3304204.4791813939809799194335937500000000000000
-142541.2569618585403077304363250732421875000000
-1185673.8629372373688966035842895507812500000000
-2213109.6410620086826384067535400390625000000000
390943.7080122415209189057350158691406250000000
-3550046.2642388301901519298553466796875000000000
-2623864.0133404862135648727416992187500000000000
2970363.1158752539195120334625244140625000000000
585754.5990588992135599255561828613281250000000
2366446.2523865890689194202423095703125000000000
-1544237.5727533600293099880218505859375000000000
808194.0877518813358619809150695800781250000000
1299743.6631856861058622598648071289062500000000
-608757.2271540482761338353157043457031250000000
-564968.5941889550304040312767028808593750000000
-84569.5348449238954344764351844787597656250000
-501540.0660004097153432667255401611328125000000
1070455.3408149143215268850326538085937500000000
-1000080.8203346598893404006958007812500000000000
676000.5186063566943630576133728027343750000000
706895.1891368991928175091743469238281250000000
-708026.3254469101084396243095397949218750000000
-2175097.5326697551645338535308837890625000000000
-586508.3683457309380173683166503906250000000000
-4300319.4782417127862572669982910156250000000000
1569651.4484097242821007966995239257812500000000
345210.7135798438102938234806060791015625000000
-3228496.8815809213556349277496337890625000000000
-2788628.8052454930730164051055908203125000000000
101385.9648329658812144771218299865722656250000
1129041.3197529742028564214706420898437500000000
1761379.0424404102377593517303466796875000000000
209416.4774061436473857611417770385742187500000
-614942.0735074561089277267456054687500000000000
-559284.6282427455298602581024169921875000000000
-596812.5973247139481827616691589355468750000000
3000561.8618448656052350997924804687500000000000
1079820.1343775638379156589508056640625000000000
887342.1507134402636438608169555664062500000000
-1015952.5441020760918036103248596191406250000000
-1046975.2880762525601312518119812011718750000000
-411543.9514144479180686175823211669921875000000
1484279.5856813113205134868621826171875000000000
-2281463.7197565059177577495574951171875000000000
-1687388.6183883317280560731887817382812500000000
-2338278.5447080400772392749786376953125000000000
40820.4216564400558127090334892272949218750000
860960.4611888529034331440925598144531250000000
391477.3683186969719827175140380859375000000000
427502.2529133912757970392704010009765625000000
1789251.9183147891890257596969604492187500000000
327927.8303996269823983311653137207031250000000
620284.0183733780868351459503173828125000000000
-17506.6417123196661123074591159820556640625000
606159.2576085167238488793373107910156250000000
940914.0691644682083278894424438476562500000000
-949935.5374740611296147108078002929687500000000
-1122322.1144284445326775312423706054687500000000
1376910.3523672432638704776763916015625000000000
1665112.6390730813145637512207031250000000000000
2789998.6639245715923607349395751953125000000000
1013978.1735749104991555213928222656250000000000
788579.5110006090253591537475585937500000000000
985369.1986905144294723868370056152343750000000
-1066767.2001512523274868726730346679687500000000
775960.3700014379573985934257507324218750000000
1667941.4857959917280822992324829101562500000000
481870.0927676967694424092769622802734375000000
320794.1418830204638652503490447998046875000000
-267278.2195619204430840909481048583984375000000
-739672.4540434790542349219322204589843750000000
-2065144.3735857361461967229843139648437500000000
-2058701.0761478948406875133514404296875000000000
4193889.8086620047688484191894531250000000000000
1107053.7689488506875932216644287109375000000000
-925356.6541098068701103329658508300781250000000
-299762.5947441102471202611923217773437500000000
-2473795.8736292663961648941040039062500000000000
-450262.7864029160118661820888519287109375000000
1061379.2192525141872465610504150390625000000000
-610160.6183675673091784119606018066406250000000
1337531.9353887434117496013641357421875000000000
985439.0264099298510700464248657226562500000000
364476.5672002194914966821670532226562500000000
-329933.2218778613605536520481109619140625000000
2352176.4899101234041154384613037109375000000000
-504547.9542764161597006022930145263671875000000
1714415.0312955346889793872833251953125000000000
2014769.4009733470156788825988769531250000000000
609981.0164475014898926019668579101562500000000
404218.5785673200734890997409820556640625000000
-1570424.5362208010628819465637207031250000000000
347402.4993704676744528114795684814453125000000
1274302.4243986988440155982971191406250000000000
1315352.0979265815112739801406860351562500000000
-685124.8527010666439309716224670410156250000000
1946494.3864871368277817964553833007812500000000
703195.5163806498749181628227233886718750000000
-78346.2217069421167252585291862487792968750000
-1674558.3207830858882516622543334960937500000000
2039322.8649496121797710657119750976562500000000
-881423.0560690715210512280464172363281250000000
524642.4363990980200469493865966796875000000000
895406.6855923726689070463180541992187500000000
516116.2062736030202358961105346679687500000000
2840971.5041912808082997798919677734375000000000
-1391587.1696192112285643815994262695312500000000
279198.4778327695094048976898193359375000000000
-933752.6686357350554317235946655273437500000000
684546.9800188021035864949226379394531250000000
819385.5293119954876601696014404296875000000000
676787.6956236714031547307968139648437500000000
-531701.0580669498303905129432678222656250000000
357143.4316822648979723453521728515625000000000
630337.6097790825879201292991638183593750000000
791747.3818901965860277414321899414062500000000
737266.0766611044527962803840637207031250000000
-130533.1006987042201217263936996459960937500000
931726.3529946502530947327613830566406250000000
3126911.5302098542451858520507812500000000000000
153593.4976662308908998966217041015625000000000
-1140339.5823147802148014307022094726562500000000
-247049.2869593909126706421375274658203125000000
-258750.1133754516486078500747680664062500000000
-829077.8466192057821899652481079101562500000000
840824.0297841849969699978828430175781250000000
253423.1805503619543742388486862182617187500000
-586023.7932518386514857411384582519531250000000
-2608741.7129749590530991554260253906250000000000
309010.9943162422860041260719299316406250000000
-124260.1401192045013885945081710815429687500000
-197692.5470400755293667316436767578125000000000
1359502.8976582882460206747055053710937500000000
-446614.3906137268641032278537750244140625000000
1189944.2293202097062021493911743164062500000000
-205259.2357714872923679649829864501953125000000
-245765.6509668546495959162712097167968750000000
887787.1041389140300452709197998046875000000000
1012769.3875182771589607000350952148437500000000
-1155700.4612594558857381343841552734375000000000
-1370173.2451152794528752565383911132812500000000
-3333.3037255131530400831252336502075195312500
-2183153.1354863559827208518981933593750000000000
-174360.4442367130250204354524612426757812500000
-2288605.6022752956487238407135009765625000000000
-32481.0108388468797784298658370971679687500000
-553390.8114831324201077222824096679687500000000
-1105566.1000333800911903381347656250000000000000
-454421.8310696024564094841480255126953125000000
1063969.0507430960424244403839111328125000000000
-290398.4392431942978873848915100097656250000000
-332639.9749307797173969447612762451171875000000
-481526.9827933090855367481708526611328125000000
941072.4073708679061383008956909179687500000000
23699.0784889286260295193642377853393554687500
1446290.4447694311384111642837524414062500000000
-978759.4090575468726456165313720703125000000000
-22647.0403548964968649670481681823730468750000
791947.2367099201073870062828063964843750000000
-667232.7926398490089923143386840820312500000000
1153884.3156727715395390987396240234375000000000
-1897103.4396962791215628385543823242187500000000
534955.4777337033301591873168945312500000000000
-1281983.5624973843805491924285888671875000000000
436914.2932367850444279611110687255859375000000
2143680.7981978775933384895324707031250000000000
-646834.7289677513763308525085449218750000000000
618605.7750953207723796367645263671875000000000
-889161.2023923029191792011260986328125000000000
-159889.4784766680095344781875610351562500000000
847463.4285113777732476592063903808593750000000
-1006825.4782766392454504966735839843750000000000
-189130.0179615311208181083202362060546875000000
381188.2369921160861849784851074218750000000000
1779985.5940005257725715637207031250000000000000
-1158969.4657832439988851547241210937500000000000
-524272.9918989596189931035041809082031250000000
-722096.7163187813712283968925476074218750000000
-790295.2908390731317922472953796386718750000000
1071173.5839633902069181203842163085937500000000
-40048.5939382395299617201089859008789062500000
-847694.2613399029942229390144348144531250000000
-97789.0464537161897169426083564758300781250000
-344183.8961998834274709224700927734375000000000
350334.3967634469154290854930877685546875000000
949026.6855748979141935706138610839843750000000
-891810.4158345658797770738601684570312500000000
-1387786.2361216330900788307189941406250000000000
-1825699.0994421760551631450653076171875000000000
-109481.4730316750501515343785285949707031250000
899886.0934348067967221140861511230468750000000
-187216.9290817783912643790245056152343750000000
590647.2872928837314248085021972656250000000000
387430.1562484831665642559528350830078125000000
-902618.6644855890190228819847106933593750000000
-226718.3692255440400913357734680175781250000000
-581272.3909219008637592196464538574218750000000
776915.5837510360870510339736938476562500000000
-1882445.6995287293102592229843139648437500000000
602364.1840409457217901945114135742187500000000
-316245.7720167386578395962715148925781250000000
753390.9845942212268710136413574218750000000000
172256.7291798981314059346914291381835937500000
-218062.5105764444160740822553634643554687500000
-256094.5014793547743465751409530639648437500000
1145016.1174482295755296945571899414062500000000
-552532.2897594486130401492118835449218750000000
1370658.0739166468847543001174926757812500000000
586760.3416863741585984826087951660156250000000
197900.6183230823662597686052322387695312500000
-526029.3777260850183665752410888671875000000000
856923.7194148219423368573188781738281250000000
-1326279.4321908119600266218185424804687500000000
-121887.4333517055056290701031684875488281250000
87683.9534933819377329200506210327148437500000
754787.7937122147995978593826293945312500000000
-570269.8595435516908764839172363281250000000000
-71532.3915815811924403533339500427246093750000
-750105.8157547815935686230659484863281250000000
1009474.7107601314783096313476562500000000000000
1077.6179865468827756558312103152275085449219
397495.8043483929359354078769683837890625000000
925954.4142909288639202713966369628906250000000
-595728.4885267467470839619636535644531250000000
362596.8013698037248104810714721679687500000000
454195.0258597515639849007129669189453125000000
844055.4727546796202659606933593750000000000000
3107.9496742472229016129858791828155517578125
176762.2492543223488610237836837768554687500000
-306978.9240622316137887537479400634765625000000
-1130196.6900875854771584272384643554687500000000
-634479.4886065160389989614486694335937500000000
-300248.8459041158203035593032836914062500000000
-833914.2841723670717328786849975585937500000000
459757.8860993756097741425037384033203125000000
-469473.8976282112416811287403106689453125000000
740603.1173895996762439608573913574218750000000
544168.5761705184122547507286071777343750000000
961482.4149223726708441972732543945312500000000
380768.7468073700438253581523895263671875000000
-337410.2696147537208162248134613037109375000000
-791233.6558736468432471156120300292968750000000
973131.6428387338528409600257873535156250000000
456482.5090440339990891516208648681640625000000
-209282.7047576525365002453327178955078125000000
941723.4736382102128118276596069335937500000000
-143796.9376248247572220861911773681640625000000
37676.8923598747423966415226459503173828125000
816582.9911083654733374714851379394531250000000
-241238.7274403948395047336816787719726562500000
-73269.4198906458623241633176803588867187500000
926526.1923712766729295253753662109375000000000
-1602512.8300427391659468412399291992187500000000
53565.1836768664652481675148010253906250000000
-262269.0737333625438623130321502685546875000000
-110222.8105188166955485939979553222656250000000
698822.1677266587503254413604736328125000000000
-112077.0219455797487171366810798645019531250000
-51088.8349504818033892661333084106445312500000
-15036.5085854411681793862953782081604003906250
-51903.9587465432778117246925830841064453125000
535398.5956321024568751454353332519531250000000
458013.4175268528051674365997314453125000000000
385962.1396285841474309563636779785156250000000
-526674.4824785750824958086013793945312500000000
-1726176.0484798145480453968048095703125000000000
689805.9537370997713878750801086425781250000000
-151057.3790501441981177777051925659179687500000
-647078.6880344414385035634040832519531250000000
436318.8969224340980872511863708496093750000000
804900.4348974035819992423057556152343750000000
753960.5467443498782813549041748046875000000000
-829679.2280242587439715862274169921875000000000
585210.5272940193535760045051574707031250000000
-585086.6985634554876014590263366699218750000000
215366.7692961331049446016550064086914062500000
145966.3297441269678529351949691772460937500000
47384.8822441174925188533961772918701171875000
-337833.6537627120269462466239929199218750000000
-762921.4433618688490241765975952148437500000000
-615927.3855430631665512919425964355468750000000
-665044.2037851930363103747367858886718750000000
898661.5446793216979131102561950683593750000000
-182299.4585161154973320662975311279296875000000
-381100.0796193545684218406677246093750000000000
864141.0966059779748320579528808593750000000000
373266.3878321322845295071601867675781250000000
611244.2894966071471571922302246093750000000000
726454.0749879792565479874610900878906250000000
1939859.4986408012919127941131591796875000000000
-271955.6889563767472282052040100097656250000000
-434187.5300154581200331449508666992187500000000
-638661.3913620520615950226783752441406250000000
1271780.0951241850852966308593750000000000000000
258410.6039059112372342497110366821289062500000
-764596.7392558228457346558570861816406250000000
660148.1574000411201268434524536132812500000000
-716327.6852410982828587293624877929687500000000
134035.4899628479324746876955032348632812500000
-894610.5015949996886774897575378417968750000000
162056.5241887004522141069173812866210937500000
-981043.8115076916292309761047363281250000000000
-565846.6840817315969616174697875976562500000000
-459345.1944411566364578902721405029296875000000
293519.0850846578832715749740600585937500000000
-866227.1324363441672176122665405273437500000000
-1049331.1924121156334877014160156250000000000000
-81116.0915657475270563736557960510253906250000
-1356947.2525961680803447961807250976562500000000
-536522.0377252895850688219070434570312500000000
159802.8047819014464039355516433715820312500000
821195.4199482266558334231376647949218750000000
-40773.1453000891051487997174263000488281250000
-678169.8642770546721294522285461425781250000000
-127884.9574306947033619508147239685058593750000
-175472.7952403578092344105243682861328125000000
-238771.4351331093057524412870407104492187500000
-853849.8870599925285205245018005371093750000000
1107101.0336183193139731884002685546875000000000
-92957.8264100074738962575793266296386718750000
493732.6058181606931611895561218261718750000000
277447.4986329590319655835628509521484375000000
-1294127.1632666925434023141860961914062500000000
-316996.9276111974031664431095123291015625000000
-453221.0964671694091521203517913818359375000000
346912.0471227621892467141151428222656250000000
434650.3744828203925862908363342285156250000000
1286111.6878158499021083116531372070312500000000
286460.6783116161241196095943450927734375000000
940942.5631400099955499172210693359375000000000
-370892.6610523568233475089073181152343750000000
-554824.8591709512984380125999450683593750000000
-558225.8881805908167734742164611816406250000000
-954678.9110063054831698536872863769531250000000
-429393.3265446638106368482112884521484375000000
-358378.9830527274170890450477600097656250000000
97817.5207034485501935705542564392089843750000
621839.2527388323796913027763366699218750000000
280874.2481503972085192799568176269531250000000
698685.6851027088705450296401977539062500000000
10050.8256659617454715771600604057312011718750
289985.5615805815323255956172943115234375000000
704234.3306174423778429627418518066406250000000
-399561.5740163363516330718994140625000000000000
-179108.4351019588066264986991882324218750000000
-336964.3651203007902950048446655273437500000000
569158.4437125428812578320503234863281250000000
-621536.0935172087047249078750610351562500000000
-758621.2367576953256502747535705566406250000000
-541089.6849492238834500312805175781250000000000
89331.6383672234514961019158363342285156250000
311354.3884422433329746127128601074218750000000
221937.4908601700444705784320831298828125000000
103735.4888718142610741779208183288574218750000
423848.4899906984064728021621704101562500000000
-234135.4339639411773532629013061523437500000000
-214805.4084522670018486678600311279296875000000
289697.0472189052379690110683441162109375000000
458177.5625755728106014430522918701171875000000
754984.9814813515404239296913146972656250000000
278616.6361286670435220003128051757812500000000
739336.0319621503585949540138244628906250000000
-699775.2399494829587638378143310546875000000000
-256955.9837445566663518548011779785156250000000
472277.3815148017019964754581451416015625000000
-1090105.5221541984938085079193115234375000000000
-979477.5760102584026753902435302734375000000000
270937.2988861673511564731597900390625000000000
-667539.4868123100604861974716186523437500000000
-402454.8204814305645413696765899658203125000000
-849496.3158029627520591020584106445312500000000
1359849.2752105989493429660797119140625000000000
310097.9301188885583542287349700927734375000000
-115185.9665435297356452792882919311523437500000
-129791.3821839138981886208057403564453125000000
130642.5485621826373971998691558837890625000000
1147330.2390427559148520231246948242187500000000
-205692.9755749278992880135774612426757812500000
128119.4051969555148389190435409545898437500000
-430615.4582945323782041668891906738281250000000
126237.4835357878619106486439704895019531250000
178868.4831603321945294737815856933593750000000
-217123.9923225367674604058265686035156250000000
377772.7144215298467315733432769775390625000000
-195249.2200294240610674023628234863281250000000
-205383.5650133604358416050672531127929687500000
-377992.3833438465953804552555084228515625000000
398757.3862477079383097589015960693359375000000
-206857.8088014467793982475996017456054687500000
-214445.6978673500998411327600479125976562500000
135641.8837245498434640467166900634765625000000
-4829.4898119601239159237593412399291992187500
461238.7264754103380255401134490966796875000000
-559728.7133481744676828384399414062500000000000
-396174.6869252257165499031543731689453125000000
311962.9588112080818973481655120849609375000000
-194477.6254177301889285445213317871093750000000
676447.8108883512904867529869079589843750000000
709899.0932191440369933843612670898437500000000
-98852.7087667691521346569061279296875000000000
-238879.2274143147224094718694686889648437500000
-91524.2125849525618832558393478393554687500000
412531.5713683717185631394386291503906250000000
-22392.3994040675315773114562034606933593750000
-643115.8281342030968517065048217773437500000000
-399281.5000833964440971612930297851562500000000
266894.9860609797760844230651855468750000000000
-482805.2415938897756859660148620605468750000000
-593619.8913368798093870282173156738281250000000
135653.3351647988311015069484710693359375000000
-608860.0781245842808857560157775878906250000000
719698.4224234599387273192405700683593750000000
887409.3139260904863476753234863281250000000000
413142.0324680462945252656936645507812500000000
-698983.9427268229192122817039489746093750000000
-373661.7035366129130125045776367187500000000000
573653.8894907145295292139053344726562500000000
253983.3725934820831753313541412353515625000000
-501740.5877889843541197478771209716796875000000
87462.9191903082828503102064132690429687500000
1048939.0258085341192781925201416015625000000000
426662.5600747283315286040306091308593750000000
217554.1840171508956700563430786132812500000000
401351.6764603282790631055831909179687500000000
354594.7041098466143012046813964843750000000000
-191575.9766751737624872475862503051757812500000
341507.6507755118655040860176086425781250000000
-340839.9292129625682719051837921142578125000000
619355.9589143178891390562057495117187500000000
4715.0025838832070803618989884853363037109375
461100.9922268479131162166595458984375000000000
71354.3052035667496966198086738586425781250000
415590.8963749239337630569934844970703125000000
26085.3867666904698126018047332763671875000000
-126787.2539874099165899679064750671386718750000
-54545.2092742392487707547843456268310546875000
694494.5738439765991643071174621582031250000000
409749.7032628597808070480823516845703125000000
-1157515.0546383738983422517776489257812500000000
-6760.7256917998174685635603964328765869140625
175557.7872035603795666247606277465820312500000
-116319.0214109013759298250079154968261718750000
629434.5356217944063246250152587890625000000000
144702.7270108796947170048952102661132812500000
239618.4934244432661216706037521362304687500000
551366.3143523586913943290710449218750000000000
-336914.3410518046002835035324096679687500000000
-1332951.2077856112737208604812622070312500000000
-468195.4791517310659401118755340576171875000000
-555766.2133586310083046555519104003906250000000
-118194.9892045335436705499887466430664062500000
56501.9071943592789466492831707000732421875000
-427026.8714132821769453585147857666015625000000
418623.1863495208672247827053070068359375000000
-250918.6532601072685793042182922363281250000000
-127389.8623508410091744735836982727050781250000
715605.9837292833253741264343261718750000000000
168480.1252874405763577669858932495117187500000
-82879.0613554821466095745563507080078125000000
-488947.1154072307399474084377288818359375000000
-226364.7442593507294077426195144653320312500000
418520.3859166477923281490802764892578125000000
-509317.4768269620835781097412109375000000000000
-159013.3097551161772571504116058349609375000000
285694.5314965115976519882678985595703125000000
-653674.0116826546145603060722351074218750000000
-91987.1228048541379394009709358215332031250000
62122.3083893704315414652228355407714843750000
-25956.5622980336556793190538883209228515625000
95672.3777490511565702036023139953613281250000
-583721.6729792761616408824920654296875000000000
-590924.4059027892071753740310668945312500000000
868112.1550739679951220750808715820312500000000
-350433.8201894735102541744709014892578125000000
28525.7103764878993388265371322631835937500000
97102.8402804208890302106738090515136718750000
135683.1835744246782269328832626342773437500000
12861.3645415771206899080425500869750976562500
-198547.1055621864506974816322326660156250000000
-262437.8701146477833390235900878906250000000000
746488.9692555507645010948181152343750000000000
-227078.0240907500265166163444519042968750000000
430645.4085228687617927789688110351562500000000
-210360.1061899675696622580289840698242187500000
152085.2146417640906292945146560668945312500000
368277.3575043451855890452861785888671875000000
-558136.8978748227236792445182800292968750000000
-222218.6656206539482809603214263916015625000000
165592.1983783222385682165622711181640625000000
-143080.7644524112110957503318786621093750000000
-121642.7705015671090222895145416259765625000000
-408804.7663036446901969611644744873046875000000
-213561.9231815809034742414951324462890625000000
36292.2011596353331697173416614532470703125000
-225293.4914081215392798185348510742187500000000
-286441.4610786710982210934162139892578125000000
-111282.7745938463194761425256729125976562500000
109309.7851565971941454336047172546386718750000
-168573.6943586967827286571264266967773437500000
-30652.6497105318194371648132801055908203125000
-197316.8177890334336552768945693969726562500000
21834.4737712813985126558691263198852539062500
619780.1219875160604715347290039062500000000000
227317.4782562668551690876483917236328125000000
-211454.6881582288770005106925964355468750000000
339705.9228007752099074423313140869140625000000
260273.2004892879049293696880340576171875000000
595641.9535396798746660351753234863281250000000
134542.5090826181694865226745605468750000000000
463165.4363814144744537770748138427734375000000
214538.6450426696683280169963836669921875000000
-65010.3186963316329638473689556121826171875000
577117.8577538431854918599128723144531250000000
-739725.3894109560642391443252563476562500000000
-169686.5686819842085242271423339843750000000000
-99979.5741209961415734142065048217773437500000
387561.6295710056438110768795013427734375000000
-40744.8907113077948451973497867584228515625000
-38512.4253068713078391738235950469970703125000
-224929.7169672979798633605241775512695312500000
-170323.8165982235514093190431594848632812500000
258292.6788415210903622210025787353515625000000
-460143.9723106370656751096248626708984375000000
433249.7338718883111141622066497802734375000000
256025.9625632801617030054330825805664062500000
125464.5810391436389181762933731079101562500000
-346185.5322710143518634140491485595703125000000
-198895.0735293134930543601512908935546875000000
161078.8570014913857448846101760864257812500000
-83024.7328432963549857959151268005371093750000
106611.9027038165804697200655937194824218750000
-215697.7261398311529774218797683715820312500000
-9387.3266704596971976570785045623779296875000
-88499.5539646850083954632282257080078125000000
-315578.1899823269923217594623565673828125000000
265679.0782864092034287750720977783203125000000
-568932.7779863007599487900733947753906250000000
21769.4052119072111963760107755661010742187500
70673.4904386662965407595038414001464843750000
-265619.7975930809043347835540771484375000000000
637890.8185166592011228203773498535156250000000
