-1.4088547304264744663981900885119102895260
918.8783097175651164434384554624557495117188
-118647.0150766125880181789398193359375000000000
6288004.9059130307286977767944335937500000000000
-181392205.4227427840232849121093750000000000000000
3266661003.5960001945495605468750000000000000000000
-39693715685.2208938598632812500000000000000000000000
341176865604.9151000976562500000000000000000000000000
-2133723119417.0869140625000000000000000000000000000000
9842677677200.2539062500000000000000000000000000000000
-33449995041209.2226562500000000000000000000000000000000
81907351179771.3593750000000000000000000000000000000000
-135190429608140.1718750000000000000000000000000000000000
119738929819668.7187500000000000000000000000000000000000
23707894644672.4140625000000000000000000000000000000000
-179797087702093.7500000000000000000000000000000000000000
110870676952015.3281250000000000000000000000000000000000
99666543864407.9062500000000000000000000000000000000000
11431624938145.5312500000000000000000000000000000000000
-370042689712984.3750000000000000000000000000000000000000
242419517618210.7812500000000000000000000000000000000000
102220931767644.3125000000000000000000000000000000000000
307748598625439.5000000000000000000000000000000000000000
-613563383393188.1250000000000000000000000000000000000000
-113873478264461.3593750000000000000000000000000000000000
289303799726878.5625000000000000000000000000000000000000
290880941019270.6250000000000000000000000000000000000000
-45474354689583.2265625000000000000000000000000000000000
-112429784743290.4843750000000000000000000000000000000000
-131975510198524.1406250000000000000000000000000000000000
-109274195058410.3750000000000000000000000000000000000000
-1706429344293.1318359375000000000000000000000000000000
-258076462566083.0312500000000000000000000000000000000000
511051738918025.4375000000000000000000000000000000000000
369075541995314.8750000000000000000000000000000000000000
-6025413776639.0361328125000000000000000000000000000000
-397758325093648.8750000000000000000000000000000000000000
-98717819528347.8281250000000000000000000000000000000000
-262154525323560.9687500000000000000000000000000000000000
-237155019156502.6562500000000000000000000000000000000000
385842413197612.7500000000000000000000000000000000000000
-26841327442556.5625000000000000000000000000000000000000
276018747302689.0312500000000000000000000000000000000000
144875047911395.9687500000000000000000000000000000000000
246925558129608.5937500000000000000000000000000000000000
17530667581085.3105468750000000000000000000000000000000
-327820368135785.6875000000000000000000000000000000000000
-218788919179836.5937500000000000000000000000000000000000
-93026394793814.9218750000000000000000000000000000000000
-343431003187820.1875000000000000000000000000000000000000
-115707969004845.5468750000000000000000000000000000000000
477264636722521.8750000000000000000000000000000000000000
-73458371762977.7812500000000000000000000000000000000000
-48050759443184.0390625000000000000000000000000000000000
228877259099625.4687500000000000000000000000000000000000
129892508286891.6718750000000000000000000000000000000000
342406706868558.1875000000000000000000000000000000000000
130722797046368.7343750000000000000000000000000000000000
51184724355251.8125000000000000000000000000000000000000
-210616484374983.1875000000000000000000000000000000000000
-175380416560960.7812500000000000000000000000000000000000
-416508870035510.6875000000000000000000000000000000000000
-236029302186430.5937500000000000000000000000000000000000
-81906561907352.7812500000000000000000000000000000000000
-99179467754866.6093750000000000000000000000000000000000
-45008126562957.2500000000000000000000000000000000000000
41498761215022.1015625000000000000000000000000000000000
229817797056507.3750000000000000000000000000000000000000
206018330865414.7187500000000000000000000000000000000000
132837937623274.5000000000000000000000000000000000000000
248393454663849.0937500000000000000000000000000000000000
294185481133260.6250000000000000000000000000000000000000
148805238216155.1562500000000000000000000000000000000000
-73477895153002.9531250000000000000000000000000000000000
35123897801538.0625000000000000000000000000000000000000
19531549611172.8046875000000000000000000000000000000000
-302976696221458.3125000000000000000000000000000000000000
-237309380543941.5625000000000000000000000000000000000000
-112721077782396.7343750000000000000000000000000000000000
-290408637044462.6250000000000000000000000000000000000000
-115943598445668.6562500000000000000000000000000000000000
-209659626127605.0312500000000000000000000000000000000000
-196725979543621.0000000000000000000000000000000000000000
30104864623938.0429687500000000000000000000000000000000
57676602058160.5703125000000000000000000000000000000000
208462902509217.3437500000000000000000000000000000000000
100146580046041.0781250000000000000000000000000000000000
205753837903705.4375000000000000000000000000000000000000
166817648646062.3437500000000000000000000000000000000000
106068545100414.6406250000000000000000000000000000000000
205814601578453.6875000000000000000000000000000000000000
296711169561774.8125000000000000000000000000000000000000
61812525281579.8515625000000000000000000000000000000000
257083267535336.4062500000000000000000000000000000000000
73437387334735.1718750000000000000000000000000000000000
64261475337662.1953125000000000000000000000000000000000
-112888722685292.7812500000000000000000000000000000000000
-245689709742545.4062500000000000000000000000000000000000
-473019758265889.6875000000000000000000000000000000000000
-277318941622787.0000000000000000000000000000000000000000
-282712949329268.3750000000000000000000000000000000000000
-242453334808081.5625000000000000000000000000000000000000
-183764303434881.3437500000000000000000000000000000000000
-122851856969708.2968750000000000000000000000000000000000
89931136560626.3281250000000000000000000000000000000000
-61944258650396.4921875000000000000000000000000000000000
63238011690939.9218750000000000000000000000000000000000
154616334573353.9375000000000000000000000000000000000000
168919955174470.3750000000000000000000000000000000000000
92826293401643.7812500000000000000000000000000000000000
217618828364630.2500000000000000000000000000000000000000
25185555069023.4570312500000000000000000000000000000000
208988004701370.3750000000000000000000000000000000000000
209734535962871.3437500000000000000000000000000000000000
189281208820431.0937500000000000000000000000000000000000
49538009890792.8437500000000000000000000000000000000000
151349950198233.1875000000000000000000000000000000000000
244814255582207.4375000000000000000000000000000000000000
-14241425569718.9316406250000000000000000000000000000000
30229592084368.2265625000000000000000000000000000000000
-223259371970964.5625000000000000000000000000000000000000
-91176202399576.3125000000000000000000000000000000000000
125228675040911.0781250000000000000000000000000000000000
-172131258241340.9375000000000000000000000000000000000000
-165517292906557.0937500000000000000000000000000000000000
-243655403019127.0000000000000000000000000000000000000000
-350384753489493.4375000000000000000000000000000000000000
-80132346340328.7656250000000000000000000000000000000000
-276832362541398.7500000000000000000000000000000000000000
-80546810888085.3906250000000000000000000000000000000000
-55174801146142.2031250000000000000000000000000000000000
45608120723288.2890625000000000000000000000000000000000
-60916763600954.3046875000000000000000000000000000000000
-67029408039774.3203125000000000000000000000000000000000
-45479503087975.3671875000000000000000000000000000000000
-13685895682409.9648437500000000000000000000000000000000
1125638789517.4768066406250000000000000000000000000000
108044691068980.3750000000000000000000000000000000000000
62579374203798.1015625000000000000000000000000000000000
359083250948670.9375000000000000000000000000000000000000
255607342636724.5625000000000000000000000000000000000000
136004132869176.7968750000000000000000000000000000000000
87836647609131.1406250000000000000000000000000000000000
290716652048818.3750000000000000000000000000000000000000
52945843643502.7500000000000000000000000000000000000000
121421774978252.9687500000000000000000000000000000000000
231773658007223.4687500000000000000000000000000000000000
35946519650083.5312500000000000000000000000000000000000
23616853503533.0742187500000000000000000000000000000000
-42129274624959.0156250000000000000000000000000000000000
72675571924584.0156250000000000000000000000000000000000
-194747405616648.5000000000000000000000000000000000000000
14048392538432.5410156250000000000000000000000000000000
-131318458212448.3437500000000000000000000000000000000000
-199644964845200.0937500000000000000000000000000000000000
-207950234986272.0000000000000000000000000000000000000000
45598964196453.4687500000000000000000000000000000000000
-198807724066481.8437500000000000000000000000000000000000
-302431945001057.0000000000000000000000000000000000000000
-169389686865808.5312500000000000000000000000000000000000
-66321463540050.9765625000000000000000000000000000000000
-119628294931173.8437500000000000000000000000000000000000
8026460569406.5810546875000000000000000000000000000000
-186502181252353.1250000000000000000000000000000000000000
-122435264081127.0000000000000000000000000000000000000000
-105439477809008.9843750000000000000000000000000000000000
88912003288162.1718750000000000000000000000000000000000
-65905792944494.5000000000000000000000000000000000000000
120979421824125.0156250000000000000000000000000000000000
160333319997754.6875000000000000000000000000000000000000
111121092948448.1718750000000000000000000000000000000000
240360187443851.3437500000000000000000000000000000000000
26536706447138.2070312500000000000000000000000000000000
155219158308332.0312500000000000000000000000000000000000
88438565411763.3281250000000000000000000000000000000000
77368392704886.0937500000000000000000000000000000000000
291928088164266.5625000000000000000000000000000000000000
19600763677836.6796875000000000000000000000000000000000
143367431615043.5625000000000000000000000000000000000000
64420821435004.4296875000000000000000000000000000000000
115844259604622.5468750000000000000000000000000000000000
-32734829814229.3710937500000000000000000000000000000000
34402848908229.4765625000000000000000000000000000000000
197281900939801.2812500000000000000000000000000000000000
8694095482669.1113281250000000000000000000000000000000
-341988811287066.8750000000000000000000000000000000000000
-170570619993499.9687500000000000000000000000000000000000
-15522828831768.8476562500000000000000000000000000000000
-33926106730347.3593750000000000000000000000000000000000
158857314617643.5625000000000000000000000000000000000000
9314268945161.9394531250000000000000000000000000000000
193944765415134.5625000000000000000000000000000000000000
-264278900112062.7500000000000000000000000000000000000000
-185738847943290.9687500000000000000000000000000000000000
-209946292008476.6562500000000000000000000000000000000000
-55729754323199.9609375000000000000000000000000000000000
57414253068884.1875000000000000000000000000000000000000
-196064692974083.9375000000000000000000000000000000000000
-110536605995944.8906250000000000000000000000000000000000
-11913010038388.0351562500000000000000000000000000000000
-183543484253658.7187500000000000000000000000000000000000
-195586635316317.6562500000000000000000000000000000000000
-124882406479366.9375000000000000000000000000000000000000
-303932694786820.3125000000000000000000000000000000000000
8702734409013.4628906250000000000000000000000000000000
228506866616969.6562500000000000000000000000000000000000
-8480970296335.8447265625000000000000000000000000000000
261729756633267.0000000000000000000000000000000000000000
158810590564019.4375000000000000000000000000000000000000
497242612785304.2500000000000000000000000000000000000000
-154988519339243.8437500000000000000000000000000000000000
-50558620441085.6718750000000000000000000000000000000000
211710785191441.7187500000000000000000000000000000000000
65382451747186.6718750000000000000000000000000000000000
-49610119069653.1171875000000000000000000000000000000000
97753989932930.8750000000000000000000000000000000000000
-107044556954955.2812500000000000000000000000000000000000
12806525967153.3925781250000000000000000000000000000000
112173516554697.4062500000000000000000000000000000000000
152723016059507.8437500000000000000000000000000000000000
95243000417141.0781250000000000000000000000000000000000
313236591049172.5625000000000000000000000000000000000000
65962800122822.9765625000000000000000000000000000000000
-240296874370789.5000000000000000000000000000000000000000
118092541978963.3593750000000000000000000000000000000000
-196214006873945.9687500000000000000000000000000000000000
-36788169264019.3593750000000000000000000000000000000000
-10695551576465.2031250000000000000000000000000000000000
7812405556297.4306640625000000000000000000000000000000
61417413475336.2812500000000000000000000000000000000000
-15473985321157.2382812500000000000000000000000000000000
21428542568831.6328125000000000000000000000000000000000
-37283104842962.6875000000000000000000000000000000000000
-252531987995830.6562500000000000000000000000000000000000
-60832412878832.6171875000000000000000000000000000000000
-226992830233585.8750000000000000000000000000000000000000
-23745410667263.6757812500000000000000000000000000000000
-128245904416458.4531250000000000000000000000000000000000
265236800991328.3750000000000000000000000000000000000000
-415909419746800.6875000000000000000000000000000000000000
-128533745940905.8906250000000000000000000000000000000000
-196620139889346.2187500000000000000000000000000000000000
27339652422562.6601562500000000000000000000000000000000
132938582648320.6250000000000000000000000000000000000000
-127540334103261.9375000000000000000000000000000000000000
-52601604513454.8671875000000000000000000000000000000000
89288906879165.7031250000000000000000000000000000000000
-45141529430499.0390625000000000000000000000000000000000
-144767476575477.0312500000000000000000000000000000000000
352857024465413.5000000000000000000000000000000000000000
230862666756520.2812500000000000000000000000000000000000
-224150281867552.5625000000000000000000000000000000000000
232570179853713.9687500000000000000000000000000000000000
75738971983672.6718750000000000000000000000000000000000
397865188861947.1250000000000000000000000000000000000000
-209571936752307.7187500000000000000000000000000000000000
-127735763726998.9375000000000000000000000000000000000000
522412028626769.4375000000000000000000000000000000000000
-33664797490607.6015625000000000000000000000000000000000
-66383731469256.3984375000000000000000000000000000000000
-18197780730570.6289062500000000000000000000000000000000
351733110604024.5625000000000000000000000000000000000000
353193231127495.5625000000000000000000000000000000000000
-130166490117858.3281250000000000000000000000000000000000
-134016152164689.6718750000000000000000000000000000000000
-4592751913796.0664062500000000000000000000000000000000
119586570487348.4062500000000000000000000000000000000000
-165688955766486.6562500000000000000000000000000000000000
-291336861498738.4375000000000000000000000000000000000000
-293436947117662.8125000000000000000000000000000000000000
-198121833672517.1250000000000000000000000000000000000000
14358346156374.8242187500000000000000000000000000000000
-90814126554678.2968750000000000000000000000000000000000
41320327075311.0468750000000000000000000000000000000000
-241404098631857.2500000000000000000000000000000000000000
9684572278869.6875000000000000000000000000000000000000
-80557747715684.5781250000000000000000000000000000000000
-135541231190014.9062500000000000000000000000000000000000
33202152839323.2382812500000000000000000000000000000000
-324569648062986.6250000000000000000000000000000000000000
471629522991239.5625000000000000000000000000000000000000
-150188292681165.4062500000000000000000000000000000000000
31671289228349.7304687500000000000000000000000000000000
143023955801806.1250000000000000000000000000000000000000
108945206507819.5000000000000000000000000000000000000000
490357144592994.0000000000000000000000000000000000000000
-76636250395866.3437500000000000000000000000000000000000
-170128290048546.2500000000000000000000000000000000000000
9523504351561.4394531250000000000000000000000000000000
72970586842281.2187500000000000000000000000000000000000
-161201656672528.6875000000000000000000000000000000000000
122972512023222.2343750000000000000000000000000000000000
226184087186662.2812500000000000000000000000000000000000
16041971708866.0585937500000000000000000000000000000000
-50272462282581.4453125000000000000000000000000000000000
507128892109809.0625000000000000000000000000000000000000
-318759769279381.5000000000000000000000000000000000000000
106453554660877.7500000000000000000000000000000000000000
-274464602600498.5312500000000000000000000000000000000000
290555710748868.9375000000000000000000000000000000000000
-489381957493145.3750000000000000000000000000000000000000
-48824223398677.5625000000000000000000000000000000000000
-669441140031617.8750000000000000000000000000000000000000
448618733418075.1250000000000000000000000000000000000000
338936879575328.1250000000000000000000000000000000000000
-535890300545386.7500000000000000000000000000000000000000
128520233107701.9531250000000000000000000000000000000000
-120627151736362.3281250000000000000000000000000000000000
147336838554740.2187500000000000000000000000000000000000
433809437391268.1250000000000000000000000000000000000000
-196541972781251.7812500000000000000000000000000000000000
128687444381052.1875000000000000000000000000000000000000
225863903764483.5000000000000000000000000000000000000000
-434045579499043.5625000000000000000000000000000000000000
243509139564472.8437500000000000000000000000000000000000
-134857122767081.7031250000000000000000000000000000000000
