2.2395823860103836189239245868520811200142
-415.1499597387189623987069353461265563964844
12752.2723389293369109509512782096862792968750
604386.6077529377071186900138854980468750000000
-48068018.6894637867808341979980468750000000000000
1409198080.8516545295715332031250000000000000000000
-24269209860.4749488830566406250000000000000000000000
278837232784.5205688476562500000000000000000000000000
-2266194349153.4306640625000000000000000000000000000000
13427988953715.7558593750000000000000000000000000000000
-58756139689575.3984375000000000000000000000000000000000
189387985499573.5625000000000000000000000000000000000000
-439865533247268.0000000000000000000000000000000000000000
693667635167634.8750000000000000000000000000000000000000
-623946159529446.0000000000000000000000000000000000000000
68953347859583.0468750000000000000000000000000000000000
428769480118173.7500000000000000000000000000000000000000
-171082736191973.2187500000000000000000000000000000000000
-300904662469484.7500000000000000000000000000000000000000
-77357371622910.6093750000000000000000000000000000000000
564775346424336.5000000000000000000000000000000000000000
-82325135649489.4218750000000000000000000000000000000000
-45891353913915.8750000000000000000000000000000000000000
-601301899927316.7500000000000000000000000000000000000000
72965701360393.4531250000000000000000000000000000000000
624335901690799.8750000000000000000000000000000000000000
215513402100371.2187500000000000000000000000000000000000
-357860745768125.8125000000000000000000000000000000000000
-238391722566549.4375000000000000000000000000000000000000
-108085830603353.4687500000000000000000000000000000000000
-68955010795796.7656250000000000000000000000000000000000
245647643707650.2812500000000000000000000000000000000000
122622553254902.4218750000000000000000000000000000000000
330378356288936.6875000000000000000000000000000000000000
-127223217346767.8437500000000000000000000000000000000000
-354213891156388.8750000000000000000000000000000000000000
203037628163207.8750000000000000000000000000000000000000
-179206339036415.3437500000000000000000000000000000000000
-359681439803702.8125000000000000000000000000000000000000
-239245358589388.4687500000000000000000000000000000000000
921644592440291.1250000000000000000000000000000000000000
-134188671830599.4843750000000000000000000000000000000000
274267751482955.3750000000000000000000000000000000000000
-182929544795992.3125000000000000000000000000000000000000
-131372544661611.3437500000000000000000000000000000000000
-43672843331152.9609375000000000000000000000000000000000
186138617428082.0625000000000000000000000000000000000000
-148823450202113.9062500000000000000000000000000000000000
-541074642457614.2500000000000000000000000000000000000000
10555786973200.3281250000000000000000000000000000000000
317329864557816.1250000000000000000000000000000000000000
-216796843674539.0000000000000000000000000000000000000000
259731560996958.1250000000000000000000000000000000000000
106062546694394.7031250000000000000000000000000000000000
267928373868373.5312500000000000000000000000000000000000
89795752587175.2968750000000000000000000000000000000000
59990888656636.8515625000000000000000000000000000000000
79096175892760.3593750000000000000000000000000000000000
-172921270592191.6562500000000000000000000000000000000000
-207049542257853.3750000000000000000000000000000000000000
-145926803367563.5000000000000000000000000000000000000000
-308115891362051.8750000000000000000000000000000000000000
-343679281045207.8750000000000000000000000000000000000000
52609528564594.5937500000000000000000000000000000000000
124216890836019.9687500000000000000000000000000000000000
134613891043125.8593750000000000000000000000000000000000
49275789599010.6875000000000000000000000000000000000000
199056521606844.7187500000000000000000000000000000000000
320767184926917.2500000000000000000000000000000000000000
243322916777662.3750000000000000000000000000000000000000
50413940112171.1250000000000000000000000000000000000000
65473769729115.4687500000000000000000000000000000000000
65248804813022.3046875000000000000000000000000000000000
-103230914778256.6562500000000000000000000000000000000000
-146009469068869.1875000000000000000000000000000000000000
-177428769593993.8750000000000000000000000000000000000000
-175853534538038.3750000000000000000000000000000000000000
-259143955821890.9687500000000000000000000000000000000000
-169244180513012.7187500000000000000000000000000000000000
-137256117478983.0468750000000000000000000000000000000000
-36976336949141.5781250000000000000000000000000000000000
-85078082456631.5000000000000000000000000000000000000000
-77756556625126.5000000000000000000000000000000000000000
135649429724366.9687500000000000000000000000000000000000
201025677867053.2187500000000000000000000000000000000000
256348739491161.3437500000000000000000000000000000000000
121884498282333.1562500000000000000000000000000000000000
134581630236295.1718750000000000000000000000000000000000
189372611820380.6875000000000000000000000000000000000000
179866490282543.6875000000000000000000000000000000000000
28421728883540.0859375000000000000000000000000000000000
173134662298107.9687500000000000000000000000000000000000
22186807843034.2500000000000000000000000000000000000000
102463094889495.4687500000000000000000000000000000000000
-129551269365451.2656250000000000000000000000000000000000
28622029680272.9453125000000000000000000000000000000000
-459437847627246.0000000000000000000000000000000000000000
-151246567955224.8750000000000000000000000000000000000000
-167334735262844.7500000000000000000000000000000000000000
-240657757064184.8437500000000000000000000000000000000000
-98166207663691.2500000000000000000000000000000000000000
-173614782602912.9062500000000000000000000000000000000000
-18832873956956.7031250000000000000000000000000000000000
-308310632675308.0000000000000000000000000000000000000000
-141813049321851.2187500000000000000000000000000000000000
91127434553579.2812500000000000000000000000000000000000
255400188487591.5937500000000000000000000000000000000000
38120822998180.7500000000000000000000000000000000000000
86746012370520.1250000000000000000000000000000000000000
139069592484599.7968750000000000000000000000000000000000
563061973610296.2500000000000000000000000000000000000000
153815303327125.0312500000000000000000000000000000000000
66995287784319.2187500000000000000000000000000000000000
169156275436799.7500000000000000000000000000000000000000
248987889991953.5312500000000000000000000000000000000000
13218770817982.2246093750000000000000000000000000000000
-4098231156034.1503906250000000000000000000000000000000
193539840881588.1875000000000000000000000000000000000000
-162584811456093.1250000000000000000000000000000000000000
12138972838319.7246093750000000000000000000000000000000
-182805282819367.0312500000000000000000000000000000000000
6611335504604.7343750000000000000000000000000000000000
58722152630112.4609375000000000000000000000000000000000
-295186976203362.6250000000000000000000000000000000000000
-87793153968702.9687500000000000000000000000000000000000
-228036316110366.9375000000000000000000000000000000000000
-342204341633860.2500000000000000000000000000000000000000
-242197436486465.2812500000000000000000000000000000000000
-148556737988051.0937500000000000000000000000000000000000
-47065457217356.0781250000000000000000000000000000000000
-275133385263341.2500000000000000000000000000000000000000
82055202895193.3750000000000000000000000000000000000000
-224668599436029.8125000000000000000000000000000000000000
84787262417551.9687500000000000000000000000000000000000
-32396220707781.9257812500000000000000000000000000000000
66953398990667.8125000000000000000000000000000000000000
-5405306949891.8183593750000000000000000000000000000000
121285384762138.7968750000000000000000000000000000000000
388461035323566.3750000000000000000000000000000000000000
38632810171273.0390625000000000000000000000000000000000
306915225498505.1250000000000000000000000000000000000000
254898170038212.0312500000000000000000000000000000000000
218716409263868.7812500000000000000000000000000000000000
226811257686589.9687500000000000000000000000000000000000
143230406337104.1875000000000000000000000000000000000000
339760114982491.6875000000000000000000000000000000000000
-86018372706611.7656250000000000000000000000000000000000
80778124728622.2968750000000000000000000000000000000000
-52487745478348.1093750000000000000000000000000000000000
172083393480072.4062500000000000000000000000000000000000
49332510303311.1953125000000000000000000000000000000000
-314348367431442.1250000000000000000000000000000000000000
-52035141600488.3281250000000000000000000000000000000000
77735240486092.7031250000000000000000000000000000000000
-198878044701409.6875000000000000000000000000000000000000
-127724942241045.3125000000000000000000000000000000000000
-17342017438667.5781250000000000000000000000000000000000
-341878293723688.3125000000000000000000000000000000000000
-366344824496090.7500000000000000000000000000000000000000
-105249241128782.5000000000000000000000000000000000000000
-31029725174845.2187500000000000000000000000000000000000
-230771559184981.6875000000000000000000000000000000000000
-350374843361658.4375000000000000000000000000000000000000
-125745302191055.0468750000000000000000000000000000000000
-41471333251240.0625000000000000000000000000000000000000
47503285127027.7031250000000000000000000000000000000000
52224259347279.0468750000000000000000000000000000000000
-14329925700383.4218750000000000000000000000000000000000
-224047600732652.9375000000000000000000000000000000000000
3692331407236.1318359375000000000000000000000000000000
246561099148060.7812500000000000000000000000000000000000
90367522850363.0781250000000000000000000000000000000000
157774247469954.1562500000000000000000000000000000000000
-52255787573180.8281250000000000000000000000000000000000
45271980702392.1171875000000000000000000000000000000000
146619505526482.2187500000000000000000000000000000000000
173441423514642.5937500000000000000000000000000000000000
330852562480173.0000000000000000000000000000000000000000
35303015721444.7031250000000000000000000000000000000000
423334461630687.8750000000000000000000000000000000000000
-1777874419076.4841308593750000000000000000000000000000
153903869243205.8750000000000000000000000000000000000000
40324161810195.8515625000000000000000000000000000000000
-213876818789453.8750000000000000000000000000000000000000
248121918787073.4687500000000000000000000000000000000000
-95130815360950.0781250000000000000000000000000000000000
174605525558104.8437500000000000000000000000000000000000
-92061899723317.4218750000000000000000000000000000000000
137709749594852.2812500000000000000000000000000000000000
-2926372646005.4487304687500000000000000000000000000000
226730051167757.8125000000000000000000000000000000000000
91601238006179.3906250000000000000000000000000000000000
-27151112445448.0000000000000000000000000000000000000000
79199352597631.3906250000000000000000000000000000000000
-40888927406639.9843750000000000000000000000000000000000
-160007130421195.5625000000000000000000000000000000000000
-379850318305208.9375000000000000000000000000000000000000
-254278892624913.9062500000000000000000000000000000000000
-155674064076931.6875000000000000000000000000000000000000
13998632337706.6386718750000000000000000000000000000000
-96462208547935.2031250000000000000000000000000000000000
-184771549155582.6562500000000000000000000000000000000000
-154161942361895.6250000000000000000000000000000000000000
-5446611006819.8037109375000000000000000000000000000000
-371341458802101.2500000000000000000000000000000000000000
90873724558684.5156250000000000000000000000000000000000
43890383053950.7812500000000000000000000000000000000000
-229946270186022.5625000000000000000000000000000000000000
28442176096171.4804687500000000000000000000000000000000
-80642624571872.2187500000000000000000000000000000000000
-48124716761286.7890625000000000000000000000000000000000
-259617604278601.1875000000000000000000000000000000000000
-239274462824576.0000000000000000000000000000000000000000
-15103441633981.9160156250000000000000000000000000000000
180590501802949.1875000000000000000000000000000000000000
-24918415636993.8437500000000000000000000000000000000000
-26708555584747.3437500000000000000000000000000000000000
235752089853328.8437500000000000000000000000000000000000
52593370632615.8828125000000000000000000000000000000000
-131496727049104.2500000000000000000000000000000000000000
429640720864989.9375000000000000000000000000000000000000
254944229969089.5625000000000000000000000000000000000000
-38676706866321.8671875000000000000000000000000000000000
187923488053316.9687500000000000000000000000000000000000
137840433890147.9375000000000000000000000000000000000000
91916738053282.8750000000000000000000000000000000000000
98537082733650.7343750000000000000000000000000000000000
356757731112437.6250000000000000000000000000000000000000
29971241686927.5976562500000000000000000000000000000000
251517060766269.3125000000000000000000000000000000000000
210267745595078.0625000000000000000000000000000000000000
-65950016149111.5234375000000000000000000000000000000000
68245576051360.1171875000000000000000000000000000000000
85328441841633.7656250000000000000000000000000000000000
184801152288128.6250000000000000000000000000000000000000
150888141066083.9062500000000000000000000000000000000000
191032321976272.3437500000000000000000000000000000000000
-145437351261857.1250000000000000000000000000000000000000
-448602672045793.1875000000000000000000000000000000000000
-84974059178252.9375000000000000000000000000000000000000
27970181143173.1718750000000000000000000000000000000000
-264253021075860.9687500000000000000000000000000000000000
-195059811335842.4687500000000000000000000000000000000000
114917476575387.0937500000000000000000000000000000000000
194076152369587.0000000000000000000000000000000000000000
-123763636687096.2031250000000000000000000000000000000000
-164428729625412.7500000000000000000000000000000000000000
-351663982031259.3125000000000000000000000000000000000000
-108970214538946.5312500000000000000000000000000000000000
-30333064948177.7734375000000000000000000000000000000000
-87902957014011.9843750000000000000000000000000000000000
10924603047924.6093750000000000000000000000000000000000
-296530287459141.2500000000000000000000000000000000000000
-247502822917749.1562500000000000000000000000000000000000
-214951790443849.8125000000000000000000000000000000000000
160796143389471.2187500000000000000000000000000000000000
-99502511275625.9375000000000000000000000000000000000000
-321200255369105.1250000000000000000000000000000000000000
38325387551675.7656250000000000000000000000000000000000
427721739248900.4375000000000000000000000000000000000000
142917634263931.0625000000000000000000000000000000000000
23434587134986.7304687500000000000000000000000000000000
-35325527556168.1640625000000000000000000000000000000000
228231666293529.9687500000000000000000000000000000000000
-390416793554643.3750000000000000000000000000000000000000
88274006459566.8437500000000000000000000000000000000000
35269648117675.6171875000000000000000000000000000000000
-70189805959801.0625000000000000000000000000000000000000
-51063161961185.0625000000000000000000000000000000000000
-109134294577808.8750000000000000000000000000000000000000
189137363599192.2812500000000000000000000000000000000000
290494121277936.8750000000000000000000000000000000000000
-191356642363685.6875000000000000000000000000000000000000
-100213810281128.7500000000000000000000000000000000000000
-88172397101291.3125000000000000000000000000000000000000
-175632293358980.1875000000000000000000000000000000000000
48637615658212.7187500000000000000000000000000000000000
550057495301103.1250000000000000000000000000000000000000
-178218827552594.3437500000000000000000000000000000000000
66483924238596.9843750000000000000000000000000000000000
300726513656598.5625000000000000000000000000000000000000
256219118973814.3437500000000000000000000000000000000000
-127699286951952.2343750000000000000000000000000000000000
-122325549644161.2500000000000000000000000000000000000000
127149174547236.5625000000000000000000000000000000000000
-118993832153229.7656250000000000000000000000000000000000
358212308157489.4375000000000000000000000000000000000000
77592392950389.9062500000000000000000000000000000000000
435928347339887.6250000000000000000000000000000000000000
172120865393839.1562500000000000000000000000000000000000
108989868235996.7812500000000000000000000000000000000000
-58688223457025.3046875000000000000000000000000000000000
210494653716984.0625000000000000000000000000000000000000
-287228579807681.5000000000000000000000000000000000000000
-198993555650055.5312500000000000000000000000000000000000
-35801473490933.5234375000000000000000000000000000000000
244369889701478.3437500000000000000000000000000000000000
-64735778367129.8125000000000000000000000000000000000000
258596517242105.3750000000000000000000000000000000000000
-195763312805030.2500000000000000000000000000000000000000
-146920261521672.0937500000000000000000000000000000000000
284411703435684.8125000000000000000000000000000000000000
-193430926560309.7500000000000000000000000000000000000000
-103902120521802.5781250000000000000000000000000000000000
-230568065506080.8125000000000000000000000000000000000000
-41446348964474.9375000000000000000000000000000000000000
-49901026325112.6406250000000000000000000000000000000000
-6013654211564.1425781250000000000000000000000000000000
-141206472696001.1562500000000000000000000000000000000000
213429472003231.5000000000000000000000000000000000000000
-581958622405651.8750000000000000000000000000000000000000
-369419023881112.9375000000000000000000000000000000000000
-65780270270987.3671875000000000000000000000000000000000
-247069019772176.7812500000000000000000000000000000000000
228894875900581.3437500000000000000000000000000000000000
-205401414164294.8437500000000000000000000000000000000000
38126681388421.2187500000000000000000000000000000000000
-384999484449779.9375000000000000000000000000000000000000
35774990627918.2578125000000000000000000000000000000000
-93366543476244.5625000000000000000000000000000000000000
-80703660005571.0000000000000000000000000000000000000000
212466864387369.3437500000000000000000000000000000000000
-154350939709638.4375000000000000000000000000000000000000
5044089282919.4355468750000000000000000000000000000000
165936902348405.5000000000000000000000000000000000000000
-180489721657498.2187500000000000000000000000000000000000
12307544578776.5917968750000000000000000000000000000000
-143267595593826.5937500000000000000000000000000000000000
428418211250392.1875000000000000000000000000000000000000
307938423399507.4375000000000000000000000000000000000000
61123330201826.5156250000000000000000000000000000000000
101080280861343.1875000000000000000000000000000000000000
527304827676339.3125000000000000000000000000000000000000
-409949541694477.1875000000000000000000000000000000000000
-352574902643065.9375000000000000000000000000000000000000
360723792624926.5625000000000000000000000000000000000000
-135813345598159.4375000000000000000000000000000000000000
-134527597002801.5625000000000000000000000000000000000000
139821319351999.2968750000000000000000000000000000000000
505855815182898.5625000000000000000000000000000000000000
-382182292445034.2500000000000000000000000000000000000000
242945566423062.8437500000000000000000000000000000000000
133671783914682.0781250000000000000000000000000000000000
-22415390565632.1015625000000000000000000000000000000000
140153017851888.8593750000000000000000000000000000000000
-153637262954533.2812500000000000000000000000000000000000
142613613936556.4062500000000000000000000000000000000000
-170242175457250.4687500000000000000000000000000000000000
-136132747095377.3437500000000000000000000000000000000000
499760659561932.0000000000000000000000000000000000000000
171387315777906.4062500000000000000000000000000000000000
315042182285836.6875000000000000000000000000000000000000
28110741487256.2539062500000000000000000000000000000000
148518744699987.1250000000000000000000000000000000000000
-167124572168300.9375000000000000000000000000000000000000
311007837296685.3125000000000000000000000000000000000000
204345994566468.0937500000000000000000000000000000000000
-481466579369669.3750000000000000000000000000000000000000
-116974925188525.2500000000000000000000000000000000000000
287891597918738.8750000000000000000000000000000000000000
-453323740345409.0625000000000000000000000000000000000000
37914437068313.4140625000000000000000000000000000000000
-151733483093387.6875000000000000000000000000000000000000
231568148240422.9062500000000000000000000000000000000000
29190666429632.2617187500000000000000000000000000000000
-525714374851722.5625000000000000000000000000000000000000
219326600426427.3437500000000000000000000000000000000000
-55673081877977.2187500000000000000000000000000000000000
-369177147083789.6875000000000000000000000000000000000000
248735852332575.5312500000000000000000000000000000000000
-242938480277331.7812500000000000000000000000000000000000
-243388380709001.9375000000000000000000000000000000000000
104013284378800.2187500000000000000000000000000000000000
214150607068928.2812500000000000000000000000000000000000
-451228003836457.3125000000000000000000000000000000000000
-385525979034855.5625000000000000000000000000000000000000
71273833134627.7500000000000000000000000000000000000000
-20470131718946.2382812500000000000000000000000000000000
-120949883535554.2812500000000000000000000000000000000000
-52899552566678.0625000000000000000000000000000000000000
-106506046658495.3906250000000000000000000000000000000000
48047989407916.2421875000000000000000000000000000000000
17463266623601.3867187500000000000000000000000000000000
-207838724511534.2187500000000000000000000000000000000000
402327343978813.0000000000000000000000000000000000000000
-679264050703990.1250000000000000000000000000000000000000
300120265880506.8125000000000000000000000000000000000000
416046517002431.6250000000000000000000000000000000000000
-208206741269740.6875000000000000000000000000000000000000
692819885707141.8750000000000000000000000000000000000000
-258817961533586.1562500000000000000000000000000000000000
-259090354328613.6562500000000000000000000000000000000000
-298406944993340.9375000000000000000000000000000000000000
55012974757977.8046875000000000000000000000000000000000
180708435842911.9375000000000000000000000000000000000000
470317462217554.8125000000000000000000000000000000000000
393383571935744.7500000000000000000000000000000000000000
34326254643481.6406250000000000000000000000000000000000
-222539326779916.2187500000000000000000000000000000000000
12708765209206.1835937500000000000000000000000000000000
118042294688759.8281250000000000000000000000000000000000
35206317932333.0312500000000000000000000000000000000000
88216675569728.6875000000000000000000000000000000000000
-708482931807466.1250000000000000000000000000000000000000
118716029371256.1875000000000000000000000000000000000000
195375422216016.0312500000000000000000000000000000000000
290617626957401.5625000000000000000000000000000000000000
99128354232699.0312500000000000000000000000000000000000
57287375631978.7265625000000000000000000000000000000000
58709137264983.4453125000000000000000000000000000000000
93034725167520.9843750000000000000000000000000000000000
-444787165866595.5000000000000000000000000000000000000000
84801730959489.9531250000000000000000000000000000000000
234408654924273.4062500000000000000000000000000000000000
408990366753558.6875000000000000000000000000000000000000
-277423694981712.4062500000000000000000000000000000000000
-414934230176934.3750000000000000000000000000000000000000
346495318581086.3750000000000000000000000000000000000000
102725553914442.2343750000000000000000000000000000000000
42326190754715.2109375000000000000000000000000000000000
203619201469177.2187500000000000000000000000000000000000
62885315933967.9609375000000000000000000000000000000000
-6937602532999.9169921875000000000000000000000000000000
84889441124213.5781250000000000000000000000000000000000
-198812365857271.9687500000000000000000000000000000000000
247996404330687.6250000000000000000000000000000000000000
-196194099462646.6562500000000000000000000000000000000000
-29675857839835.2812500000000000000000000000000000000000
-187466645967143.9375000000000000000000000000000000000000
42000111308775.5546875000000000000000000000000000000000
-361397498263845.5000000000000000000000000000000000000000
23104830956775.4726562500000000000000000000000000000000
257081982454690.5937500000000000000000000000000000000000
101843178798935.3125000000000000000000000000000000000000
-233293349706288.7500000000000000000000000000000000000000
-572816201401048.7500000000000000000000000000000000000000
-68429606941101.1953125000000000000000000000000000000000
-422161398339757.0000000000000000000000000000000000000000
-19903831055844.1054687500000000000000000000000000000000
-153640083991536.5625000000000000000000000000000000000000
-490042649324351.1875000000000000000000000000000000000000
52940497584327.5078125000000000000000000000000000000000
135978760888405.3281250000000000000000000000000000000000
56976967517840.8125000000000000000000000000000000000000
107088049948201.8750000000000000000000000000000000000000
62036231906334.6562500000000000000000000000000000000000
176006254741706.5625000000000000000000000000000000000000
225608204123372.0312500000000000000000000000000000000000
228384088556221.5000000000000000000000000000000000000000
192319995729525.0625000000000000000000000000000000000000
-280399861860250.0937500000000000000000000000000000000000
-246425850183124.8125000000000000000000000000000000000000
321224882921119.7500000000000000000000000000000000000000
392700345953998.9375000000000000000000000000000000000000
-496634150760901.6875000000000000000000000000000000000000
336912160080445.5625000000000000000000000000000000000000
-96644296150480.4062500000000000000000000000000000000000
-353701409320160.2500000000000000000000000000000000000000
826908694686342.3750000000000000000000000000000000000000
220607739521546.4687500000000000000000000000000000000000
70785854454283.8281250000000000000000000000000000000000
718033834858171.0000000000000000000000000000000000000000
72092552378594.1093750000000000000000000000000000000000
-295490708847541.8125000000000000000000000000000000000000
-278922866782353.5625000000000000000000000000000000000000
-542056519163507.4375000000000000000000000000000000000000
566399229530064.6250000000000000000000000000000000000000
-361298556404278.8125000000000000000000000000000000000000
-7865911909187.7431640625000000000000000000000000000000
-373097892360328.1250000000000000000000000000000000000000
-123555802599068.7343750000000000000000000000000000000000
215233415894595.7187500000000000000000000000000000000000
66546967130772.9921875000000000000000000000000000000000
206187246743685.9062500000000000000000000000000000000000
-251502103515360.5000000000000000000000000000000000000000
-485984120228766.7500000000000000000000000000000000000000
-412386946093584.5625000000000000000000000000000000000000
-93106236064605.0312500000000000000000000000000000000000
630137860649512.6250000000000000000000000000000000000000
539633835004789.0000000000000000000000000000000000000000
-85968070645843.8437500000000000000000000000000000000000
65266114444768.4375000000000000000000000000000000000000
-378116153181666.8125000000000000000000000000000000000000
156550145893615.0000000000000000000000000000000000000000
-503869285493608.2500000000000000000000000000000000000000
191439082141178.0937500000000000000000000000000000000000
-194476927751125.8750000000000000000000000000000000000000
-3723328857043.0878906250000000000000000000000000000000
-294560558427161.4375000000000000000000000000000000000000
181371887710602.6250000000000000000000000000000000000000
150049225288536.3750000000000000000000000000000000000000
-84695942790116.7343750000000000000000000000000000000000
453855919580975.8125000000000000000000000000000000000000
334466180633106.3125000000000000000000000000000000000000
170491066385291.3125000000000000000000000000000000000000
119576463701266.3437500000000000000000000000000000000000
140972981930641.5625000000000000000000000000000000000000
-562179617783061.1875000000000000000000000000000000000000
-386321874401907.5625000000000000000000000000000000000000
-278153848815735.7500000000000000000000000000000000000000
457487321390180.8125000000000000000000000000000000000000
