-0.3392460973768727794386279583704890683293
72.3552392954801746327575528994202613830566
-2527.0096109645742217253427952527999877929688
27680.4944663151691202074289321899414062500000
-46127.2233975446288241073489189147949218750000
-1151180.4701161864213645458221435546875000000000
9219176.0964919012039899826049804687500000000000
-30502397.1097894124686717987060546875000000000000
46976298.8031629696488380432128906250000000000000
-18615817.0143257454037666320800781250000000000000
-30115141.8267362304031848907470703125000000000000
20851687.9418543912470340728759765625000000000000
6771483.2094365376979112625122070312500000000000
11597680.9206959251314401626586914062500000000000
-8705878.4432384986430406570434570312500000000000
7800141.0454903440549969673156738281250000000000
-23324099.3743064738810062408447265625000000000000
-47492462.7652216181159019470214843750000000000000
73356801.9871870577335357666015625000000000000000
7251589.4115956919267773628234863281250000000000
-1219083.1077968874014914035797119140625000000000
-55459188.0551117733120918273925781250000000000000
-27522498.4439552128314971923828125000000000000000
123175457.1715764552354812622070312500000000000000
-8694861.3991388790309429168701171875000000000000
-58150579.2743180841207504272460937500000000000000
32027296.8108793459832668304443359375000000000000
-2716801.3306273021735250949859619140625000000000
-110425263.1733100116252899169921875000000000000000
9398538.2354995235800743103027343750000000000000
38929796.7240326777100563049316406250000000000000
49101948.6422836035490036010742187500000000000000
3034741.9706989340484142303466796875000000000000
-65534555.4823879599571228027343750000000000000000
93369773.3638137876987457275390625000000000000000
80924776.4006021618843078613281250000000000000000
-15863941.2267831638455390930175781250000000000000
-50133012.0194137096405029296875000000000000000000
29161557.0068587809801101684570312500000000000000
-157788850.8909068107604980468750000000000000000000
-77130353.3747942447662353515625000000000000000000
-15086932.5863151513040065765380859375000000000000
-67030602.4329308494925498962402343750000000000000
51034275.2496501207351684570312500000000000000000
171006373.0733978450298309326171875000000000000000
42916404.4331404864788055419921875000000000000000
222230964.7026630342006683349609375000000000000000
-69409608.7148884683847427368164062500000000000000
17006151.5475120246410369873046875000000000000000
85455455.6148698478937149047851562500000000000000
-53030016.8435607701539993286132812500000000000000
-115390878.3281924128532409667968750000000000000000
-154283512.8573437631130218505859375000000000000000
58134991.3250039517879486083984375000000000000000
-349156262.5544794797897338867187500000000000000000
-159437960.9079922437667846679687500000000000000000
145647803.1942939162254333496093750000000000000000
-181045806.7241545617580413818359375000000000000000
540336861.5669667720794677734375000000000000000000
53257197.8234786763787269592285156250000000000000
73062763.8239635229110717773437500000000000000000
-92943030.1973903924226760864257812500000000000000
24657334.0398334376513957977294921875000000000000
-38841344.8381302952766418457031250000000000000000
-284127394.1229916810989379882812500000000000000000
105547072.6395749449729919433593750000000000000000
91393660.3921856433153152465820312500000000000000
253074654.3847913444042205810546875000000000000000
176617332.6449073255062103271484375000000000000000
-601359218.5262024402618408203125000000000000000000
940158681.1365890502929687500000000000000000000000
73153541.8720195740461349487304687500000000000000
-239332753.8957046866416931152343750000000000000000
-524669577.7653890252113342285156250000000000000000
-19058680.0591960772871971130371093750000000000000
-583377864.2449736595153808593750000000000000000000
-264418418.1827495396137237548828125000000000000000
465016058.3275607824325561523437500000000000000000
41597478.7324508205056190490722656250000000000000
621103349.2394115924835205078125000000000000000000
-211887038.4209044277667999267578125000000000000000
303992084.9533880352973937988281250000000000000000
-192079154.2370232045650482177734375000000000000000
609604993.7936059236526489257812500000000000000000
-225195192.4433342218399047851562500000000000000000
-69849919.5246920138597488403320312500000000000000
-347624984.0491620898246765136718750000000000000000
-923203880.3616279363632202148437500000000000000000
443483986.2930353283882141113281250000000000000000
-53611838.1113352999091148376464843750000000000000
-431554883.7489684820175170898437500000000000000000
464159951.3605294227600097656250000000000000000000
-698179079.8572638034820556640625000000000000000000
92059017.1896234750747680664062500000000000000000
115180438.4980962276458740234375000000000000000000
155326268.5016111433506011962890625000000000000000
-366345520.1839461922645568847656250000000000000000
184063000.4951270818710327148437500000000000000000
573203980.5743558406829833984375000000000000000000
-93033939.9835868775844573974609375000000000000000
713276672.1221226453781127929687500000000000000000
502703078.9915533661842346191406250000000000000000
17261763.6931782849133014678955078125000000000000
364975267.9594399333000183105468750000000000000000
-136759182.3070296943187713623046875000000000000000
91845157.7205973863601684570312500000000000000000
287924463.1559936404228210449218750000000000000000
114378736.5042584836483001708984375000000000000000
-952853570.2953994274139404296875000000000000000000
-177649562.3209476470947265625000000000000000000000
242676125.2950844466686248779296875000000000000000
-203059577.4012613892555236816406250000000000000000
-418910417.4497876763343811035156250000000000000000
-41353571.5996220335364341735839843750000000000000
-201002528.6895268261432647705078125000000000000000
-14579029.2255139350891113281250000000000000000000
-42034110.3364157453179359436035156250000000000000
686335099.1176606416702270507812500000000000000000
-224373371.7519131302833557128906250000000000000000
-256520878.2767764031887054443359375000000000000000
-323340303.1346149444580078125000000000000000000000
14596776.1241501234471797943115234375000000000000
863068531.1288790702819824218750000000000000000000
-581045617.4539877176284790039062500000000000000000
49012256.9925656318664550781250000000000000000000
-464181111.0370219349861145019531250000000000000000
-129609323.2929172962903976440429687500000000000000
-397487134.9648941755294799804687500000000000000000
8506614.7886672373861074447631835937500000000000
135281857.1954174637794494628906250000000000000000
-175243007.4614861011505126953125000000000000000000
132838506.1960787624120712280273437500000000000000
387794810.9254482984542846679687500000000000000000
34137581.5089080631732940673828125000000000000000
-530676521.2488392591476440429687500000000000000000
-363262490.0267341136932373046875000000000000000000
691232414.3786925077438354492187500000000000000000
-7605415.5102031584829092025756835937500000000000
76594222.2059008926153182983398437500000000000000
237058299.2526498138904571533203125000000000000000
-590630968.1642184257507324218750000000000000000000
-312474139.8139527440071105957031250000000000000000
66047187.2333896830677986145019531250000000000000
904127261.4408181905746459960937500000000000000000
-271602404.6583057641983032226562500000000000000000
50139752.6699381321668624877929687500000000000000
1279814495.5473744869232177734375000000000000000000
468349068.4676589965820312500000000000000000000000
52587278.5431938618421554565429687500000000000000
-263726880.5824387371540069580078125000000000000000
1471051024.2706313133239746093750000000000000000000
-649253823.5577732324600219726562500000000000000000
-526406877.6811346411705017089843750000000000000000
97121116.9905956834554672241210937500000000000000
37480619.4271005243062973022460937500000000000000
309615038.7053617835044860839843750000000000000000
-493840580.5843936204910278320312500000000000000000
-738252807.5140558481216430664062500000000000000000
-523633420.5403645038604736328125000000000000000000
78251786.8840032070875167846679687500000000000000
-869413526.9894255399703979492187500000000000000000
467724143.1927071213722229003906250000000000000000
180472649.2754956483840942382812500000000000000000
498613814.5195459723472595214843750000000000000000
497202553.8274201750755310058593750000000000000000
-84347664.1740476042032241821289062500000000000000
172154139.9311199188232421875000000000000000000000
-687663141.1333838701248168945312500000000000000000
1248758487.9803469181060791015625000000000000000000
-454859695.1672323346138000488281250000000000000000
370208673.8659703731536865234375000000000000000000
-125360630.3382274806499481201171875000000000000000
248935948.4921724796295166015625000000000000000000
-1165425251.6160578727722167968750000000000000000000
-220481179.9508026838302612304687500000000000000000
-526358308.4207975864410400390625000000000000000000
135047723.8910740017890930175781250000000000000000
-705333156.9635065793991088867187500000000000000000
-232252693.3475658297538757324218750000000000000000
404270573.6390039920806884765625000000000000000000
-440472736.4073447585105895996093750000000000000000
252074331.5157105922698974609375000000000000000000
-560566593.4813351631164550781250000000000000000000
84177545.8853574842214584350585937500000000000000
892744403.7543665170669555664062500000000000000000
-991332420.4725378751754760742187500000000000000000
-566548944.7380127906799316406250000000000000000000
117446664.2454755604267120361328125000000000000000
-428397713.5654079914093017578125000000000000000000
503661758.3182328343391418457031250000000000000000
49002274.2462788224220275878906250000000000000000
-715456752.1775842905044555664062500000000000000000
850066617.8250285387039184570312500000000000000000
213597144.7794167399406433105468750000000000000000
532465505.3982971310615539550781250000000000000000
-208545596.7236169278621673583984375000000000000000
1215814981.5433237552642822265625000000000000000000
762573925.9513055086135864257812500000000000000000
-485459954.9661003351211547851562500000000000000000
-514372615.5019486546516418457031250000000000000000
224970658.7118551731109619140625000000000000000000
788979056.4974803924560546875000000000000000000000
247082922.4481647312641143798828125000000000000000
-365448134.2609260678291320800781250000000000000000
234120553.3615241646766662597656250000000000000000
-453866390.5643566846847534179687500000000000000000
26097410.2033361159265041351318359375000000000000
-636604357.3596343994140625000000000000000000000000
-76698796.0756965875625610351562500000000000000000
-464651152.3571190834045410156250000000000000000000
120151479.4112421125173568725585937500000000000000
945825049.6410640478134155273437500000000000000000
589362807.2399207353591918945312500000000000000000
441904731.2170369029045104980468750000000000000000
661012511.8909587860107421875000000000000000000000
148466635.6930567622184753417968750000000000000000
-48022368.3750421479344367980957031250000000000000
90145586.5520935356616973876953125000000000000000
72108737.9666476398706436157226562500000000000000
-861848687.3081090450286865234375000000000000000000
346401520.8719924092292785644531250000000000000000
-164325247.1256224215030670166015625000000000000000
-761892343.1016838550567626953125000000000000000000
-667167646.4423816204071044921875000000000000000000
-755553794.9853705167770385742187500000000000000000
-145779435.5121001899242401123046875000000000000000
140414819.9951955080032348632812500000000000000000
265410493.2590927481651306152343750000000000000000
-209355799.1027686595916748046875000000000000000000
630307701.4622169733047485351562500000000000000000
344765409.6663246750831604003906250000000000000000
392974288.1197515130043029785156250000000000000000
270199119.1957285404205322265625000000000000000000
-268219145.5805537402629852294921875000000000000000
-5177493.9265360599383711814880371093750000000000
72988180.8809605836868286132812500000000000000000
350840167.9431769251823425292968750000000000000000
-560346416.8409181833267211914062500000000000000000
-462370968.5330418348312377929687500000000000000000
38074037.7915770560503005981445312500000000000000
-560256344.1489835977554321289062500000000000000000
-246760370.8570023775100708007812500000000000000000
632166622.8292670249938964843750000000000000000000
299687102.7652964591979980468750000000000000000000
-120771868.1130248606204986572265625000000000000000
-681971411.2603139877319335937500000000000000000000
-603108993.0917090177536010742187500000000000000000
300433433.9928541183471679687500000000000000000000
-936781839.5627123117446899414062500000000000000000
65699498.1045718342065811157226562500000000000000
-727083959.7729642391204833984375000000000000000000
428598087.7694705128669738769531250000000000000000
-499702406.2995546460151672363281250000000000000000
981409416.8235349655151367187500000000000000000000
-210411404.2088060677051544189453125000000000000000
26717505.2826025709509849548339843750000000000000
-213990444.1681319475173950195312500000000000000000
235758147.7850451469421386718750000000000000000000
530936488.5827178359031677246093750000000000000000
-190438455.3668246567249298095703125000000000000000
-146029066.9016586244106292724609375000000000000000
383425740.6600057482719421386718750000000000000000
-17309627.4924784004688262939453125000000000000000
44023246.1567576080560684204101562500000000000000
117865462.4015452712774276733398437500000000000000
150907843.4373539388179779052734375000000000000000
-627672620.3707498311996459960937500000000000000000
-430045759.8701900243759155273437500000000000000000
-305053214.9699637889862060546875000000000000000000
786327015.6977988481521606445312500000000000000000
1020212360.6958118677139282226562500000000000000000
471561920.8948333263397216796875000000000000000000
-11401457.4603729005903005599975585937500000000000
751318215.6086461544036865234375000000000000000000
1039713265.8660959005355834960937500000000000000000
142216307.4813405871391296386718750000000000000000
-207752529.8610028028488159179687500000000000000000
118947630.2575740069150924682617187500000000000000
-288827803.3119739294052124023437500000000000000000
-40387763.0729889124631881713867187500000000000000
-194644711.9412539601325988769531250000000000000000
-214973731.0865352749824523925781250000000000000000
35355730.4661498069763183593750000000000000000000
-711274667.3709656000137329101562500000000000000000
235688376.7875400185585021972656250000000000000000
-421847702.2283327579498291015625000000000000000000
251785879.7689420878887176513671875000000000000000
-206885199.2937455475330352783203125000000000000000
503689626.2488232254981994628906250000000000000000
-360997101.9589408040046691894531250000000000000000
-419512748.1771363615989685058593750000000000000000
-170300768.6056671142578125000000000000000000000000
-700019475.1261061429977416992187500000000000000000
629479127.5618025064468383789062500000000000000000
229995088.7467429935932159423828125000000000000000
-743108112.8156322240829467773437500000000000000000
917671558.5736099481582641601562500000000000000000
-727820148.3010506629943847656250000000000000000000
-110303929.3914856016635894775390625000000000000000
466409739.3668290376663208007812500000000000000000
52928857.1117373406887054443359375000000000000000
621807708.1081359386444091796875000000000000000000
-388993695.4042978286743164062500000000000000000000
276829801.1035803556442260742187500000000000000000
335202964.1987295150756835937500000000000000000000
-372999206.5360971689224243164062500000000000000000
-881649003.0299233198165893554687500000000000000000
580843218.1308239698410034179687500000000000000000
150493490.7164379060268402099609375000000000000000
-66347490.7515714839100837707519531250000000000000
136550825.3937084674835205078125000000000000000000
-310923842.4480645060539245605468750000000000000000
-416210647.5498220324516296386718750000000000000000
-286017814.7571550607681274414062500000000000000000
-672355662.2602010965347290039062500000000000000000
14245341.2000874113291501998901367187500000000000
-450840446.8075107932090759277343750000000000000000
498714054.7849849462509155273437500000000000000000
-267111700.7988738119602203369140625000000000000000
-569982431.9236503839492797851562500000000000000000
-85256153.7144479453563690185546875000000000000000
624763816.3078918457031250000000000000000000000000
1005840758.8170523643493652343750000000000000000000
218025709.7527523934841156005859375000000000000000
43221724.6635961383581161499023437500000000000000
299646915.3253342509269714355468750000000000000000
-785710005.1155129671096801757812500000000000000000
779347325.7452950477600097656250000000000000000000
352398465.8015934824943542480468750000000000000000
222938316.7256227731704711914062500000000000000000
-240553298.6034326851367950439453125000000000000000
-379278059.9221515655517578125000000000000000000000
-234438713.5581123530864715576171875000000000000000
555890402.7479693889617919921875000000000000000000
103347131.0190754532814025878906250000000000000000
-400153837.3826718926429748535156250000000000000000
-79776811.9740862399339675903320312500000000000000
83844072.5612896829843521118164062500000000000000
-345248283.0938126444816589355468750000000000000000
34916373.2655472233891487121582031250000000000000
-94461432.0857058614492416381835937500000000000000
150264249.0031910836696624755859375000000000000000
37510278.9298630058765411376953125000000000000000
477725053.7033706903457641601562500000000000000000
-160965773.5428265929222106933593750000000000000000
-83503752.6913875192403793334960937500000000000000
189684487.8008181750774383544921875000000000000000
-195739365.7635674774646759033203125000000000000000
358803729.5081034898757934570312500000000000000000
-160802751.2949734032154083251953125000000000000000
-196989129.9411421716213226318359375000000000000000
-231461836.2336145937442779541015625000000000000000
-184931083.2344743907451629638671875000000000000000
-290223037.2582993507385253906250000000000000000000
-29618982.5823312737047672271728515625000000000000
221910356.1075801849365234375000000000000000000000
435160658.4647289514541625976562500000000000000000
217334864.0147833824157714843750000000000000000000
72494951.6858211010694503784179687500000000000000
-153698980.0815579891204833984375000000000000000000
235806004.2317827939987182617187500000000000000000
-397503649.3495189547538757324218750000000000000000
436862979.7821328043937683105468750000000000000000
-249124419.0095998346805572509765625000000000000000
-30726401.6344794183969497680664062500000000000000
69542639.0583569258451461791992187500000000000000
-186036653.9174534678459167480468750000000000000000
405973018.9620164632797241210937500000000000000000
-184821578.3071503043174743652343750000000000000000
-73948523.4484550952911376953125000000000000000000
-693353505.2728157043457031250000000000000000000000
-86319199.4853510409593582153320312500000000000000
92400067.6567439734935760498046875000000000000000
363517371.1564338803291320800781250000000000000000
-133668012.5680471658706665039062500000000000000000
-44207932.5171043127775192260742187500000000000000
23015949.3250830583274364471435546875000000000000
99278282.4441037476062774658203125000000000000000
301870700.9160861968994140625000000000000000000000
-58390400.8577310964465141296386718750000000000000
-102818149.7857397198677062988281250000000000000000
