-0.2013580915977890017920515219884691759944
49.6474261254433528733898128848522901535034
-2177.8773161002759479742962867021560668945312
37601.5385069116673548705875873565673828125000
-328743.9892352715251035988330841064453125000000
1611408.4790209929924458265304565429687500000000
-4531910.6677223695442080497741699218750000000000
6926267.8281063809990882873535156250000000000000
-4754645.1762763224542140960693359375000000000000
1556531.0865839209873229265213012695312500000000
-4009565.4942087754607200622558593750000000000000
3051238.3262980063445866107940673828125000000000
3061295.8876972892321646213531494140625000000000
1815457.4492315137758851051330566406250000000000
1416194.9554266924969851970672607421875000000000
-17036694.9692073538899421691894531250000000000000
6048112.6412153281271457672119140625000000000000
4260157.1058590132743120193481445312500000000000
-5115631.9021002203226089477539062500000000000000
17090897.8098514527082443237304687500000000000000
-7964962.0893197655677795410156250000000000000000
9286041.0463470518589019775390625000000000000000
-2700483.1588723608292639255523681640625000000000
-11273115.6310605257749557495117187500000000000000
-842520.8999327565543353557586669921875000000000
246032.4558619403978809714317321777343750000000
-43304484.1810688450932502746582031250000000000000
-12858138.9523046035319566726684570312500000000000
93385900.0416544526815414428710937500000000000000
-41379368.4966597855091094970703125000000000000000
40046954.2116619572043418884277343750000000000000
30784267.2857386358082294464111328125000000000000
-3709884.2163401586003601551055908203125000000000
-60328038.3051686063408851623535156250000000000000
-39128653.5513071417808532714843750000000000000000
35677995.9124680981040000915527343750000000000000
-6266595.5399578437209129333496093750000000000000
-18446825.9471238628029823303222656250000000000000
-11921235.7285505533218383789062500000000000000000
21842702.8157224133610725402832031250000000000000
-41044963.1174914911389350891113281250000000000000
15630452.9506825003772974014282226562500000000000
-12600996.3586323317140340805053710937500000000000
62441637.2380760386586189270019531250000000000000
33333766.3984816893935203552246093750000000000000
10868658.0395987350493669509887695312500000000000
33678298.2674692198634147644042968750000000000000
-6571894.8598016314208507537841796875000000000000
-13788788.1110671255737543106079101562500000000000
-20617497.6686916425824165344238281250000000000000
-42173021.9270347505807876586914062500000000000000
29056672.1637571789324283599853515625000000000000
13322650.1693033520132303237915039062500000000000
-11913654.2024949919432401657104492187500000000000
-13612581.2163347136229276657104492187500000000000
-319529.9798158711055293679237365722656250000000
-75380341.7361501753330230712890625000000000000000
-222882726.1661368906497955322265625000000000000000
66268473.9991320148110389709472656250000000000000
270215516.0380637645721435546875000000000000000000
-92571880.9258659034967422485351562500000000000000
-152916705.6947610378265380859375000000000000000000
141921981.1866033077239990234375000000000000000000
-31261255.8734070695936679840087890625000000000000
-20593719.9238055720925331115722656250000000000000
35001127.5875924602150917053222656250000000000000
192519673.3584201931953430175781250000000000000000
77451745.1850400269031524658203125000000000000000
16453041.6971251964569091796875000000000000000000
109558919.6463535428047180175781250000000000000000
-172397388.5400597751140594482421875000000000000000
-47897367.7927561923861503601074218750000000000000
-35061622.6370981782674789428710937500000000000000
-107365702.3378812372684478759765625000000000000000
-34278203.6987045705318450927734375000000000000000
-161539060.5632000863552093505859375000000000000000
230567107.9930731952190399169921875000000000000000
-29740680.3651072494685649871826171875000000000000
60857277.1348875090479850769042968750000000000000
107923454.5534109771251678466796875000000000000000
-35839422.0328410714864730834960937500000000000000
-60248672.9054257348179817199707031250000000000000
-169723876.8188016414642333984375000000000000000000
17522571.1120464578270912170410156250000000000000
28984473.9446272514760494232177734375000000000000
-57097199.5285959541797637939453125000000000000000
255753945.3150687217712402343750000000000000000000
-47826163.5139914900064468383789062500000000000000
-81194179.7627524584531784057617187500000000000000
-153787271.0488778948783874511718750000000000000000
200005000.6385335326194763183593750000000000000000
-41710598.4487777724862098693847656250000000000000
-22987040.3038574866950511932373046875000000000000
-272155483.0651664137840270996093750000000000000000
30004343.1933860778808593750000000000000000000000
-22605891.3530895933508872985839843750000000000000
134368217.2940087616443634033203125000000000000000
29783169.0447804108262062072753906250000000000000
-125384480.4915147721767425537109375000000000000000
85551067.7216225862503051757812500000000000000000
173436788.5157987177371978759765625000000000000000
123238984.0327186137437820434570312500000000000000
-120276619.2034437060356140136718750000000000000000
-37725112.7518919110298156738281250000000000000000
117439550.6064480096101760864257812500000000000000
59601207.6678683832287788391113281250000000000000
-98208519.0368701815605163574218750000000000000000
-27318853.7889814674854278564453125000000000000000
18731379.4290101863443851470947265625000000000000
245141866.6326428353786468505859375000000000000000
9319345.8423977848142385482788085937500000000000
277754017.2296894788742065429687500000000000000000
-128878795.5197902470827102661132812500000000000000
-218756333.6678640246391296386718750000000000000000
101327975.9737295508384704589843750000000000000000
312711099.6027706265449523925781250000000000000000
-353807814.3149483799934387207031250000000000000000
144710890.1601126492023468017578125000000000000000
-154757687.9638004601001739501953125000000000000000
8827872.5548852980136871337890625000000000000000
-10650097.8210965842008590698242187500000000000000
-133039703.5596224814653396606445312500000000000000
-161959203.8291630446910858154296875000000000000000
-649251386.5959184169769287109375000000000000000000
-265825345.8348449170589447021484375000000000000000
11780971.9353916030377149581909179687500000000000
179843783.2469623684883117675781250000000000000000
258564299.8365685343742370605468750000000000000000
265361143.6978437304496765136718750000000000000000
-108510311.0795023739337921142578125000000000000000
179789772.8277822434902191162109375000000000000000
21563629.8391705006361007690429687500000000000000
121718577.7203517407178878784179687500000000000000
108203305.5649723261594772338867187500000000000000
-230055206.1881045997142791748046875000000000000000
-54377282.4580253809690475463867187500000000000000
-57554736.2203644812107086181640625000000000000000
38965452.0274305567145347595214843750000000000000
36854638.8677093684673309326171875000000000000000
-157733576.6939626932144165039062500000000000000000
-6565602.2709041535854339599609375000000000000000
57672955.5367474406957626342773437500000000000000
333073617.9251623749732971191406250000000000000000
71396282.2065129131078720092773437500000000000000
466953104.7149578928947448730468750000000000000000
-118644585.1478012651205062866210937500000000000000
-182177977.7205692529678344726562500000000000000000
-186344406.9638718664646148681640625000000000000000
-111929130.1666334718465805053710937500000000000000
194877674.4691358506679534912109375000000000000000
-106955183.2715351134538650512695312500000000000000
20057912.7744041197001934051513671875000000000000
157014248.4629004895687103271484375000000000000000
32396686.8259199894964694976806640625000000000000
-119714610.7745620459318161010742187500000000000000
-33410011.7163229770958423614501953125000000000000
-47496116.2407802492380142211914062500000000000000
314344727.5223734378814697265625000000000000000000
-169264748.0407181680202484130859375000000000000000
-72078425.1608253717422485351562500000000000000000
267981139.5811699330806732177734375000000000000000
-365911245.2102170586585998535156250000000000000000
115581315.8310781270265579223632812500000000000000
-178300152.5471282899379730224609375000000000000000
-161093581.8368822634220123291015625000000000000000
289934452.8785203099250793457031250000000000000000
1987129.8929060036316514015197753906250000000000
-14516780.6982805896550416946411132812500000000000
-265346214.2126264572143554687500000000000000000000
-207073302.9373203516006469726562500000000000000000
-430151026.3803781270980834960937500000000000000000
60640594.5583917945623397827148437500000000000000
188163466.5359932482242584228515625000000000000000
-305343369.8214668035507202148437500000000000000000
229797711.2353034913539886474609375000000000000000
87897703.5913662463426589965820312500000000000000
70122475.6034299433231353759765625000000000000000
18982632.8523963652551174163818359375000000000000
743525460.9153047800064086914062500000000000000000
-79871252.0037930160760879516601562500000000000000
466900948.4352991580963134765625000000000000000000
-42895971.3659339696168899536132812500000000000000
-407304886.8959514498710632324218750000000000000000
-126371326.6331242322921752929687500000000000000000
-5030625.0627622073516249656677246093750000000000
132590156.3161084502935409545898437500000000000000
-106534519.9071494638919830322265625000000000000000
-50443628.0072634369134902954101562500000000000000
273159786.6954723596572875976562500000000000000000
48109765.1859427392482757568359375000000000000000
-230169837.1173436343669891357421875000000000000000
-76181686.0069562047719955444335937500000000000000
56506655.5296031832695007324218750000000000000000
-338573726.7061629891395568847656250000000000000000
153045057.5364923477172851562500000000000000000000
212864606.8938361704349517822265625000000000000000
-82602874.8571456968784332275390625000000000000000
-124501790.3498447239398956298828125000000000000000
21487802.3651700429618358612060546875000000000000
45274975.0790834575891494750976562500000000000000
34030.0494463420327519997954368591308593750000
-277318583.0168017148971557617187500000000000000000
152138600.7648011147975921630859375000000000000000
226998466.5503023266792297363281250000000000000000
-93142617.9202282875776290893554687500000000000000
-254950898.8942213356494903564453125000000000000000
107676001.6316152065992355346679687500000000000000
-117290984.6992955058813095092773437500000000000000
155777022.1582390666007995605468750000000000000000
154023994.9287807643413543701171875000000000000000
-295020262.4944757223129272460937500000000000000000
-3955623.7100831936113536357879638671875000000000
-63098953.2568454518914222717285156250000000000000
147234158.0905731618404388427734375000000000000000
14859498.6154668983072042465209960937500000000000
196188329.0915656089782714843750000000000000000000
150785697.5290570557117462158203125000000000000000
-213134197.7202877998352050781250000000000000000000
216465862.4639163613319396972656250000000000000000
-8093970.0784889878705143928527832031250000000000
-205194973.1632673740386962890625000000000000000000
184363933.5915187001228332519531250000000000000000
-207479589.7379052042961120605468750000000000000000
218734935.9547780752182006835937500000000000000000
-167987766.2660401463508605957031250000000000000000
29318115.9451224580407142639160156250000000000000
50454505.8243709728121757507324218750000000000000
-81291494.9840449541807174682617187500000000000000
194276430.5262475013732910156250000000000000000000
5234907.7895712871104478836059570312500000000000
-230798748.4573792219161987304687500000000000000000
-364704939.8460428118705749511718750000000000000000
-11468335.2131368368864059448242187500000000000000
-63319417.2714732289314270019531250000000000000000
260215816.4715833067893981933593750000000000000000
-123131131.1828735619783401489257812500000000000000
252484511.0037184953689575195312500000000000000000
38737890.8736231923103332519531250000000000000000
19018243.1181284375488758087158203125000000000000
-141714174.9037618637084960937500000000000000000000
158051837.5913559198379516601562500000000000000000
-18527963.6868115440011024475097656250000000000000
-144927538.5436458587646484375000000000000000000000
-292179013.9581472873687744140625000000000000000000
-51212247.2642868906259536743164062500000000000000
-166527838.2167441844940185546875000000000000000000
-169619422.4277499914169311523437500000000000000000
-56471019.9371520057320594787597656250000000000000
67646504.1518158316612243652343750000000000000000
-203564433.0632661283016204833984375000000000000000
-248132016.9759241342544555664062500000000000000000
-97383481.1840626597404479980468750000000000000000
347349067.7272202372550964355468750000000000000000
282051362.5555623173713684082031250000000000000000
217244783.0215249657630920410156250000000000000000
66235037.0353934317827224731445312500000000000000
332467567.5194367170333862304687500000000000000000
90652518.5797078609466552734375000000000000000000
-176643856.2201508879661560058593750000000000000000
-209396155.5831063389778137207031250000000000000000
266656771.2244512736797332763671875000000000000000
-105904559.6093657612800598144531250000000000000000
307763610.1931756138801574707031250000000000000000
261425957.2208640277385711669921875000000000000000
-44141457.8457518815994262695312500000000000000000
-45613814.9338296875357627868652343750000000000000
-155077385.8395904600620269775390625000000000000000
73990307.2385752946138381958007812500000000000000
209526491.7797964215278625488281250000000000000000
-256826538.4954950511455535888671875000000000000000
41762380.7542279586195945739746093750000000000000
180593837.0972293615341186523437500000000000000000
51982797.5445025265216827392578125000000000000000
2746783.9482378680258989334106445312500000000000
-174700213.5846340954303741455078125000000000000000
354646901.9088968634605407714843750000000000000000
354170493.9482678771018981933593750000000000000000
602807922.2141913175582885742187500000000000000000
-213098901.7824818491935729980468750000000000000000
166604602.6589714884757995605468750000000000000000
85975088.4911996871232986450195312500000000000000
-190230689.4524513185024261474609375000000000000000
221094812.3373291492462158203125000000000000000000
-455615174.1511144638061523437500000000000000000000
-405919810.9682947397232055664062500000000000000000
-215121343.5608066916465759277343750000000000000000
174997990.7699526846408843994140625000000000000000
-127415166.0805415064096450805664062500000000000000
-461487363.8882110118865966796875000000000000000000
27839160.5127193294465541839599609375000000000000
176127711.7522675991058349609375000000000000000000
-72949468.8139900416135787963867187500000000000000
103423300.6648790836334228515625000000000000000000
-367897638.0044326782226562500000000000000000000000
-383479916.0442157387733459472656250000000000000000
115394023.8337569087743759155273437500000000000000
-11009511.0232716333121061325073242187500000000000
589322805.1109784841537475585937500000000000000000
248778879.4784187674522399902343750000000000000000
-153533152.9301454126834869384765625000000000000000
-150810215.5456834137439727783203125000000000000000
-405152100.9492875337600708007812500000000000000000
15093188.9159608036279678344726562500000000000000
-36909448.9683670401573181152343750000000000000000
-227573785.4856673479080200195312500000000000000000
-128612225.0802544206380844116210937500000000000000
-233436002.4671223461627960205078125000000000000000
-116329752.2270350158214569091796875000000000000000
124685466.8816149532794952392578125000000000000000
27226860.8020487762987613677978515625000000000000
-91204694.5968050509691238403320312500000000000000
280477822.5734524130821228027343750000000000000000
-142960049.5782896876335144042968750000000000000000
80718458.2678711414337158203125000000000000000000
123224917.1138311475515365600585937500000000000000
-116787096.9081147313117980957031250000000000000000
97986479.8682157844305038452148437500000000000000
555952196.7600289583206176757812500000000000000000
-129018985.8277108371257781982421875000000000000000
147655489.2483103871345520019531250000000000000000
-103874985.6800363063812255859375000000000000000000
-22991717.1887665167450904846191406250000000000000
-167355558.1599173247814178466796875000000000000000
101013451.8257152289152145385742187500000000000000
-119084873.2604877799749374389648437500000000000000
-447472227.3233135342597961425781250000000000000000
-15044254.5365877095609903335571289062500000000000
-118743990.6313458681106567382812500000000000000000
61074666.8547439500689506530761718750000000000000
102906956.1645386219024658203125000000000000000000
56372127.0255158543586730957031250000000000000000
322098269.7739618420600891113281250000000000000000
-122193618.6912928074598312377929687500000000000000
-86683146.6400134563446044921875000000000000000000
142543435.5708185732364654541015625000000000000000
258578399.7068326175212860107421875000000000000000
1250803.7521599240135401487350463867187500000000
221544461.1126282215118408203125000000000000000000
78337529.6620000302791595458984375000000000000000
-45028931.2183049470186233520507812500000000000000
47122787.2303078249096870422363281250000000000000
84435898.1681188493967056274414062500000000000000
-270192121.5912684798240661621093750000000000000000
293305632.9866954684257507324218750000000000000000
44435916.0475295707583427429199218750000000000000
-21631942.7164014540612697601318359375000000000000
-152490062.3064926564693450927734375000000000000000
-605444043.7042862176895141601562500000000000000000
11595333.0542617738246917724609375000000000000000
-58011142.5759586319327354431152343750000000000000
-115383958.7685744315385818481445312500000000000000
131572191.2960959523916244506835937500000000000000
356142737.5071106553077697753906250000000000000000
-121682126.2637981027364730834960937500000000000000
-68542055.9908196628093719482421875000000000000000
-83880602.7975251674652099609375000000000000000000
-116625297.6076355576515197753906250000000000000000
-129391997.4645681679248809814453125000000000000000
268140417.7961333394050598144531250000000000000000
320132935.4426156878471374511718750000000000000000
-1159259.3389890645630657672882080078125000000000
217331172.4931586980819702148437500000000000000000
-194001578.8473450243473052978515625000000000000000
-114739973.1179370135068893432617187500000000000000
433462981.0364010334014892578125000000000000000000
-389061740.6602926254272460937500000000000000000000
8796859.4577920585870742797851562500000000000000
488743173.1077592372894287109375000000000000000000
-144234093.9129303991794586181640625000000000000000
35460853.0740362405776977539062500000000000000000
-256319367.7287675440311431884765625000000000000000
69061939.2788013815879821777343750000000000000000
-174257785.1239663660526275634765625000000000000000
-252483048.5670402646064758300781250000000000000000
38377979.8000035881996154785156250000000000000000
-51376948.5283241868019104003906250000000000000000
126960864.3607518821954727172851562500000000000000
53602929.0787962600588798522949218750000000000000
-95589464.4354583323001861572265625000000000000000
232013829.6277570128440856933593750000000000000000
344414393.2851688265800476074218750000000000000000
31185327.1930553950369358062744140625000000000000
-21218479.7959759235382080078125000000000000000000
-87588609.1268444508314132690429687500000000000000
261610909.5888909697532653808593750000000000000000
110072102.2632667422294616699218750000000000000000
-252562719.9700027108192443847656250000000000000000
-377690945.0728553533554077148437500000000000000000
-51197440.4851861149072647094726562500000000000000
430304913.0028929710388183593750000000000000000000
-200123977.9830052852630615234375000000000000000000
-159865639.9489900469779968261718750000000000000000
-265099276.2670331895351409912109375000000000000000
-171632969.9572177529335021972656250000000000000000
156175933.5994112491607666015625000000000000000000
-23754200.5183421969413757324218750000000000000000
-342359979.0471530556678771972656250000000000000000
50985864.2127162814140319824218750000000000000000
411437065.5322398543357849121093750000000000000000
-136190977.0875242948532104492187500000000000000000
252878491.0558401644229888916015625000000000000000
-14696709.9907995034009218215942382812500000000000
173083092.3667871654033660888671875000000000000000
-58198132.7537375241518020629882812500000000000000
6278132.3137981425970792770385742187500000000000
-94069427.0268419235944747924804687500000000000000
-142828152.4596321582794189453125000000000000000000
-46671619.1906513199210166931152343750000000000000
146231586.6061454415321350097656250000000000000000
310131373.8012874722480773925781250000000000000000
365729750.0724716186523437500000000000000000000000
-11767267.5449941307306289672851562500000000000000
-210867317.0873765051364898681640625000000000000000
210951427.6713300347328186035156250000000000000000
344157.2544182367855682969093322753906250000000
217213424.1231730580329895019531250000000000000000
-20832434.6127980947494506835937500000000000000000
-180630539.8737714290618896484375000000000000000000
-171405135.4686385989189147949218750000000000000000
-255004018.6916632354259490966796875000000000000000
7703247.3816464617848396301269531250000000000000
-260992716.4811113476753234863281250000000000000000
-89465901.2257106453180313110351562500000000000000
214119160.3317516446113586425781250000000000000000
201081807.0787944793701171875000000000000000000000
96534321.0712174326181411743164062500000000000000
-127446406.1790972799062728881835937500000000000000
76878905.8585077077150344848632812500000000000000
20844258.2934630699455738067626953125000000000000
-339113276.2875479459762573242187500000000000000000
304668090.9165517091751098632812500000000000000000
-230496514.3132617175579071044921875000000000000000
-113821566.6547973304986953735351562500000000000000
5292387.0622621877118945121765136718750000000000
288664720.8971741795539855957031250000000000000000
-74855225.8602448403835296630859375000000000000000
-21039803.1188612319529056549072265625000000000000
94672922.3650050461292266845703125000000000000000
2169843.4827021053060889244079589843750000000000
311267081.4776363968849182128906250000000000000000
89655224.6978370249271392822265625000000000000000
-19643744.6036626026034355163574218750000000000000
239439403.2297826111316680908203125000000000000000
-148036602.1695591807365417480468750000000000000000
-422045253.3108958601951599121093750000000000000000
-122843967.0871458351612091064453125000000000000000
-207944263.6368528008460998535156250000000000000000
-63337941.0330264866352081298828125000000000000000
-285044540.9697018265724182128906250000000000000000
-63050989.6403016671538352966308593750000000000000
292427514.8133429288864135742187500000000000000000
503319662.2639778852462768554687500000000000000000
-338194027.4685866236686706542968750000000000000000
117958953.7338913083076477050781250000000000000000
190267565.6856645345687866210937500000000000000000
4209146.8557392880320549011230468750000000000000
-117107152.4029291719198226928710937500000000000000
94884578.3313107043504714965820312500000000000000
117693644.8291849195957183837890625000000000000000
-9806555.7986033465713262557983398437500000000000
-269904054.8525127768516540527343750000000000000000
-356159995.7830817699432373046875000000000000000000
-45602481.1206097304821014404296875000000000000000
-369286883.5855885744094848632812500000000000000000
-85359364.5424659252166748046875000000000000000000
-135056624.1442623734474182128906250000000000000000
47040800.0524259731173515319824218750000000000000
-66415214.5297820121049880981445312500000000000000
39844305.5168531313538551330566406250000000000000
-91703024.1666832864284515380859375000000000000000
56153898.7591880261898040771484375000000000000000
-126117861.4419194757938385009765625000000000000000
19278596.9453078322112560272216796875000000000000
-53437350.6182394996285438537597656250000000000000
11037919.6850169021636247634887695312500000000000
-76971143.3394298851490020751953125000000000000000
-262902280.8755039572715759277343750000000000000000
184864410.5182402133941650390625000000000000000000
379494814.4395200014114379882812500000000000000000
72371951.5429124236106872558593750000000000000000
175097388.4905452132225036621093750000000000000000
40891359.4527684152126312255859375000000000000000
156964448.7349875271320343017578125000000000000000
615639.3872495924588292837142944335937500000000
-94707970.2510683089494705200195312500000000000000
-22303680.8736393861472606658935546875000000000000
50891695.3779009580612182617187500000000000000000
-121948576.2788135707378387451171875000000000000000
129397364.7756204009056091308593750000000000000000
92562284.8521392941474914550781250000000000000000
103722380.4314969331026077270507812500000000000000
161835165.4202345311641693115234375000000000000000
239642610.9958716630935668945312500000000000000000
238785219.8154196143150329589843750000000000000000
-86783316.4810804426670074462890625000000000000000
213231869.6972465217113494873046875000000000000000
28780327.7206549942493438720703125000000000000000
108898797.2721685320138931274414062500000000000000
141815491.7489172518253326416015625000000000000000
218553154.6296570003032684326171875000000000000000
-203614711.9619390666484832763671875000000000000000
-82503301.5828418135643005371093750000000000000000
226578793.4735665619373321533203125000000000000000
-195999743.0463819503784179687500000000000000000000
-195151123.5474539995193481445312500000000000000000
9639640.2756780274212360382080078125000000000000
-143190944.0250437557697296142578125000000000000000
-53520579.8281250223517417907714843750000000000000
-221979393.3403627872467041015625000000000000000000
59892474.0960991680622100830078125000000000000000
-379557645.3665971755981445312500000000000000000000
23518012.5712917856872081756591796875000000000000
106404813.3269037902355194091796875000000000000000
99947375.0520634502172470092773437500000000000000
-112326154.2238328158855438232421875000000000000000
-375545845.8007834553718566894531250000000000000000
-66121781.2274385765194892883300781250000000000000
352645148.6334772706031799316406250000000000000000
122462797.0066493451595306396484375000000000000000
-207477365.6953657269477844238281250000000000000000
195149950.3857614398002624511718750000000000000000
90291588.1708682626485824584960937500000000000000
-390390949.3447434306144714355468750000000000000000
-94869794.7187081724405288696289062500000000000000
158973055.8092911243438720703125000000000000000000
132761790.9176872223615646362304687500000000000000
-11357370.6038262844085693359375000000000000000000
123364239.5228324830532073974609375000000000000000
200729782.9944055080413818359375000000000000000000
-54409983.3152431696653366088867187500000000000000
136312865.5248814523220062255859375000000000000000
-119996722.1375133246183395385742187500000000000000
-313947427.5845268964767456054687500000000000000000
-199389855.3796870708465576171875000000000000000000
-365556196.3215761184692382812500000000000000000000
-17367700.3677766099572181701660156250000000000000
9486687.6436471231281757354736328125000000000000
58186952.3070966526865959167480468750000000000000
100966177.9347972869873046875000000000000000000000
134985559.2067761719226837158203125000000000000000
99171465.2106666564941406250000000000000000000000
-91986230.6129286289215087890625000000000000000000
-84156740.0037439167499542236328125000000000000000
163750412.9632771313190460205078125000000000000000
-262538.7142449860111810266971588134765625000000
-250347693.7092925608158111572265625000000000000000
197674342.4668799340724945068359375000000000000000
32223864.5196377485990524291992187500000000000000
79183315.0597531944513320922851562500000000000000
-198634828.8181923627853393554687500000000000000000
64337475.2953670471906661987304687500000000000000
33712555.1895532682538032531738281250000000000000
-136415550.6227024793624877929687500000000000000000
290192723.7457474470138549804687500000000000000000
-222633165.4732009470462799072265625000000000000000
25076306.6997635290026664733886718750000000000000
-220589416.1654167473316192626953125000000000000000
366114248.3008028864860534667968750000000000000000
-49946424.9944408684968948364257812500000000000000
-148226091.8130327165126800537109375000000000000000
35279695.5977928265929222106933593750000000000000
214601007.9715156853199005126953125000000000000000
204313267.8607814013957977294921875000000000000000
-81094478.2552051395177841186523437500000000000000
46457922.6532556787133216857910156250000000000000
-31283389.9079313203692436218261718750000000000000
134478970.2692210972309112548828125000000000000000
-55537498.7641233578324317932128906250000000000000
154748849.2559612095355987548828125000000000000000
65023164.2600767835974693298339843750000000000000
181735068.5440810322761535644531250000000000000000
235129228.3674485385417938232421875000000000000000
-29224620.0443840473890304565429687500000000000000
151897384.9656619131565093994140625000000000000000
954249.6776817091740667819976806640625000000000
-134570087.3827905952930450439453125000000000000000
-286904086.2883846759796142578125000000000000000000
86362969.5999746322631835937500000000000000000000
145116638.2525995969772338867187500000000000000000
-56189194.1767158433794975280761718750000000000000
-120924475.9814318865537643432617187500000000000000
-221988330.5667265057563781738281250000000000000000
33553728.7074205577373504638671875000000000000000
-47411730.9083771035075187683105468750000000000000
-147837213.6187996864318847656250000000000000000000
-197664674.3586204051971435546875000000000000000000
82285958.9634164124727249145507812500000000000000
-19694838.2384615615010261535644531250000000000000
236288674.0405679345130920410156250000000000000000
-95605691.8775269836187362670898437500000000000000
-6663467.5101307025179266929626464843750000000000
-77408315.3099354207515716552734375000000000000000
196165386.4635035395622253417968750000000000000000
-133742961.4841532558202743530273437500000000000000
12990062.7540764193981885910034179687500000000000
72353215.2342137545347213745117187500000000000000
21886493.7098197303712368011474609375000000000000
174546632.1347051262855529785156250000000000000000
-57229465.1542004942893981933593750000000000000000
209292500.3704212009906768798828125000000000000000
-65748567.1610619500279426574707031250000000000000
-23086862.2488161288201808929443359375000000000000
202088918.6142564713954925537109375000000000000000
68796999.8663652837276458740234375000000000000000
-300120700.1128339171409606933593750000000000000000
-52465134.9176666364073753356933593750000000000000
109550807.1038843244314193725585937500000000000000
-47690933.9598980769515037536621093750000000000000
22451728.4088583439588546752929687500000000000000
-83350354.3220041096210479736328125000000000000000
146787729.1194840073585510253906250000000000000000
104987366.8237206786870956420898437500000000000000
95253888.7964163720607757568359375000000000000000
-103668103.8125491589307785034179687500000000000000
-134566534.6648858487606048583984375000000000000000
18449005.0715577900409698486328125000000000000000
-107295322.0339158177375793457031250000000000000000
22458384.1963596232235431671142578125000000000000
91270349.3992568850517272949218750000000000000000
-37436554.2647407501935958862304687500000000000000
23836897.4574089199304580688476562500000000000000
-34914700.2728432863950729370117187500000000000000
-201032365.5951942205429077148437500000000000000000
-91638551.6136107593774795532226562500000000000000
-200861273.8984321057796478271484375000000000000000
213069979.1799511909484863281250000000000000000000
147949872.9949924051761627197265625000000000000000
127289034.0838010162115097045898437500000000000000
89587067.6412540376186370849609375000000000000000
44820665.5583130046725273132324218750000000000000
-175194872.9589623510837554931640625000000000000000
181943345.2239173352718353271484375000000000000000
-211944479.1189484596252441406250000000000000000000
-161853192.4002007246017456054687500000000000000000
-142595167.3102767467498779296875000000000000000000
-2696032.5948105235584080219268798828125000000000
-2648396.9331949604675173759460449218750000000000
-122874428.1758938282728195190429687500000000000000
-144706799.6635508537292480468750000000000000000000
23151680.9975754693150520324707031250000000000000
-73781010.5376925468444824218750000000000000000000
-45606612.2246867492794990539550781250000000000000
104120420.3707051277160644531250000000000000000000
48300151.1506024897098541259765625000000000000000
594294.2458042106591165065765380859375000000000
-5547347.4608235973864793777465820312500000000000
-119897145.1734020262956619262695312500000000000000
26414290.6844877637922763824462890625000000000000
-241995962.0315787494182586669921875000000000000000
-191008995.2698226869106292724609375000000000000000
-96679865.5614802837371826171875000000000000000000
37601169.3796383813023567199707031250000000000000
39283982.2525804713368415832519531250000000000000
220278574.8703485429286956787109375000000000000000
25793005.1545958109200000762939453125000000000000
-22064065.8761609084904193878173828125000000000000
145448489.5661615729331970214843750000000000000000
-22634072.6480088755488395690917968750000000000000
-4956526.7011203551664948463439941406250000000000
43511979.4386634826660156250000000000000000000000
68582314.8184437006711959838867187500000000000000
-31972884.5060847476124763488769531250000000000000
-79562987.2289919853210449218750000000000000000000
89976417.1897555291652679443359375000000000000000
-127339956.5016942024230957031250000000000000000000
133303647.3772542476654052734375000000000000000000
79048301.7051591575145721435546875000000000000000
49204108.8999462351202964782714843750000000000000
-132797513.7295285314321517944335937500000000000000
183798818.1327776908874511718750000000000000000000
-99462223.3690573275089263916015625000000000000000
72814791.2152716815471649169921875000000000000000
35002028.6969304680824279785156250000000000000000
-23984559.3871133923530578613281250000000000000000
-33772014.9443038254976272583007812500000000000000
63402725.5612449869513511657714843750000000000000
-28136335.3463677056133747100830078125000000000000
47872746.4378929734230041503906250000000000000000
-217728459.5179154574871063232421875000000000000000
-21168228.6761616319417953491210937500000000000000
163123916.7748936712741851806640625000000000000000
227515054.4749095439910888671875000000000000000000
-101529237.4202224612236022949218750000000000000000
-103196723.0559700429439544677734375000000000000000
168424649.0892806947231292724609375000000000000000
-16538168.2787558659911155700683593750000000000000
-57287110.8345373049378395080566406250000000000000
-194855951.5176285505294799804687500000000000000000
-166339934.5125851333141326904296875000000000000000
42356836.5898009389638900756835937500000000000000
-9736182.2482798658311367034912109375000000000000
64024232.1117916181683540344238281250000000000000
-94982342.5970279276371002197265625000000000000000
15116394.8974853996187448501586914062500000000000
101149355.2415962368249893188476562500000000000000
-31751960.1476709842681884765625000000000000000000
46954480.1747387051582336425781250000000000000000
184868913.6076856255531311035156250000000000000000
-42820057.1453366354107856750488281250000000000000
18017007.4150099605321884155273437500000000000000
45957676.9512357339262962341308593750000000000000
80428577.3611780703067779541015625000000000000000
-36945902.9732086583971977233886718750000000000000
63948423.5077798292040824890136718750000000000000
39082395.3007092401385307312011718750000000000000
137765669.8445591926574707031250000000000000000000
29231439.7914402037858963012695312500000000000000
199304041.6821801066398620605468750000000000000000
162941967.6952500641345977783203125000000000000000
-76180143.3396988064050674438476562500000000000000
-168914860.4062538444995880126953125000000000000000
-54243146.8296762108802795410156250000000000000000
-115081837.9138192832469940185546875000000000000000
16157558.2881807256489992141723632812500000000000
-56436242.6444690898060798645019531250000000000000
208301778.6337692439556121826171875000000000000000
121984589.4495090991258621215820312500000000000000
22637457.9484600536525249481201171875000000000000
-2513716.5877653481438755989074707031250000000000
-86335203.4644646346569061279296875000000000000000
-16286590.1165860071778297424316406250000000000000
29611776.2513129711151123046875000000000000000000
159072778.0231224596500396728515625000000000000000
44727486.9833718687295913696289062500000000000000
-153701987.6842127442359924316406250000000000000000
23099007.0649977661669254302978515625000000000000
16605217.3350182007998228073120117187500000000000
87000611.8152233064174652099609375000000000000000
-68418681.3689731210470199584960937500000000000000
99995019.7933400124311447143554687500000000000000
-87192654.9533959627151489257812500000000000000000
4551491.9846933418884873390197753906250000000000
-123429047.9192018210887908935546875000000000000000
-86247427.3178838938474655151367187500000000000000
64635488.0962220206856727600097656250000000000000
-156716674.8254570960998535156250000000000000000000
-83222650.3757800608873367309570312500000000000000
-110032441.9605872333049774169921875000000000000000
19721348.9578353054821491241455078125000000000000
-98368909.4372741132974624633789062500000000000000
-21044724.7372552305459976196289062500000000000000
9076609.8910282105207443237304687500000000000000
-6224410.6249640174210071563720703125000000000000
-1340818.1458807783201336860656738281250000000000
-24816142.4847295209765434265136718750000000000000
44998697.9290541857481002807617187500000000000000
28642172.8555633760988712310791015625000000000000
22495878.2436773777008056640625000000000000000000
-76168857.5578261166810989379882812500000000000000
-104185592.7461805790662765502929687500000000000000
1496449.0377592886798083782196044921875000000000
66095614.9771544411778450012207031250000000000000
12091354.5953030139207839965820312500000000000000
58147713.8470828607678413391113281250000000000000
-101234502.5796205848455429077148437500000000000000
-35342292.8772475048899650573730468750000000000000
-72775984.5410749912261962890625000000000000000000
58491438.7141962274909019470214843750000000000000
-153328821.9390660226345062255859375000000000000000
-12641934.9162214677780866622924804687500000000000
65290092.9713752269744873046875000000000000000000
122837697.9944733381271362304687500000000000000000
66183386.7000881135463714599609375000000000000000
-86685383.1348596811294555664062500000000000000000
28424881.7507748194038867950439453125000000000000
-17169995.4721965007483959197998046875000000000000
55541093.8848805502057075500488281250000000000000
29317107.4387216717004776000976562500000000000000
-1927321.1806920152157545089721679687500000000000
-44065269.3644040673971176147460937500000000000000
-58398834.0744000226259231567382812500000000000000
25540746.3357074074447154998779296875000000000000
78973239.4351537972688674926757812500000000000000
-28037052.8010325171053409576416015625000000000000
22072841.6716598086059093475341796875000000000000
-49496447.1939160972833633422851562500000000000000
8141546.8350399518385529518127441406250000000000
127707528.3102805763483047485351562500000000000000
-38938125.1001589447259902954101562500000000000000
27550641.8173225149512290954589843750000000000000
27241005.3924152925610542297363281250000000000000
15828373.4620458818972110748291015625000000000000
20995019.6995292827486991882324218750000000000000
-25296581.0957936719059944152832031250000000000000
35972033.7709293216466903686523437500000000000000
157935262.1078021824359893798828125000000000000000
-64279689.8446255549788475036621093750000000000000
-81458005.6795051991939544677734375000000000000000
-34888025.7132094055414199829101562500000000000000
141747005.1304109692573547363281250000000000000000
-63192384.8055882081389427185058593750000000000000
-58384395.8839450106024742126464843750000000000000
-126675669.9987501800060272216796875000000000000000
-29225169.4213019870221614837646484375000000000000
10499577.0412513874471187591552734375000000000000
191640829.9903263449668884277343750000000000000000
-21090310.3362967893481254577636718750000000000000
-47579453.1856540367007255554199218750000000000000
49788441.8652525916695594787597656250000000000000
-35988984.5273488461971282958984375000000000000000
-39854449.6316291615366935729980468750000000000000
