3.4301160361777314200537603028351441025734
-996.7445297300756692493450827896595001220703
93515.1048551904095802456140518188476562500000
-4269596.3824151428416371345520019531250000000000
114052383.1167785376310348510742187500000000000000
-1968951584.9180719852447509765625000000000000000000
23308763987.9702529907226562500000000000000000000000
-196189983028.2390441894531250000000000000000000000000
1198120832664.1215820312500000000000000000000000000000
-5342833714803.6914062500000000000000000000000000000000
17226404488775.6796875000000000000000000000000000000000
-38662087843774.8437500000000000000000000000000000000000
53811394459085.7656250000000000000000000000000000000000
-24229353011567.7382812500000000000000000000000000000000
-66095617442956.5937500000000000000000000000000000000000
149995372641723.8750000000000000000000000000000000000000
-139735157709286.2968750000000000000000000000000000000000
81395251080232.3593750000000000000000000000000000000000
-100032457051551.8593750000000000000000000000000000000000
175599385968952.4062500000000000000000000000000000000000
-190369625020922.5312500000000000000000000000000000000000
118562251916530.2968750000000000000000000000000000000000
-14189222766350.0000000000000000000000000000000000000000
-12501231960624.1992187500000000000000000000000000000000
-18930425973929.4375000000000000000000000000000000000000
-119392475491943.6093750000000000000000000000000000000000
290452305009564.0625000000000000000000000000000000000000
-178158816802506.4687500000000000000000000000000000000000
-10779570141164.1113281250000000000000000000000000000000
44567866312651.5781250000000000000000000000000000000000
110120743571802.7343750000000000000000000000000000000000
-226470425506817.3437500000000000000000000000000000000000
29004401369315.2265625000000000000000000000000000000000
-6028028806799.9404296875000000000000000000000000000000
-45722840843122.8281250000000000000000000000000000000000
325103490939629.3125000000000000000000000000000000000000
20493264264599.5117187500000000000000000000000000000000
-137859334288581.7812500000000000000000000000000000000000
-7063223334358.5410156250000000000000000000000000000000
-381283100033984.9375000000000000000000000000000000000000
212576219299781.9687500000000000000000000000000000000000
-77495288482427.9218750000000000000000000000000000000000
33699934315812.4960937500000000000000000000000000000000
306313154117234.6250000000000000000000000000000000000000
-72883661128075.8281250000000000000000000000000000000000
3767527072915.7661132812500000000000000000000000000000
125684845996605.6718750000000000000000000000000000000000
-148049437542988.5000000000000000000000000000000000000000
-95973081177730.0625000000000000000000000000000000000000
137295832411245.0468750000000000000000000000000000000000
-186693569121847.7812500000000000000000000000000000000000
-280709198161447.3125000000000000000000000000000000000000
180509121489288.3125000000000000000000000000000000000000
-91215722896978.5781250000000000000000000000000000000000
257488398038263.0937500000000000000000000000000000000000
-95318155136111.3906250000000000000000000000000000000000
262319838882171.0000000000000000000000000000000000000000
39532709101751.2109375000000000000000000000000000000000
-37734405697140.3593750000000000000000000000000000000000
94893743795165.9843750000000000000000000000000000000000
-81670458565171.2656250000000000000000000000000000000000
-67876363847318.4921875000000000000000000000000000000000
-135953075820485.7343750000000000000000000000000000000000
-130651679862929.5781250000000000000000000000000000000000
91546301106278.0625000000000000000000000000000000000000
42593698853403.3046875000000000000000000000000000000000
-79402847974233.8593750000000000000000000000000000000000
-95340557061471.9531250000000000000000000000000000000000
-60851990586063.9140625000000000000000000000000000000000
71835110858725.2656250000000000000000000000000000000000
-73876307185687.4062500000000000000000000000000000000000
121597374853597.0312500000000000000000000000000000000000
95528836096841.4375000000000000000000000000000000000000
81264097188634.5625000000000000000000000000000000000000
120624788427902.9375000000000000000000000000000000000000
93739028878594.4687500000000000000000000000000000000000
146623635335815.0937500000000000000000000000000000000000
-41698988480255.2187500000000000000000000000000000000000
-77015331314720.5625000000000000000000000000000000000000
95108703826458.1250000000000000000000000000000000000000
-103780120166946.6718750000000000000000000000000000000000
-170684772839495.2500000000000000000000000000000000000000
-87803229780804.9062500000000000000000000000000000000000
-150906022417284.3125000000000000000000000000000000000000
-172921733032269.8125000000000000000000000000000000000000
-179953412060937.7500000000000000000000000000000000000000
-47761791414261.7968750000000000000000000000000000000000
162761911557459.4062500000000000000000000000000000000000
17957461475964.2578125000000000000000000000000000000000
-130030003797353.6406250000000000000000000000000000000000
15136220202019.5371093750000000000000000000000000000000
67449816121827.2812500000000000000000000000000000000000
388122505793957.5000000000000000000000000000000000000000
222448655652407.1562500000000000000000000000000000000000
174093527474778.4687500000000000000000000000000000000000
-11981100858707.9882812500000000000000000000000000000000
99811255876688.6093750000000000000000000000000000000000
154527113653374.6562500000000000000000000000000000000000
-36188433263143.1875000000000000000000000000000000000000
65548922259081.5234375000000000000000000000000000000000
-162397396962234.7500000000000000000000000000000000000000
-83200785738600.3125000000000000000000000000000000000000
-192202346585067.2500000000000000000000000000000000000000
37939442378062.9375000000000000000000000000000000000000
-265816343422296.6250000000000000000000000000000000000000
-155188133076433.5937500000000000000000000000000000000000
-154302779266306.3125000000000000000000000000000000000000
-95584884577451.7187500000000000000000000000000000000000
-61308231447503.5468750000000000000000000000000000000000
-211001792931258.9687500000000000000000000000000000000000
66018683858779.9140625000000000000000000000000000000000
18039210928129.6914062500000000000000000000000000000000
109244971689329.7343750000000000000000000000000000000000
7894236667593.2646484375000000000000000000000000000000
190229730574213.3750000000000000000000000000000000000000
-33651664959376.7929687500000000000000000000000000000000
79579692032401.2656250000000000000000000000000000000000
78432932038131.1562500000000000000000000000000000000000
124541618242511.4218750000000000000000000000000000000000
38410777535883.9062500000000000000000000000000000000000
204982772210738.7812500000000000000000000000000000000000
259365116558263.4062500000000000000000000000000000000000
15641280794167.2480468750000000000000000000000000000000
197955657577986.0937500000000000000000000000000000000000
-34324202898602.3203125000000000000000000000000000000000
-27388120374500.2031250000000000000000000000000000000000
3053184504048.2143554687500000000000000000000000000000
-37303430086104.0234375000000000000000000000000000000000
98839846300062.5312500000000000000000000000000000000000
-94207656471207.7187500000000000000000000000000000000000
-144518806069711.0000000000000000000000000000000000000000
-318260093116357.0000000000000000000000000000000000000000
27906844732160.7070312500000000000000000000000000000000
210967887244950.8437500000000000000000000000000000000000
-173838245275687.8437500000000000000000000000000000000000
-74876016237383.4375000000000000000000000000000000000000
-297575862396399.4375000000000000000000000000000000000000
-314556221433567.4375000000000000000000000000000000000000
116423734180127.0000000000000000000000000000000000000000
-177672423181210.2812500000000000000000000000000000000000
-247711430621319.1250000000000000000000000000000000000000
-31493507919918.1875000000000000000000000000000000000000
-62199725579529.4687500000000000000000000000000000000000
-78848907311331.8593750000000000000000000000000000000000
134584206407604.3281250000000000000000000000000000000000
86549927902656.4687500000000000000000000000000000000000
-20159101012804.8320312500000000000000000000000000000000
123140603495596.7656250000000000000000000000000000000000
148235247424686.0000000000000000000000000000000000000000
94022683454124.9687500000000000000000000000000000000000
349241916651835.3750000000000000000000000000000000000000
171984959682940.4375000000000000000000000000000000000000
141379392790719.5625000000000000000000000000000000000000
288833857477179.0625000000000000000000000000000000000000
233700448324390.4375000000000000000000000000000000000000
54246928824939.4140625000000000000000000000000000000000
-205076756187467.4062500000000000000000000000000000000000
27892150220982.0156250000000000000000000000000000000000
142136827947280.5000000000000000000000000000000000000000
-129795764315483.3593750000000000000000000000000000000000
-30424919276990.1718750000000000000000000000000000000000
171012387055398.6875000000000000000000000000000000000000
-167015557936228.9687500000000000000000000000000000000000
151615034547563.3750000000000000000000000000000000000000
-115411561784172.2187500000000000000000000000000000000000
-131851603487346.7500000000000000000000000000000000000000
118715085258510.5937500000000000000000000000000000000000
-67263961860994.1796875000000000000000000000000000000000
60092007477820.2187500000000000000000000000000000000000
-230276814756501.0937500000000000000000000000000000000000
-54121111610866.3593750000000000000000000000000000000000
-426261456368393.8125000000000000000000000000000000000000
-69763558414085.6953125000000000000000000000000000000000
-24320612145398.4179687500000000000000000000000000000000
-277716605372985.9687500000000000000000000000000000000000
-116983505834601.2343750000000000000000000000000000000000
-234685616519117.7187500000000000000000000000000000000000
-185326925881343.5000000000000000000000000000000000000000
-103717651445682.0156250000000000000000000000000000000000
-9405595396446.9296875000000000000000000000000000000000
-38610969724252.8828125000000000000000000000000000000000
-29854488126529.8789062500000000000000000000000000000000
140630508300262.2187500000000000000000000000000000000000
42564788384477.3359375000000000000000000000000000000000
264135098295648.7187500000000000000000000000000000000000
87853467631262.8906250000000000000000000000000000000000
57073815042601.5781250000000000000000000000000000000000
-69997597172564.7109375000000000000000000000000000000000
248068913768718.1250000000000000000000000000000000000000
56327611602507.8359375000000000000000000000000000000000
94261527255799.2812500000000000000000000000000000000000
102060143216152.9687500000000000000000000000000000000000
71821785241427.8593750000000000000000000000000000000000
227078832658442.9375000000000000000000000000000000000000
-217563060329692.1562500000000000000000000000000000000000
355965466232620.2500000000000000000000000000000000000000
32671377833324.0742187500000000000000000000000000000000
179305188176423.1250000000000000000000000000000000000000
205651571954011.7187500000000000000000000000000000000000
129259293474728.8437500000000000000000000000000000000000
123301681902317.2968750000000000000000000000000000000000
252807758495756.4062500000000000000000000000000000000000
-123453885357217.7187500000000000000000000000000000000000
57807509077713.8281250000000000000000000000000000000000
-270032816386612.4062500000000000000000000000000000000000
-13735895609341.3925781250000000000000000000000000000000
257394140882968.7187500000000000000000000000000000000000
-173838393239925.0625000000000000000000000000000000000000
-162586947782205.1562500000000000000000000000000000000000
-178082188359542.6562500000000000000000000000000000000000
-186610827142999.2500000000000000000000000000000000000000
120360549743243.3125000000000000000000000000000000000000
-233902997492290.9375000000000000000000000000000000000000
-39158911640320.0312500000000000000000000000000000000000
-6342707142619.2626953125000000000000000000000000000000
-100982954263424.0312500000000000000000000000000000000000
191576821780367.5000000000000000000000000000000000000000
-123081508631811.9843750000000000000000000000000000000000
-12943424765331.2441406250000000000000000000000000000000
-295760695951162.6250000000000000000000000000000000000000
-207818735554795.6562500000000000000000000000000000000000
-134108744662963.9531250000000000000000000000000000000000
-225192717169384.5000000000000000000000000000000000000000
-99759973140870.7343750000000000000000000000000000000000
-292020444418656.2500000000000000000000000000000000000000
-51368037346911.4218750000000000000000000000000000000000
-56643417617730.1171875000000000000000000000000000000000
-111859395147703.2812500000000000000000000000000000000000
14534107225259.9589843750000000000000000000000000000000
-85034965087468.1562500000000000000000000000000000000000
-65231828273478.8984375000000000000000000000000000000000
129057168087199.0937500000000000000000000000000000000000
98733274349858.3750000000000000000000000000000000000000
252520260330090.5312500000000000000000000000000000000000
28163042917218.5664062500000000000000000000000000000000
413548638086484.1875000000000000000000000000000000000000
-77167502482377.0312500000000000000000000000000000000000
-106665904128182.7031250000000000000000000000000000000000
187576110605504.6562500000000000000000000000000000000000
-46416170805151.2421875000000000000000000000000000000000
191317279841432.1875000000000000000000000000000000000000
245096186446014.8125000000000000000000000000000000000000
-790835227005.1608886718750000000000000000000000000000
180141747795037.5312500000000000000000000000000000000000
35630406933268.4921875000000000000000000000000000000000
59808161767195.6171875000000000000000000000000000000000
-29592403636477.1484375000000000000000000000000000000000
102613769014366.5312500000000000000000000000000000000000
443757118420435.9375000000000000000000000000000000000000
-48344003342229.3125000000000000000000000000000000000000
71253505035859.2656250000000000000000000000000000000000
171963083573064.4687500000000000000000000000000000000000
135349057659176.4062500000000000000000000000000000000000
-34669904880856.5625000000000000000000000000000000000000
-98731911308482.7812500000000000000000000000000000000000
479943734982530.9375000000000000000000000000000000000000
-305608507001572.7500000000000000000000000000000000000000
-323092470065988.7500000000000000000000000000000000000000
101952456350857.7656250000000000000000000000000000000000
206373779131265.8125000000000000000000000000000000000000
65899955264577.6328125000000000000000000000000000000000
-225902071036177.5625000000000000000000000000000000000000
-107453051563960.0625000000000000000000000000000000000000
199493703273607.4687500000000000000000000000000000000000
44310890089432.6484375000000000000000000000000000000000
-461728753925128.3750000000000000000000000000000000000000
67747138478912.6093750000000000000000000000000000000000
-227551441792800.3437500000000000000000000000000000000000
-62284521547792.0000000000000000000000000000000000000000
155945855543486.6875000000000000000000000000000000000000
-231722145831714.2187500000000000000000000000000000000000
-118558218358291.3125000000000000000000000000000000000000
-10238509210406.0937500000000000000000000000000000000000
-531912951296973.8125000000000000000000000000000000000000
87927059917934.2812500000000000000000000000000000000000
-183718778931771.6875000000000000000000000000000000000000
-203125097456956.9062500000000000000000000000000000000000
124837963848134.8593750000000000000000000000000000000000
-368848038326462.6250000000000000000000000000000000000000
215232864980572.4375000000000000000000000000000000000000
-5705848392041.6933593750000000000000000000000000000000
-25030367449123.2929687500000000000000000000000000000000
-113907243516497.7343750000000000000000000000000000000000
3447170979832.4594726562500000000000000000000000000000
-29496265598142.2304687500000000000000000000000000000000
-165850949709029.4375000000000000000000000000000000000000
-82581898498996.0156250000000000000000000000000000000000
47125994778889.6015625000000000000000000000000000000000
240517150922715.8750000000000000000000000000000000000000
21972244791404.5703125000000000000000000000000000000000
-61670855841002.9765625000000000000000000000000000000000
-282176386120492.0625000000000000000000000000000000000000
-135039054265393.3750000000000000000000000000000000000000
54632742891535.9375000000000000000000000000000000000000
204131588531900.1250000000000000000000000000000000000000
104010612754548.4375000000000000000000000000000000000000
129281609988621.0625000000000000000000000000000000000000
101942708072367.3281250000000000000000000000000000000000
491392962063068.4375000000000000000000000000000000000000
-9626807445652.3378906250000000000000000000000000000000
-473207644439991.8750000000000000000000000000000000000000
-195431172391511.7187500000000000000000000000000000000000
711109391548300.5000000000000000000000000000000000000000
-178334190448333.0312500000000000000000000000000000000000
139015392424929.9531250000000000000000000000000000000000
596366535808412.8750000000000000000000000000000000000000
245971562278563.7187500000000000000000000000000000000000
66361615631677.7890625000000000000000000000000000000000
-2449534234447.2148437500000000000000000000000000000000
65593764102535.3125000000000000000000000000000000000000
92659772209959.3906250000000000000000000000000000000000
326848396740448.3750000000000000000000000000000000000000
-376173248549807.5000000000000000000000000000000000000000
65328071331603.2500000000000000000000000000000000000000
11376340141878.6816406250000000000000000000000000000000
9070745403810.3515625000000000000000000000000000000000
45092621688194.0703125000000000000000000000000000000000
-100247612235518.4218750000000000000000000000000000000000
69904574946967.1406250000000000000000000000000000000000
-68040210523981.9140625000000000000000000000000000000000
-304265622559536.5625000000000000000000000000000000000000
224273315498840.0000000000000000000000000000000000000000
6839623169874.1152343750000000000000000000000000000000
-166937012214860.4687500000000000000000000000000000000000
125925648806089.2500000000000000000000000000000000000000
-190160932929147.3125000000000000000000000000000000000000
46071424371621.3828125000000000000000000000000000000000
-1478058040098.7443847656250000000000000000000000000000
268009144160163.1875000000000000000000000000000000000000
228327378627359.4062500000000000000000000000000000000000
-265490096474844.6562500000000000000000000000000000000000
552786119967900.3750000000000000000000000000000000000000
-52091468344425.5234375000000000000000000000000000000000
-266078161483668.3437500000000000000000000000000000000000
-365717558734384.2500000000000000000000000000000000000000
-353528333732510.3125000000000000000000000000000000000000
19246188017767.9257812500000000000000000000000000000000
-361905909617928.1875000000000000000000000000000000000000
-389063465132251.7500000000000000000000000000000000000000
23334750590534.0273437500000000000000000000000000000000
186219911692855.7500000000000000000000000000000000000000
-278452532515218.9375000000000000000000000000000000000000
-640167958758250.3750000000000000000000000000000000000000
30855525591378.1601562500000000000000000000000000000000
20778700051216.6406250000000000000000000000000000000000
206652169178931.9375000000000000000000000000000000000000
47012866516910.9218750000000000000000000000000000000000
-31285984051973.5312500000000000000000000000000000000000
51724848891963.5078125000000000000000000000000000000000
-37994364549060.4843750000000000000000000000000000000000
108397852159430.7500000000000000000000000000000000000000
-8981123132452.6464843750000000000000000000000000000000
-155330954250850.7500000000000000000000000000000000000000
321142513061255.6250000000000000000000000000000000000000
-191731907896406.5937500000000000000000000000000000000000
-203361187183212.5312500000000000000000000000000000000000
340563741908126.4375000000000000000000000000000000000000
-531186905339909.2500000000000000000000000000000000000000
-105502341330690.5312500000000000000000000000000000000000
278290122181589.3437500000000000000000000000000000000000
238318269369005.9687500000000000000000000000000000000000
-120620002254982.5468750000000000000000000000000000000000
174878599910643.8437500000000000000000000000000000000000
283348032767742.6875000000000000000000000000000000000000
-52967869871990.5625000000000000000000000000000000000000
190287199036769.7812500000000000000000000000000000000000
170345510257744.2812500000000000000000000000000000000000
33847705390616.5195312500000000000000000000000000000000
541053709349354.6875000000000000000000000000000000000000
-779896055616061.6250000000000000000000000000000000000000
-117832516407919.2187500000000000000000000000000000000000
125354671907856.8125000000000000000000000000000000000000
147139965626497.2500000000000000000000000000000000000000
307090541045012.1875000000000000000000000000000000000000
-2517036804352.2299804687500000000000000000000000000000
339567826800132.9375000000000000000000000000000000000000
-456706217874838.6250000000000000000000000000000000000000
-271880613320361.4687500000000000000000000000000000000000
25080690118332.5781250000000000000000000000000000000000
341303460846218.2500000000000000000000000000000000000000
106970596400769.9843750000000000000000000000000000000000
262203509581297.8750000000000000000000000000000000000000
-104837605031261.7812500000000000000000000000000000000000
-122808727222417.4218750000000000000000000000000000000000
-277976647796365.3437500000000000000000000000000000000000
-32740937251529.8906250000000000000000000000000000000000
34153026453533.1484375000000000000000000000000000000000
359112611496447.7500000000000000000000000000000000000000
-273003124475825.5000000000000000000000000000000000000000
75031662676854.2343750000000000000000000000000000000000
494458308551038.3125000000000000000000000000000000000000
177598621700362.2500000000000000000000000000000000000000
-398747457362558.5000000000000000000000000000000000000000
-39783093302555.7109375000000000000000000000000000000000
22148583516648.8710937500000000000000000000000000000000
351608033366046.6875000000000000000000000000000000000000
289885239895176.1250000000000000000000000000000000000000
40321404588522.9843750000000000000000000000000000000000
-97279562183086.7812500000000000000000000000000000000000
9987009723562.9042968750000000000000000000000000000000
-90854692027247.3125000000000000000000000000000000000000
-319758734813728.6250000000000000000000000000000000000000
408523319569326.0000000000000000000000000000000000000000
-75780624268185.3593750000000000000000000000000000000000
-333164603303084.1250000000000000000000000000000000000000
44012652474591.8671875000000000000000000000000000000000
280768361112704.9062500000000000000000000000000000000000
-340538485859408.3750000000000000000000000000000000000000
-261564160432860.8125000000000000000000000000000000000000
64979163427058.2187500000000000000000000000000000000000
5981717457974.4970703125000000000000000000000000000000
404542714252623.5000000000000000000000000000000000000000
-19619588879437.7460937500000000000000000000000000000000
22971316533298.3007812500000000000000000000000000000000
-34508604401321.9062500000000000000000000000000000000000
-530020486973392.7500000000000000000000000000000000000000
-94393287641862.1875000000000000000000000000000000000000
376842155921869.2500000000000000000000000000000000000000
-176534979275608.5625000000000000000000000000000000000000
-512275531719488.2500000000000000000000000000000000000000
-212176786764377.3437500000000000000000000000000000000000
-884804611782320.2500000000000000000000000000000000000000
-284483282008620.3750000000000000000000000000000000000000
326191775097586.1250000000000000000000000000000000000000
130148109872472.6250000000000000000000000000000000000000
43837711782111.0312500000000000000000000000000000000000
-243518288087178.8125000000000000000000000000000000000000
-159140722497895.3437500000000000000000000000000000000000
65452845681021.8281250000000000000000000000000000000000
-3712696444213.9257812500000000000000000000000000000000
174584120764555.0000000000000000000000000000000000000000
64170890006296.7890625000000000000000000000000000000000
438669960766213.4375000000000000000000000000000000000000
-382737003459650.5000000000000000000000000000000000000000
69711307673819.7265625000000000000000000000000000000000
130482827910398.1093750000000000000000000000000000000000
180078641807211.7187500000000000000000000000000000000000
465016319803177.3750000000000000000000000000000000000000
393836329504678.7500000000000000000000000000000000000000
45949017780705.1406250000000000000000000000000000000000
42917355523374.6250000000000000000000000000000000000000
-603342981122800.7500000000000000000000000000000000000000
13796027547076.2226562500000000000000000000000000000000
-183191208815156.8125000000000000000000000000000000000000
-260219950813429.5312500000000000000000000000000000000000
-80956907313666.9531250000000000000000000000000000000000
93661347059091.8906250000000000000000000000000000000000
-53222114375979.3046875000000000000000000000000000000000
281989331487314.7500000000000000000000000000000000000000
205619090161736.8125000000000000000000000000000000000000
-3941655509158.3974609375000000000000000000000000000000
527422456839777.3750000000000000000000000000000000000000
-55092917518582.2812500000000000000000000000000000000000
125609174631185.9531250000000000000000000000000000000000
-418587740073423.3125000000000000000000000000000000000000
89675616757627.1875000000000000000000000000000000000000
56706737289418.6015625000000000000000000000000000000000
-182369386263188.2500000000000000000000000000000000000000
364856845834225.7500000000000000000000000000000000000000
428145268842876.6875000000000000000000000000000000000000
281162524465406.8750000000000000000000000000000000000000
21741085669229.9726562500000000000000000000000000000000
-101313881347324.0312500000000000000000000000000000000000
-200814413995383.8437500000000000000000000000000000000000
-31154498480757.6875000000000000000000000000000000000000
127128332201909.0000000000000000000000000000000000000000
230680986952775.5312500000000000000000000000000000000000
12063609284331.7988281250000000000000000000000000000000
424014576325775.5625000000000000000000000000000000000000
-474866041072507.2500000000000000000000000000000000000000
-44661787975179.8750000000000000000000000000000000000000
-167660595073631.5625000000000000000000000000000000000000
172348520800778.2500000000000000000000000000000000000000
23356918657573.0078125000000000000000000000000000000000
-114851862183236.0312500000000000000000000000000000000000
-193547363114468.0937500000000000000000000000000000000000
128884195674722.4531250000000000000000000000000000000000
87150461403782.6875000000000000000000000000000000000000
-541504845914045.1250000000000000000000000000000000000000
-322128227621912.1250000000000000000000000000000000000000
-207437246469911.0625000000000000000000000000000000000000
73454896047818.0000000000000000000000000000000000000000
182683258433369.3437500000000000000000000000000000000000
797364925213854.5000000000000000000000000000000000000000
-46962546085251.3671875000000000000000000000000000000000
-518456761179352.3125000000000000000000000000000000000000
-82502179175238.8281250000000000000000000000000000000000
245062653587194.0312500000000000000000000000000000000000
242893633434500.0000000000000000000000000000000000000000
17590809065039.5898437500000000000000000000000000000000
22290864244800.9414062500000000000000000000000000000000
-314973038132102.3750000000000000000000000000000000000000
-431948418609243.7500000000000000000000000000000000000000
-162422496948984.5000000000000000000000000000000000000000
-5668055586730.1386718750000000000000000000000000000000
-591373655913656.1250000000000000000000000000000000000000
211340632138535.3750000000000000000000000000000000000000
-149145949334512.1875000000000000000000000000000000000000
-119279862827516.4531250000000000000000000000000000000000
236030681086388.6875000000000000000000000000000000000000
483670398803503.3125000000000000000000000000000000000000
322790797575430.5000000000000000000000000000000000000000
110694676795084.6718750000000000000000000000000000000000
11585852949465.6328125000000000000000000000000000000000
-66060312374126.6484375000000000000000000000000000000000
-635685992996649.1250000000000000000000000000000000000000
-261462778922445.2500000000000000000000000000000000000000
240076368235451.5312500000000000000000000000000000000000
285380754149071.7500000000000000000000000000000000000000
-377345552028590.6875000000000000000000000000000000000000
-50156667819805.8515625000000000000000000000000000000000
-421797818217794.6875000000000000000000000000000000000000
244443124356919.0000000000000000000000000000000000000000
-232070104878664.9687500000000000000000000000000000000000
52334985007445.0234375000000000000000000000000000000000
8801535969740.7949218750000000000000000000000000000000
596611203118967.0000000000000000000000000000000000000000
414088609925508.1875000000000000000000000000000000000000
573573243121259.6250000000000000000000000000000000000000
148356939183624.0937500000000000000000000000000000000000
-12992142960663.9707031250000000000000000000000000000000
-60181272817853.9453125000000000000000000000000000000000
-441718999209191.3750000000000000000000000000000000000000
-738652984170529.6250000000000000000000000000000000000000
-360557475063314.6875000000000000000000000000000000000000
62532618570477.9062500000000000000000000000000000000000
188894103430518.5312500000000000000000000000000000000000
222204671393640.9062500000000000000000000000000000000000
-437967421201173.3750000000000000000000000000000000000000
29250620461745.0976562500000000000000000000000000000000
385038517607820.9375000000000000000000000000000000000000
175442154161.2155151367187500000000000000000000000000
-39983855786027.6562500000000000000000000000000000000000
198352172590992.8750000000000000000000000000000000000000
116099780124726.8593750000000000000000000000000000000000
202630735222423.6562500000000000000000000000000000000000
-221158969901261.1250000000000000000000000000000000000000
102088396762386.5468750000000000000000000000000000000000
308312401976669.3125000000000000000000000000000000000000
-298599489571161.6250000000000000000000000000000000000000
318585573576571.4375000000000000000000000000000000000000
164048798538902.5937500000000000000000000000000000000000
285509421804696.7500000000000000000000000000000000000000
-434267927661195.5000000000000000000000000000000000000000
-19187323131215.3554687500000000000000000000000000000000
-69301015252935.7265625000000000000000000000000000000000
634655334572965.8750000000000000000000000000000000000000
157849953068780.1875000000000000000000000000000000000000
-491993686142149.3125000000000000000000000000000000000000
216010297096380.8437500000000000000000000000000000000000
-99583357304234.1406250000000000000000000000000000000000
91322078996957.2812500000000000000000000000000000000000
-211044152722843.9375000000000000000000000000000000000000
374601353948453.6875000000000000000000000000000000000000
25593457516261.7539062500000000000000000000000000000000
416914616912153.9375000000000000000000000000000000000000
-519591847263844.0000000000000000000000000000000000000000
-436418358728780.3125000000000000000000000000000000000000
133531587539043.6250000000000000000000000000000000000000
140673972915483.0937500000000000000000000000000000000000
-153463737652539.2500000000000000000000000000000000000000
96543905918206.4375000000000000000000000000000000000000
-68261505155682.4531250000000000000000000000000000000000
5480283173154.3544921875000000000000000000000000000000
-97837757558284.3906250000000000000000000000000000000000
-89825266926409.4531250000000000000000000000000000000000
312881992459855.5000000000000000000000000000000000000000
-112598176076214.0468750000000000000000000000000000000000
-862019983834107.2500000000000000000000000000000000000000
-128763628391904.4218750000000000000000000000000000000000
79956258437401.8906250000000000000000000000000000000000
-119766515078183.8437500000000000000000000000000000000000
123788234308614.3125000000000000000000000000000000000000
-569386247570216.7500000000000000000000000000000000000000
-232262463572450.5937500000000000000000000000000000000000
169329059425298.5312500000000000000000000000000000000000
190752198976539.3437500000000000000000000000000000000000
-249963268533381.9687500000000000000000000000000000000000
257231248521839.7812500000000000000000000000000000000000
226359025944127.8437500000000000000000000000000000000000
-254285515364179.6562500000000000000000000000000000000000
-381315183985097.7500000000000000000000000000000000000000
143468351584441.0625000000000000000000000000000000000000
27349123126135.8632812500000000000000000000000000000000
263723691122415.6250000000000000000000000000000000000000
-290996827824403.6875000000000000000000000000000000000000
647521544386104.2500000000000000000000000000000000000000
402782112493482.5625000000000000000000000000000000000000
-77610909457274.0312500000000000000000000000000000000000
297458378369589.6250000000000000000000000000000000000000
87638744712177.9375000000000000000000000000000000000000
-527770515501240.3750000000000000000000000000000000000000
752714691294098.0000000000000000000000000000000000000000
-566120173023881.5000000000000000000000000000000000000000
306198105354415.5625000000000000000000000000000000000000
-303615850021723.2500000000000000000000000000000000000000
-70931276442448.5000000000000000000000000000000000000000
-283426689657999.6250000000000000000000000000000000000000
-60972452607939.8671875000000000000000000000000000000000
430980230899005.6250000000000000000000000000000000000000
1447590794138780.0000000000000000000000000000000000000000
284297457843785.8750000000000000000000000000000000000000
-639031717301848.8750000000000000000000000000000000000000
10568316437416.6015625000000000000000000000000000000000
-174353050120153.9375000000000000000000000000000000000000
-78823932157528.8906250000000000000000000000000000000000
255734658845428.2812500000000000000000000000000000000000
136114342100835.3437500000000000000000000000000000000000
-132420341817210.5156250000000000000000000000000000000000
-254882669584647.5312500000000000000000000000000000000000
-447870043989383.0000000000000000000000000000000000000000
-51794425142357.9609375000000000000000000000000000000000
-340666983158963.2500000000000000000000000000000000000000
-30438630582598.7539062500000000000000000000000000000000
-443769773044702.0625000000000000000000000000000000000000
-312395032989779.6875000000000000000000000000000000000000
-230610294984273.7812500000000000000000000000000000000000
170634426760052.2187500000000000000000000000000000000000
-303475889670269.8125000000000000000000000000000000000000
61413743828283.2109375000000000000000000000000000000000
216129444948293.5625000000000000000000000000000000000000
190642758077940.0312500000000000000000000000000000000000
244934678165753.6250000000000000000000000000000000000000
472324645691871.9375000000000000000000000000000000000000
-133213941807369.3906250000000000000000000000000000000000
239850460899582.2812500000000000000000000000000000000000
534231603140115.6875000000000000000000000000000000000000
124277248461197.9843750000000000000000000000000000000000
-391101627662514.7500000000000000000000000000000000000000
-32361292067003.2773437500000000000000000000000000000000
-345970229702096.8750000000000000000000000000000000000000
