-1.3723536476733919631243452386115677654743
1048.2283330197026316454866901040077209472656
-134823.3235549736709799617528915405273437500000
7161285.6348536228761076927185058593750000000000
-208593752.8318777680397033691406250000000000000000
3815980535.0087661743164062500000000000000000000000
-47338501005.1460037231445312500000000000000000000000
417173088158.8550415039062500000000000000000000000000
-2684780574489.2846679687500000000000000000000000000000
12784457344563.5429687500000000000000000000000000000000
-44980534178614.7968750000000000000000000000000000000000
114457922412359.2187500000000000000000000000000000000000
-198117129046227.5625000000000000000000000000000000000000
192222241114522.6250000000000000000000000000000000000000
1051991425236.7144775390625000000000000000000000000000
-234738692184341.6875000000000000000000000000000000000000
167240137140771.8125000000000000000000000000000000000000
105226497347528.7343750000000000000000000000000000000000
34241038277506.6171875000000000000000000000000000000000
-433581216206022.9375000000000000000000000000000000000000
141632088572803.5000000000000000000000000000000000000000
289285350521374.6250000000000000000000000000000000000000
349206210969434.0625000000000000000000000000000000000000
-640091191908345.1250000000000000000000000000000000000000
-360332707888201.9375000000000000000000000000000000000000
429057886453848.1875000000000000000000000000000000000000
208212673827681.8750000000000000000000000000000000000000
122753262238353.5937500000000000000000000000000000000000
82665733700884.3906250000000000000000000000000000000000
-263524930090641.5625000000000000000000000000000000000000
-378216274432916.1250000000000000000000000000000000000000
-61288913949616.0546875000000000000000000000000000000000
-108512933728512.4687500000000000000000000000000000000000
513870960930373.1250000000000000000000000000000000000000
436526502015265.6875000000000000000000000000000000000000
249196631448831.8125000000000000000000000000000000000000
-562436370662236.8125000000000000000000000000000000000000
-120594016998286.5625000000000000000000000000000000000000
-296999780129161.3125000000000000000000000000000000000000
-589067517595495.3750000000000000000000000000000000000000
598530647569247.0000000000000000000000000000000000000000
36158990163678.8828125000000000000000000000000000000000
202341364336710.1875000000000000000000000000000000000000
242806118541269.0937500000000000000000000000000000000000
231093679955617.8750000000000000000000000000000000000000
185956306173883.9687500000000000000000000000000000000000
-103402232988754.5625000000000000000000000000000000000000
-556438876549356.5000000000000000000000000000000000000000
-15829474806.4655971527099609375000000000000000000000
-502743507834434.1250000000000000000000000000000000000000
-200771914429514.9062500000000000000000000000000000000000
331250831279288.2500000000000000000000000000000000000000
18241424722806.9140625000000000000000000000000000000000
-6874371056681.5449218750000000000000000000000000000000
225819266851695.7500000000000000000000000000000000000000
350989605885375.2500000000000000000000000000000000000000
312006653788086.3750000000000000000000000000000000000000
138184545308826.7968750000000000000000000000000000000000
116279194615062.5937500000000000000000000000000000000000
-181462671641882.2187500000000000000000000000000000000000
-127651270824986.1406250000000000000000000000000000000000
-423236159969528.8125000000000000000000000000000000000000
-359320222253513.3750000000000000000000000000000000000000
-89264402037625.7812500000000000000000000000000000000000
-213935330893585.3125000000000000000000000000000000000000
-165977697017721.9062500000000000000000000000000000000000
6691538473509.0634765625000000000000000000000000000000
171241213227219.3750000000000000000000000000000000000000
246454986466096.4062500000000000000000000000000000000000
116129064440067.0156250000000000000000000000000000000000
235751848315507.5000000000000000000000000000000000000000
571046243846940.2500000000000000000000000000000000000000
162551917809937.8437500000000000000000000000000000000000
-4131638513208.4218750000000000000000000000000000000000
141111955002063.5625000000000000000000000000000000000000
-21446847394973.3554687500000000000000000000000000000000
-201126681729462.6562500000000000000000000000000000000000
-175312876742330.4062500000000000000000000000000000000000
-240768518312501.9375000000000000000000000000000000000000
-301843040652665.0000000000000000000000000000000000000000
-152431984391610.7812500000000000000000000000000000000000
-299916325866054.1250000000000000000000000000000000000000
-275111525580920.1250000000000000000000000000000000000000
-54390582456348.4687500000000000000000000000000000000000
-105037689726172.3437500000000000000000000000000000000000
84864479020214.0937500000000000000000000000000000000000
144101841843218.6875000000000000000000000000000000000000
225842677693967.5625000000000000000000000000000000000000
166805134552061.6875000000000000000000000000000000000000
83274554695496.1562500000000000000000000000000000000000
305867857997698.8125000000000000000000000000000000000000
311207645922427.7500000000000000000000000000000000000000
341655178617993.6875000000000000000000000000000000000000
368307627040777.1875000000000000000000000000000000000000
102092264031759.4218750000000000000000000000000000000000
-3139189572462.9921875000000000000000000000000000000000
-10387008172531.1875000000000000000000000000000000000000
-263887689320111.6875000000000000000000000000000000000000
-248939653573755.0937500000000000000000000000000000000000
-367286115541195.1875000000000000000000000000000000000000
-224143425782325.7187500000000000000000000000000000000000
-297512933156186.2500000000000000000000000000000000000000
-165306183578951.1875000000000000000000000000000000000000
-129462762268887.2343750000000000000000000000000000000000
20725387525617.6406250000000000000000000000000000000000
-184146331255682.7812500000000000000000000000000000000000
-185048465467082.3750000000000000000000000000000000000000
-60182665629824.4296875000000000000000000000000000000000
8107594810105.3017578125000000000000000000000000000000
-52721134663124.3437500000000000000000000000000000000000
140261011195763.1250000000000000000000000000000000000000
84657478664349.3750000000000000000000000000000000000000
179703513671509.8125000000000000000000000000000000000000
310608295046098.1250000000000000000000000000000000000000
260637660330920.0937500000000000000000000000000000000000
153272939675095.3437500000000000000000000000000000000000
299867276333185.8125000000000000000000000000000000000000
356795029216668.0625000000000000000000000000000000000000
90759799336493.9531250000000000000000000000000000000000
101114460430299.0937500000000000000000000000000000000000
-101244427309176.0781250000000000000000000000000000000000
68739977058603.1875000000000000000000000000000000000000
83056224759821.0937500000000000000000000000000000000000
-54558227566740.5703125000000000000000000000000000000000
-18755923814728.1093750000000000000000000000000000000000
-89381182441786.5781250000000000000000000000000000000000
-278229901718897.2500000000000000000000000000000000000000
-147243736716716.9062500000000000000000000000000000000000
-286577220509783.4375000000000000000000000000000000000000
-132104244784750.6093750000000000000000000000000000000000
-300675662539877.5000000000000000000000000000000000000000
18708092021306.3632812500000000000000000000000000000000
-225610041865379.1875000000000000000000000000000000000000
-271552652771652.0937500000000000000000000000000000000000
-229668812927569.6875000000000000000000000000000000000000
25714608050129.8164062500000000000000000000000000000000
-272123037571120.7500000000000000000000000000000000000000
59963191342758.3593750000000000000000000000000000000000
-98964234906906.1875000000000000000000000000000000000000
197159238445951.7500000000000000000000000000000000000000
-7981009714459.9843750000000000000000000000000000000000
286304907620169.8750000000000000000000000000000000000000
214971923459033.6250000000000000000000000000000000000000
251693615646071.2187500000000000000000000000000000000000
132524902070856.8125000000000000000000000000000000000000
121849613004219.6406250000000000000000000000000000000000
149774905049209.8437500000000000000000000000000000000000
135736601565651.5000000000000000000000000000000000000000
309273075529246.1250000000000000000000000000000000000000
164130744212807.0000000000000000000000000000000000000000
167989688814125.8437500000000000000000000000000000000000
35755593791230.6640625000000000000000000000000000000000
228144899263078.2500000000000000000000000000000000000000
40499351965678.4218750000000000000000000000000000000000
-79614827072226.4531250000000000000000000000000000000000
-136082038043141.6406250000000000000000000000000000000000
102301073911861.2031250000000000000000000000000000000000
127704072905396.5156250000000000000000000000000000000000
-275205898768188.5937500000000000000000000000000000000000
-166911631590169.0625000000000000000000000000000000000000
-110368675804197.6562500000000000000000000000000000000000
-86001934472516.1093750000000000000000000000000000000000
-11764125971957.4199218750000000000000000000000000000000
-294485602992772.9375000000000000000000000000000000000000
-310864457954894.6875000000000000000000000000000000000000
-194862376562147.6562500000000000000000000000000000000000
-124145713554680.7656250000000000000000000000000000000000
-242396344228163.5937500000000000000000000000000000000000
-136282501196633.2968750000000000000000000000000000000000
-145679595113210.7812500000000000000000000000000000000000
-139759266452951.3125000000000000000000000000000000000000
163511864407259.2500000000000000000000000000000000000000
-90768887444927.4531250000000000000000000000000000000000
-202308558257610.5937500000000000000000000000000000000000
138040996020072.7656250000000000000000000000000000000000
-61595658603541.4765625000000000000000000000000000000000
179289813125731.0937500000000000000000000000000000000000
-103097989814341.8593750000000000000000000000000000000000
131903806443640.8906250000000000000000000000000000000000
77955674555118.6562500000000000000000000000000000000000
281442791243313.3750000000000000000000000000000000000000
149721826297817.2187500000000000000000000000000000000000
57093497873050.4296875000000000000000000000000000000000
269300559105910.5312500000000000000000000000000000000000
21222470188345.0625000000000000000000000000000000000000
-140818755140081.0000000000000000000000000000000000000000
245102198131402.9062500000000000000000000000000000000000
295077028405477.9375000000000000000000000000000000000000
144336781161020.2187500000000000000000000000000000000000
221548165389174.3125000000000000000000000000000000000000
252839989593594.6875000000000000000000000000000000000000
296567669809113.6250000000000000000000000000000000000000
77946149188210.2812500000000000000000000000000000000000
46871711343790.0781250000000000000000000000000000000000
-83862923244767.4218750000000000000000000000000000000000
-32739730395352.9765625000000000000000000000000000000000
113935838764916.0312500000000000000000000000000000000000
-234179861348655.3125000000000000000000000000000000000000
-68068985648551.4218750000000000000000000000000000000000
-41266858488729.4140625000000000000000000000000000000000
-317344316523992.9375000000000000000000000000000000000000
-125410809167828.5156250000000000000000000000000000000000
-242330135568484.2812500000000000000000000000000000000000
-298746100316245.6250000000000000000000000000000000000000
-56886263047072.7812500000000000000000000000000000000000
-124648453107586.0468750000000000000000000000000000000000
-200597465366183.0625000000000000000000000000000000000000
32162163308697.5312500000000000000000000000000000000000
-95287427796766.3593750000000000000000000000000000000000
139498235953716.3593750000000000000000000000000000000000
-309926267153659.8750000000000000000000000000000000000000
-130368205596661.6718750000000000000000000000000000000000
206861782758830.8750000000000000000000000000000000000000
-99925381093766.1406250000000000000000000000000000000000
-216300955255241.2812500000000000000000000000000000000000
23162915780649.8515625000000000000000000000000000000000
-389278404382966.4375000000000000000000000000000000000000
-72190108296702.8906250000000000000000000000000000000000
-161129050033905.7500000000000000000000000000000000000000
196951820965475.1875000000000000000000000000000000000000
144689303770553.6875000000000000000000000000000000000000
264124271345980.4375000000000000000000000000000000000000
141687175971068.1875000000000000000000000000000000000000
-268863096861062.0937500000000000000000000000000000000000
468383182824174.5625000000000000000000000000000000000000
-4192480000782.1904296875000000000000000000000000000000
321503141755365.3750000000000000000000000000000000000000
-103557345075386.4531250000000000000000000000000000000000
54019538884442.5859375000000000000000000000000000000000
149505643586710.9687500000000000000000000000000000000000
-9710790523368.9375000000000000000000000000000000000000
363471691330310.7500000000000000000000000000000000000000
100912277362661.5468750000000000000000000000000000000000
-55131913543961.4218750000000000000000000000000000000000
123624003471001.7968750000000000000000000000000000000000
41903039646200.0468750000000000000000000000000000000000
387251776973123.0000000000000000000000000000000000000000
-188025990833947.0937500000000000000000000000000000000000
172309836894458.8125000000000000000000000000000000000000
-307685551309526.6875000000000000000000000000000000000000
-20798515435832.1328125000000000000000000000000000000000
-242595528448660.7812500000000000000000000000000000000000
53515410235774.8984375000000000000000000000000000000000
249829474422996.0312500000000000000000000000000000000000
99431832115176.0468750000000000000000000000000000000000
-109543772830229.0312500000000000000000000000000000000000
-73905458375503.0156250000000000000000000000000000000000
-1715289466279.7062988281250000000000000000000000000000
-111156084110802.4218750000000000000000000000000000000000
79404035265495.1406250000000000000000000000000000000000
130250338691153.5468750000000000000000000000000000000000
-167233484075695.2500000000000000000000000000000000000000
131278416931029.1562500000000000000000000000000000000000
-20241516121355.8007812500000000000000000000000000000000
207868799331741.8125000000000000000000000000000000000000
-318777071774635.6250000000000000000000000000000000000000
-216406531837992.8437500000000000000000000000000000000000
253505199136839.4687500000000000000000000000000000000000
-507398635259815.5000000000000000000000000000000000000000
-364036739604881.1250000000000000000000000000000000000000
-59939076176153.1171875000000000000000000000000000000000
-60680414354128.7421875000000000000000000000000000000000
469661542320582.0625000000000000000000000000000000000000
-450291581645166.3750000000000000000000000000000000000000
-15934985051270.2597656250000000000000000000000000000000
-146850095425545.1250000000000000000000000000000000000000
144570181954230.3125000000000000000000000000000000000000
-58873666725818.6953125000000000000000000000000000000000
-168513918853839.3125000000000000000000000000000000000000
-95063615599201.8593750000000000000000000000000000000000
-214984193070109.7187500000000000000000000000000000000000
353795087381909.2500000000000000000000000000000000000000
99854674907760.0937500000000000000000000000000000000000
228895306357089.7812500000000000000000000000000000000000
-380968662148576.6250000000000000000000000000000000000000
-70205684952613.1562500000000000000000000000000000000000
202078596313459.9687500000000000000000000000000000000000
138061136677176.8437500000000000000000000000000000000000
183424429141997.3750000000000000000000000000000000000000
-272874247541538.4062500000000000000000000000000000000000
-44910601202841.7343750000000000000000000000000000000000
113415272973333.0312500000000000000000000000000000000000
-47870799576199.9531250000000000000000000000000000000000
10934014801782.7050781250000000000000000000000000000000
-173228784484328.3750000000000000000000000000000000000000
-306848870051958.0000000000000000000000000000000000000000
254531150195741.0312500000000000000000000000000000000000
124214661153507.0937500000000000000000000000000000000000
536362810537480.9375000000000000000000000000000000000000
458035546396442.5625000000000000000000000000000000000000
-238222618805079.0000000000000000000000000000000000000000
64024489529976.7109375000000000000000000000000000000000
246521042992970.5312500000000000000000000000000000000000
9562932325106.7187500000000000000000000000000000000000
127890182375677.2031250000000000000000000000000000000000
-147859523844674.5312500000000000000000000000000000000000
-22593445349934.9257812500000000000000000000000000000000
-527173106807.6289672851562500000000000000000000000000
97075826306493.3125000000000000000000000000000000000000
294752343035360.3125000000000000000000000000000000000000
-91176443424414.1250000000000000000000000000000000000000
101042174899718.5937500000000000000000000000000000000000
223493598971317.5000000000000000000000000000000000000000
-267919141326745.4687500000000000000000000000000000000000
361342489538752.3125000000000000000000000000000000000000
27000523614508.6289062500000000000000000000000000000000
76551444299397.8906250000000000000000000000000000000000
-370584614951692.0000000000000000000000000000000000000000
-97837410620977.0781250000000000000000000000000000000000
148186604437336.7500000000000000000000000000000000000000
87610773676844.9062500000000000000000000000000000000000
-202430746329989.5937500000000000000000000000000000000000
-88901576251180.5312500000000000000000000000000000000000
-418304954512394.6875000000000000000000000000000000000000
97496913569452.9687500000000000000000000000000000000000
-321125672655750.9375000000000000000000000000000000000000
-562767731357136.1875000000000000000000000000000000000000
147725579552207.9687500000000000000000000000000000000000
-133225426680731.0625000000000000000000000000000000000000
368814375217384.3750000000000000000000000000000000000000
-245848676334597.0000000000000000000000000000000000000000
10608949854556.6132812500000000000000000000000000000000
90533998564069.8906250000000000000000000000000000000000
69443431136823.8828125000000000000000000000000000000000
-12985766830176.6738281250000000000000000000000000000000
110129518084689.7656250000000000000000000000000000000000
-598544914092567.2500000000000000000000000000000000000000
-488093548171832.9375000000000000000000000000000000000000
48592773325914.9453125000000000000000000000000000000000
143388142237411.2500000000000000000000000000000000000000
-130326664724570.4843750000000000000000000000000000000000
-78130427786091.6406250000000000000000000000000000000000
434611164797982.1250000000000000000000000000000000000000
-78479187992153.9843750000000000000000000000000000000000
-252331680785256.8125000000000000000000000000000000000000
129579613518413.4531250000000000000000000000000000000000
45765785690059.9531250000000000000000000000000000000000
446909069016512.2500000000000000000000000000000000000000
-271109905494914.7812500000000000000000000000000000000000
123394488581908.6875000000000000000000000000000000000000
-53526028844943.2890625000000000000000000000000000000000
203771445851885.2500000000000000000000000000000000000000
239592016434163.0312500000000000000000000000000000000000
144381277708116.3125000000000000000000000000000000000000
40267962214677.7500000000000000000000000000000000000000
-128587811937951.1250000000000000000000000000000000000000
252051569542018.4687500000000000000000000000000000000000
134466677731368.5937500000000000000000000000000000000000
25409364609414.8945312500000000000000000000000000000000
-288320308253504.6875000000000000000000000000000000000000
237353547490939.8750000000000000000000000000000000000000
-58204750339431.0625000000000000000000000000000000000000
324661992855901.2500000000000000000000000000000000000000
-10734005180599.4296875000000000000000000000000000000000
-257313345346734.7812500000000000000000000000000000000000
333337261265156.7500000000000000000000000000000000000000
-484949631616829.6250000000000000000000000000000000000000
351793171539859.1875000000000000000000000000000000000000
60146477002753.6640625000000000000000000000000000000000
26860851357085.7578125000000000000000000000000000000000
-468069356842284.1875000000000000000000000000000000000000
11047226404656.7558593750000000000000000000000000000000
559832262107465.5625000000000000000000000000000000000000
148775284483988.8125000000000000000000000000000000000000
-374941825579688.3750000000000000000000000000000000000000
461989275410676.7500000000000000000000000000000000000000
-163599670303426.9687500000000000000000000000000000000000
-197684836080699.8125000000000000000000000000000000000000
163511673888672.0625000000000000000000000000000000000000
295520688878724.1875000000000000000000000000000000000000
-199661880409154.8750000000000000000000000000000000000000
188529251394752.9687500000000000000000000000000000000000
-296373347978011.6875000000000000000000000000000000000000
-252168277196821.8750000000000000000000000000000000000000
-270962060176707.4687500000000000000000000000000000000000
-216339065001226.5312500000000000000000000000000000000000
32080516032571.6484375000000000000000000000000000000000
287626859047664.6250000000000000000000000000000000000000
391397352574364.2500000000000000000000000000000000000000
210433184525699.5312500000000000000000000000000000000000
-173333207000588.5937500000000000000000000000000000000000
-202627634793648.3750000000000000000000000000000000000000
-583564297200885.5000000000000000000000000000000000000000
45910579966377.5390625000000000000000000000000000000000
-69803841807366.4531250000000000000000000000000000000000
-23501307445172.1367187500000000000000000000000000000000
-274064468159575.0312500000000000000000000000000000000000
-83108927274765.6250000000000000000000000000000000000000
190233043703736.3125000000000000000000000000000000000000
-101224761981964.7968750000000000000000000000000000000000
-29916146848886.7929687500000000000000000000000000000000
-413496389065561.0000000000000000000000000000000000000000
324592632215915.6250000000000000000000000000000000000000
73229174631898.5156250000000000000000000000000000000000
300948469059520.1875000000000000000000000000000000000000
-218634787690528.4687500000000000000000000000000000000000
-328397857063844.1250000000000000000000000000000000000000
112842991743857.0781250000000000000000000000000000000000
141471144508330.0000000000000000000000000000000000000000
-178908997877123.2187500000000000000000000000000000000000
-500810597231220.3750000000000000000000000000000000000000
412179542467137.9375000000000000000000000000000000000000
-303356924149385.1875000000000000000000000000000000000000
363171434199570.1875000000000000000000000000000000000000
320231456293580.0000000000000000000000000000000000000000
-54408145551546.8828125000000000000000000000000000000000
-196502600002416.3437500000000000000000000000000000000000
457746882573252.8750000000000000000000000000000000000000
9569844834191.8867187500000000000000000000000000000000
14105584199800.8789062500000000000000000000000000000000
-374934292339581.0000000000000000000000000000000000000000
-226859156290707.2187500000000000000000000000000000000000
374855259991998.2500000000000000000000000000000000000000
146918364122040.4687500000000000000000000000000000000000
556741481917619.0625000000000000000000000000000000000000
350494420753327.2500000000000000000000000000000000000000
350195987691413.4375000000000000000000000000000000000000
-251447630689207.6250000000000000000000000000000000000000
-345812151284400.6250000000000000000000000000000000000000
87016935592360.6875000000000000000000000000000000000000
65218404412155.2031250000000000000000000000000000000000
367847425224644.8125000000000000000000000000000000000000
-27854337120663.2617187500000000000000000000000000000000
-250042563473014.3750000000000000000000000000000000000000
-147673193417568.1250000000000000000000000000000000000000
-36101302326837.3750000000000000000000000000000000000000
-498162116921255.3750000000000000000000000000000000000000
265648271738170.0625000000000000000000000000000000000000
133584529211762.3281250000000000000000000000000000000000
208957666321788.5937500000000000000000000000000000000000
-202155524008515.5000000000000000000000000000000000000000
377681253200080.8125000000000000000000000000000000000000
614511266717464.3750000000000000000000000000000000000000
-495389514305373.4375000000000000000000000000000000000000
202129749376276.1562500000000000000000000000000000000000
-690142522089086.5000000000000000000000000000000000000000
120582606785669.7031250000000000000000000000000000000000
-348727239886080.8125000000000000000000000000000000000000
-161305595946567.9375000000000000000000000000000000000000
424691447795317.6250000000000000000000000000000000000000
-345866119521540.3125000000000000000000000000000000000000
206833039140999.5937500000000000000000000000000000000000
-314350013916804.5625000000000000000000000000000000000000
-215436862823575.3125000000000000000000000000000000000000
-20336385705562.2148437500000000000000000000000000000000
-169971362556115.5937500000000000000000000000000000000000
-185478517083551.8750000000000000000000000000000000000000
-638447756477090.3750000000000000000000000000000000000000
-283773167874991.6250000000000000000000000000000000000000
207163191419211.9062500000000000000000000000000000000000
-80550679272809.0312500000000000000000000000000000000000
311946581719971.6875000000000000000000000000000000000000
267669448141556.3437500000000000000000000000000000000000
109220293136600.4687500000000000000000000000000000000000
41986115454713.6015625000000000000000000000000000000000
734762018163681.5000000000000000000000000000000000000000
76514839806353.2968750000000000000000000000000000000000
-461873839471588.7500000000000000000000000000000000000000
-29253755723270.3906250000000000000000000000000000000000
15034847182682.2968750000000000000000000000000000000000
733774797813122.3750000000000000000000000000000000000000
-188211235307240.8750000000000000000000000000000000000000
512355525505200.7500000000000000000000000000000000000000
18685397992675.6445312500000000000000000000000000000000
-643744919635640.7500000000000000000000000000000000000000
-308623059619185.1875000000000000000000000000000000000000
183223961124678.9687500000000000000000000000000000000000
-698009032098370.3750000000000000000000000000000000000000
150627826331730.0937500000000000000000000000000000000000
409257901324023.5000000000000000000000000000000000000000
-120442119200256.4218750000000000000000000000000000000000
420355889280637.8125000000000000000000000000000000000000
767788515147104.0000000000000000000000000000000000000000
-271749702887116.0937500000000000000000000000000000000000
-133318672628390.8437500000000000000000000000000000000000
506307559711357.0625000000000000000000000000000000000000
-160639584445380.3437500000000000000000000000000000000000
77611663149514.6875000000000000000000000000000000000000
136152268295924.6250000000000000000000000000000000000000
-236841325339632.4687500000000000000000000000000000000000
-266356478118797.2187500000000000000000000000000000000000
-90850140730599.4687500000000000000000000000000000000000
-285277707956073.8125000000000000000000000000000000000000
-389071088848232.5000000000000000000000000000000000000000
-182392673910648.7500000000000000000000000000000000000000
-127465871024343.3281250000000000000000000000000000000000
333599565905992.1250000000000000000000000000000000000000
176920137559336.5625000000000000000000000000000000000000
-424474589560720.6875000000000000000000000000000000000000
-534433585393875.1250000000000000000000000000000000000000
-198268812906797.5937500000000000000000000000000000000000
337603554073341.7500000000000000000000000000000000000000
313392876926466.4375000000000000000000000000000000000000
223049684828192.6250000000000000000000000000000000000000
427390346516248.3750000000000000000000000000000000000000
-217964507479980.4687500000000000000000000000000000000000
337009739306141.6875000000000000000000000000000000000000
384181311861502.6250000000000000000000000000000000000000
-86921171804876.6093750000000000000000000000000000000000
-284102650416237.5000000000000000000000000000000000000000
-257769688325114.5937500000000000000000000000000000000000
