0.5866341117566401530680764153657946735620
-48.7517739232404068161486065946519374847412
1018.9323659306937770452350378036499023437500
-7988.3845763340359553694725036621093750000000
17551.1983999195326759945601224899291992187500
94329.2868987652473151683807373046875000000000
-669531.2133009138051420450210571289062500000000
1662923.4083319054916501045227050781250000000000
-1922067.0689494961407035589218139648437500000000
756961.8560610495042055845260620117187500000000
878524.1686762435128912329673767089843750000000
-1870360.8197499027010053396224975585937500000000
442366.2226238375296816229820251464843750000000
1269195.6136888675391674041748046875000000000000
211831.9479641205980442464351654052734375000000
2694295.6943667200393974781036376953125000000000
-2693465.0856814230792224407196044921875000000000
-8457094.0262002106755971908569335937500000000000
4106487.5804130299948155879974365234375000000000
4260353.8246213765814900398254394531250000000000
342245.1840968105243518948554992675781250000000
4963759.2542996928095817565917968750000000000000
-3831141.9298167466185986995697021484375000000000
-2056965.5331702763214707374572753906250000000000
-844486.0583300653379410505294799804687500000000
1446994.2306407939177006483078002929687500000000
2872123.3967116433195769786834716796875000000000
-1570135.7785703204572200775146484375000000000000
-8012037.8574519120156764984130859375000000000000
6237392.1749698631465435028076171875000000000000
-16583264.2481488399207592010498046875000000000000
8746738.3548569288104772567749023437500000000000
2611326.5056129805743694305419921875000000000000
6862885.7789333965629339218139648437500000000000
-460689.0050240157870575785636901855468750000000
9742099.3969110790640115737915039062500000000000
2271429.2216192316263914108276367187500000000000
-3384320.3024729578755795955657958984375000000000
-5104221.1006619865074753761291503906250000000000
-5791936.9685317073017358779907226562500000000000
-8586584.7300187256187200546264648437500000000000
21245956.0460711233317852020263671875000000000000
-2728981.8778638467192649841308593750000000000000
-11881661.5582345798611640930175781250000000000000
8902333.0992717221379280090332031250000000000000
4355634.0330239823088049888610839843750000000000
-11823616.6066819746047258377075195312500000000000
-10972924.9205930531024932861328125000000000000000
-3263353.5387005656957626342773437500000000000000
-8463960.4269651100039482116699218750000000000000
10087466.7689426224678754806518554687500000000000
-8313714.9141940912231802940368652343750000000000
-14679763.5584952551871538162231445312500000000000
13162679.8680527321994304656982421875000000000000
6410330.9011886557564139366149902343750000000000
-11925386.3370734658092260360717773437500000000000
-14517968.2824445161968469619750976562500000000000
103879858.6484518498182296752929687500000000000000
-35497267.5672366544604301452636718750000000000000
28206469.2340971268713474273681640625000000000000
-9015999.3879336304962635040283203125000000000000
40794182.1657793000340461730957031250000000000000
7818831.1932515511289238929748535156250000000000
-8512624.6137683335691690444946289062500000000000
-57011850.3075701668858528137207031250000000000000
-55070907.3145006299018859863281250000000000000000
-27627423.1862477026879787445068359375000000000000
12729732.4434979204088449478149414062500000000000
18409852.8419784866273403167724609375000000000000
123513318.1526156514883041381835937500000000000000
-29775449.3910895511507987976074218750000000000000
-115715339.2981940954923629760742187500000000000000
-46996170.0008841454982757568359375000000000000000
-32494867.8881344422698020935058593750000000000000
92742879.8667457103729248046875000000000000000000
-45221268.8603114187717437744140625000000000000000
28585723.2019833847880363464355468750000000000000
27813400.4633946344256401062011718750000000000000
-45313732.7081875130534172058105468750000000000000
4318051.5097909551113843917846679687500000000000
-33121173.2411441579461097717285156250000000000000
39632462.1371450722217559814453125000000000000000
-13805290.5013795942068099975585937500000000000000
91368453.0753313601016998291015625000000000000000
1400495.0883848541416227817535400390625000000000
78013174.8434120863676071166992187500000000000000
37223014.6330749243497848510742187500000000000000
-96575026.9174816757440567016601562500000000000000
19558326.5010798238217830657958984375000000000000
29055489.5864739790558815002441406250000000000000
4820587.3432464618235826492309570312500000000000
-73580167.5864388048648834228515625000000000000000
29883001.9587691128253936767578125000000000000000
49444399.6209747791290283203125000000000000000000
16542413.2024691328406333923339843750000000000000
-49833026.5236860960721969604492187500000000000000
-47612564.2080480307340621948242187500000000000000
-25049231.2697687819600105285644531250000000000000
-9930222.5616396535187959671020507812500000000000
724311.3514084297930821776390075683593750000000
-56539879.8880192935466766357421875000000000000000
26337996.8303402215242385864257812500000000000000
-12540253.8808892462402582168579101562500000000000
-2771710.8868893529288470745086669921875000000000
12917120.5362948998808860778808593750000000000000
42953791.3913033679127693176269531250000000000000
27275273.3610608913004398345947265625000000000000
-11588073.5931540168821811676025390625000000000000
124008147.5212215483188629150390625000000000000000
-102415557.1332697868347167968750000000000000000000
66698648.0141559615731239318847656250000000000000
-74013648.6197011172771453857421875000000000000000
-106324308.1045517921447753906250000000000000000000
56739176.4500834569334983825683593750000000000000
-54533279.8761392459273338317871093750000000000000
-35460897.0928418934345245361328125000000000000000
48730863.7174255251884460449218750000000000000000
-60778583.1056864112615585327148437500000000000000
1149488.0739433723501861095428466796875000000000
41962770.9350658804178237915039062500000000000000
107718819.0598872750997543334960937500000000000000
-26816674.6861619167029857635498046875000000000000
-25185096.0783788338303565979003906250000000000000
65435831.0872941687703132629394531250000000000000
-29773248.2591629400849342346191406250000000000000
-70551825.6934800297021865844726562500000000000000
-60894913.4299068376421928405761718750000000000000
56528309.0660815387964248657226562500000000000000
-45084075.3330722004175186157226562500000000000000
141261234.1812918484210968017578125000000000000000
-42455973.2219585329294204711914062500000000000000
-2857617.9636168288998305797576904296875000000000
-1246231.9607836122158914804458618164062500000000
-53985569.0381616950035095214843750000000000000000
68128522.6168961375951766967773437500000000000000
-14544309.9292533714324235916137695312500000000000
-5927842.9599290825426578521728515625000000000000
-11714307.1087642777711153030395507812500000000000
94816556.9620184302330017089843750000000000000000
64352993.4556512907147407531738281250000000000000
-127734456.9456462860107421875000000000000000000000
-44129394.6657904237508773803710937500000000000000
46833359.5413573235273361206054687500000000000000
120870500.8231640160083770751953125000000000000000
-67500474.9835635423660278320312500000000000000000
-15731442.4109461084008216857910156250000000000000
8161022.4488158384338021278381347656250000000000
26252905.2941090911626815795898437500000000000000
-17417993.3438923694193363189697265625000000000000
146712983.8908580541610717773437500000000000000000
42163086.2525433078408241271972656250000000000000
-9352621.1404986307024955749511718750000000000000
26625367.5040226243436336517333984375000000000000
-54297585.7504546493291854858398437500000000000000
35675339.3569978773593902587890625000000000000000
9396510.7119799219071865081787109375000000000000
-126908510.6754778772592544555664062500000000000000
-61683909.1734191179275512695312500000000000000000
-120768557.1002400368452072143554687500000000000000
-46182.5606281230211607180535793304443359375000
-9259701.7580582257360219955444335937500000000000
-4702080.4567673671990633010864257812500000000000
19691009.2052404619753360748291015625000000000000
24976624.0908234156668186187744140625000000000000
-27059801.0893049649894237518310546875000000000000
39486754.4206480383872985839843750000000000000000
81637211.0593046694993972778320312500000000000000
-31113010.0881910584867000579833984375000000000000
487563.5063144854502752423286437988281250000000
-22204929.1489137075841426849365234375000000000000
-13695908.2957883365452289581298828125000000000000
-81127370.1727546602487564086914062500000000000000
-14860273.2392626684159040451049804687500000000000
-65983144.8694598227739334106445312500000000000000
83288317.9846470504999160766601562500000000000000
-45637646.9223174676299095153808593750000000000000
-56106551.9035538658499717712402343750000000000000
-69862571.6481896191835403442382812500000000000000
1654977.9311319575645029544830322265625000000000
76810738.9376560002565383911132812500000000000000
-13535075.9075357411056756973266601562500000000000
176277939.3735592365264892578125000000000000000000
-95311630.4147286862134933471679687500000000000000
-31846119.0924098975956439971923828125000000000000
-11870633.2095095980912446975708007812500000000000
84524445.1347229033708572387695312500000000000000
-81169654.1324755996465682983398437500000000000000
36103452.9063766151666641235351562500000000000000
-111118670.5301989912986755371093750000000000000000
34681127.8942762687802314758300781250000000000000
67916972.6134169101715087890625000000000000000000
-67572802.8109725266695022583007812500000000000000
90501096.4109874367713928222656250000000000000000
54861545.0346689820289611816406250000000000000000
-58527782.9135307446122169494628906250000000000000
29286544.4672442972660064697265625000000000000000
111446518.0897998064756393432617187500000000000000
-90157854.9614302515983581542968750000000000000000
5416330.0719031160697340965270996093750000000000
-24367988.3083882555365562438964843750000000000000
81377734.2858881056308746337890625000000000000000
76727672.3718289136886596679687500000000000000000
23572346.1455879323184490203857421875000000000000
-103577362.7307021617889404296875000000000000000000
14093256.7472902145236730575561523437500000000000
14146132.0441902484744787216186523437500000000000
6712232.0182689297944307327270507812500000000000
-19279637.0967328213155269622802734375000000000000
56702306.6265078708529472351074218750000000000000
13993715.1615826059132814407348632812500000000000
10638370.2530551068484783172607421875000000000000
-10685079.6334024630486965179443359375000000000000
-85786722.2217324674129486083984375000000000000000
45011271.1535953730344772338867187500000000000000
-22463364.1674570217728614807128906250000000000000
151908523.7725677192211151123046875000000000000000
113228467.5492446571588516235351562500000000000000
-32258588.2116609178483486175537109375000000000000
114163290.3323356807231903076171875000000000000000
27606816.9739039018750190734863281250000000000000
-163670138.0751678347587585449218750000000000000000
35266556.3150332346558570861816406250000000000000
106616787.6021594107151031494140625000000000000000
11315677.6087889876216650009155273437500000000000
-14914760.2638626191765069961547851562500000000000
3466455.5078310202807188034057617187500000000000
-132567163.1694096922874450683593750000000000000000
-4934970.9776939926669001579284667968750000000000
-18486276.5044454038143157958984375000000000000000
-157653762.9272594451904296875000000000000000000000
-27033387.8716740645468235015869140625000000000000
-152108568.5444762706756591796875000000000000000000
-145607730.8519242405891418457031250000000000000000
28282388.2980802059173583984375000000000000000000
105059231.6997124552726745605468750000000000000000
34471197.7067694738507270812988281250000000000000
96638254.2353087812662124633789062500000000000000
-81033625.8488350957632064819335937500000000000000
-54159418.2522778362035751342773437500000000000000
97852758.8537210375070571899414062500000000000000
-184789828.7425541281700134277343750000000000000000
-26589254.1930515430867671966552734375000000000000
-49585395.1373431906104087829589843750000000000000
117982151.0366367101669311523437500000000000000000
-27604775.6448343917727470397949218750000000000000
29376792.0900702439248561859130859375000000000000
23582951.2800477445125579833984375000000000000000
-40299300.7724380493164062500000000000000000000000
92831172.5416463613510131835937500000000000000000
10611213.2118576820939779281616210937500000000000
132471605.3523764461278915405273437500000000000000
-55254228.4294276759028434753417968750000000000000
-25637871.4958371818065643310546875000000000000000
4240747.7316137561574578285217285156250000000000
19073598.6873850040137767791748046875000000000000
20147742.9946639761328697204589843750000000000000
8790936.2608714476227760314941406250000000000000
-4561002.2259762771427631378173828125000000000000
2798087.8638872909359633922576904296875000000000
72077200.0221953839063644409179687500000000000000
-35553831.3575822934508323669433593750000000000000
-85249764.0472596287727355957031250000000000000000
-65374904.1354888975620269775390625000000000000000
-10393838.9988831616938114166259765625000000000000
92387309.7308704257011413574218750000000000000000
-86684.0175305183802265673875808715820312500000
53023480.8410916998982429504394531250000000000000
-26985431.2330287136137485504150390625000000000000
-178225852.3319248259067535400390625000000000000000
30380804.3252861239016056060791015625000000000000
-34064189.5966957360506057739257812500000000000000
-48156490.9761333093047142028808593750000000000000
-7251810.5983624663203954696655273437500000000000
-20133830.9151443094015121459960937500000000000000
44358380.1815896630287170410156250000000000000000
9788041.3531633000820875167846679687500000000000
-671220.4306519742822274565696716308593750000000
-12307369.9293130636215209960937500000000000000000
66002565.1785295978188514709472656250000000000000
14939481.2078919485211372375488281250000000000000
88150575.0668003559112548828125000000000000000000
3903294.2199174603447318077087402343750000000000
60941884.8646006211638450622558593750000000000000
-58166413.8840505927801132202148437500000000000000
6759364.4234799873083829879760742187500000000000
-78075008.6750788837671279907226562500000000000000
-55085934.6413963660597801208496093750000000000000
-1138479.6609223003033548593521118164062500000000
-193332938.2063133418560028076171875000000000000000
143360874.9819651842117309570312500000000000000000
101502002.9131865352392196655273437500000000000000
-41880890.3453626483678817749023437500000000000000
143509489.9320223331451416015625000000000000000000
25871800.0710126943886280059814453125000000000000
18534227.9400927126407623291015625000000000000000
90557312.2201217561960220336914062500000000000000
83213710.2475123405456542968750000000000000000000
-89298520.6501333713531494140625000000000000000000
91436548.6661913096904754638671875000000000000000
81810718.9265379160642623901367187500000000000000
-79123343.5477204173803329467773437500000000000000
-46623312.7909413799643516540527343750000000000000
-92749858.1864303499460220336914062500000000000000
-59752959.3698917627334594726562500000000000000000
-48041946.7171022370457649230957031250000000000000
-52700498.6521521210670471191406250000000000000000
55669544.9821676984429359436035156250000000000000
59588917.4874785989522933959960937500000000000000
-66207554.5708615332841873168945312500000000000000
-44385747.7317120581865310668945312500000000000000
-59426478.1087788045406341552734375000000000000000
36401352.6428798884153366088867187500000000000000
4297282.2588049592450261116027832031250000000000
14894744.4834656454622745513916015625000000000000
80683587.5308001190423965454101562500000000000000
-7217904.0295680472627282142639160156250000000000
130188850.8181065171957015991210937500000000000000
-51386417.4947529658675193786621093750000000000000
2963024.8448965079151093959808349609375000000000
-27195952.1897440180182456970214843750000000000000
-85989056.4621739983558654785156250000000000000000
54265838.9001495838165283203125000000000000000000
-38413659.9164504408836364746093750000000000000000
-6418360.3649604413658380508422851562500000000000
38676784.9399691000580787658691406250000000000000
5169462.3541089501231908798217773437500000000000
30558183.1424001045525074005126953125000000000000
138940910.6576624214649200439453125000000000000000
115112399.6565917730331420898437500000000000000000
133087794.8395464420318603515625000000000000000000
54891712.7393515408039093017578125000000000000000
-54334571.6336263120174407958984375000000000000000
75407344.5590949058532714843750000000000000000000
-64705776.7559792697429656982421875000000000000000
848706.2956293789902701973915100097656250000000
-88773410.5261306911706924438476562500000000000000
10683628.5170790702104568481445312500000000000000
-126549369.6771748065948486328125000000000000000000
-26461665.6511011756956577301025390625000000000000
34919708.2247290834784507751464843750000000000000
134230671.6081130802631378173828125000000000000000
-6475393.0979121038690209388732910156250000000000
-100208827.9247550517320632934570312500000000000000
-131739576.4436375498771667480468750000000000000000
53159312.7836206257343292236328125000000000000000
-156173734.8069888055324554443359375000000000000000
54666716.9484289586544036865234375000000000000000
-8108971.9250135468319058418273925781250000000000
-97278388.5636164247989654541015625000000000000000
37012776.2841842994093894958496093750000000000000
-146569895.2878924310207366943359375000000000000000
42812637.5452331304550170898437500000000000000000
-6253664.2732709236443042755126953125000000000000
-135660132.6911920309066772460937500000000000000000
-2992898.0118250553496181964874267578125000000000
-63058902.9894178062677383422851562500000000000000
-28553994.1390285789966583251953125000000000000000
119601818.1907694190740585327148437500000000000000
119030339.1061252355575561523437500000000000000000
-127362582.1895230114459991455078125000000000000000
10832187.1896981298923492431640625000000000000000
39355094.3720311969518661499023437500000000000000
52544767.2370784059166908264160156250000000000000
-131626251.3817654252052307128906250000000000000000
125628034.2327188700437545776367187500000000000000
-2689449.5311612170189619064331054687500000000000
15539675.6104875989258289337158203125000000000000
-34072049.2386569902300834655761718750000000000000
-8750461.5832598600536584854125976562500000000000
34610368.4248224198818206787109375000000000000000
-65738777.9528680518269538879394531250000000000000
94477936.6415662765502929687500000000000000000000
-74255741.8195935785770416259765625000000000000000
66807987.9261490777134895324707031250000000000000
-14768021.4247995074838399887084960937500000000000
24246573.2791499570012092590332031250000000000000
-45452303.1816378682851791381835937500000000000000
-80559225.1319732218980789184570312500000000000000
515054.0177404409623704850673675537109375000000
-82608766.9759088009595870971679687500000000000000
49011532.0088265091180801391601562500000000000000
-82572502.3520548045635223388671875000000000000000
16112538.6589429974555969238281250000000000000000
-11731328.3309854567050933837890625000000000000000
75341486.3344583809375762939453125000000000000000
67929501.8194889724254608154296875000000000000000
-64068715.7636501938104629516601562500000000000000
-80889662.4608729779720306396484375000000000000000
-47212773.0401245728135108947753906250000000000000
46131093.1050932481884956359863281250000000000000
-59779079.6131964549422264099121093750000000000000
52597379.1880614086985588073730468750000000000000
46350335.4230717867612838745117187500000000000000
-5748844.8869646694511175155639648437500000000000
36482537.5316867530345916748046875000000000000000
53820287.3676834851503372192382812500000000000000
-2491960.8305645971558988094329833984375000000000
68430130.8645205199718475341796875000000000000000
-38787199.6924901679158210754394531250000000000000
69467326.5217339694499969482421875000000000000000
-73633362.9047150760889053344726562500000000000000
59896004.3055636137723922729492187500000000000000
63578422.0289795845746994018554687500000000000000
-110578986.7693332284688949584960937500000000000000
-71683982.3326717615127563476562500000000000000000
11745767.5168433189392089843750000000000000000000
-15809352.7782850358635187149047851562500000000000
60784139.9805502966046333312988281250000000000000
-49210675.0239917263388633728027343750000000000000
84312427.4454686194658279418945312500000000000000
4667829.7980667231604456901550292968750000000000
138172199.6629724502563476562500000000000000000000
114778859.1999908834695816040039062500000000000000
18386174.3892001174390316009521484375000000000000
-34861050.4018017128109931945800781250000000000000
-66030744.9675730019807815551757812500000000000000
70719984.0277387648820877075195312500000000000000
-55745678.6012544408440589904785156250000000000000
-81774142.4116418659687042236328125000000000000000
-7306425.2119575925171375274658203125000000000000
61717535.5656279921531677246093750000000000000000
8187782.8784623704850673675537109375000000000000
154330576.5066272616386413574218750000000000000000
-21862912.3073022142052650451660156250000000000000
54870205.4816204011440277099609375000000000000000
-43218417.6241225004196166992187500000000000000000
37391655.7265538498759269714355468750000000000000
64052600.1576386392116546630859375000000000000000
99936020.4678144901990890502929687500000000000000
43612283.3387358635663986206054687500000000000000
-16687884.0705257579684257507324218750000000000000
-57276972.3639883548021316528320312500000000000000
137394109.7260525822639465332031250000000000000000
18359927.4047927036881446838378906250000000000000
18892219.0512382052838802337646484375000000000000
30927595.3241610899567604064941406250000000000000
-2487222.2694272659718990325927734375000000000000
-35156079.6306771039962768554687500000000000000000
-4344197.9280119454488158226013183593750000000000
-15932695.2399965282529592514038085937500000000000
-8118063.0423358334228396415710449218750000000000
-133172863.6200999319553375244140625000000000000000
-112953149.2568946927785873413085937500000000000000
-32847750.2773020118474960327148437500000000000000
159786430.4943357408046722412109375000000000000000
-82998494.2260962277650833129882812500000000000000
-43496397.8472605794668197631835937500000000000000
-76954803.7622255086898803710937500000000000000000
-47660665.1485937982797622680664062500000000000000
843544.4098797208862379193305969238281250000000
-79567610.8748202323913574218750000000000000000000
88061765.7721221297979354858398437500000000000000
-31355223.7641120404005050659179687500000000000000
31686476.7752278558909893035888671875000000000000
-14922086.3117388337850570678710937500000000000000
-97044543.8560282737016677856445312500000000000000
-76831591.5708808153867721557617187500000000000000
5950214.1283502420410513877868652343750000000000
-57196163.9544347301125526428222656250000000000000
-53630911.3934279754757881164550781250000000000000
-116612792.4791586548089981079101562500000000000000
35502589.1046143695712089538574218750000000000000
81636191.9528276324272155761718750000000000000000
-9673263.6880596932023763656616210937500000000000
31799914.3544459119439125061035156250000000000000
8136686.9097097329795360565185546875000000000000
-54325893.6216951161623001098632812500000000000000
-57210236.8897519782185554504394531250000000000000
-110235872.1171316206455230712890625000000000000000
74874879.3335335254669189453125000000000000000000
68202568.8145123571157455444335937500000000000000
-45217497.5582008063793182373046875000000000000000
40035508.1879507005214691162109375000000000000000
12948281.2978123873472213745117187500000000000000
86354588.8649774044752120971679687500000000000000
-28528471.5347877405583858489990234375000000000000
-2555358.0896701174788177013397216796875000000000
-1282627.6036108294501900672912597656250000000000
58215442.5175151973962783813476562500000000000000
-19240615.1935474984347820281982421875000000000000
33445806.9385833516716957092285156250000000000000
35009496.7453289851546287536621093750000000000000
51616337.7412989512085914611816406250000000000000
7834925.7117599565535783767700195312500000000000
-67812103.3533788919448852539062500000000000000000
-27630391.6578159704804420471191406250000000000000
-34516633.8779657036066055297851562500000000000000
-88532154.5036514997482299804687500000000000000000
93619914.9263724386692047119140625000000000000000
-37590786.5827412381768226623535156250000000000000
-81796481.4719289392232894897460937500000000000000
-5071517.2422530641779303550720214843750000000000
60717465.3312504813075065612792968750000000000000
59225028.8486109524965286254882812500000000000000
-47862735.7906395643949508666992187500000000000000
-20212192.3260847106575965881347656250000000000000
10560022.9667261391878128051757812500000000000000
72913315.9033084809780120849609375000000000000000
16340340.7613434176892042160034179687500000000000
-10741836.3620345853269100189208984375000000000000
11390754.0287566147744655609130859375000000000000
-953338.6306369972880929708480834960937500000000
5027288.2060745134949684143066406250000000000000
5300082.4237338509410619735717773437500000000000
-87573287.8836828917264938354492187500000000000000
-54884872.4024002552032470703125000000000000000000
24885755.5507564283907413482666015625000000000000
5664174.7147124968469142913818359375000000000000
40438710.3253657594323158264160156250000000000000
12837413.3291294015944004058837890625000000000000
76032031.6826370656490325927734375000000000000000
-6621594.3242231290787458419799804687500000000000
-48869381.2011008411645889282226562500000000000000
-24961598.9635410122573375701904296875000000000000
70252486.4700228720903396606445312500000000000000
-695161.1603680794360116124153137207031250000000
-47478357.8720816224813461303710937500000000000000
43386671.7490529417991638183593750000000000000000
-14940302.5572663750499486923217773437500000000000
45114490.0962462276220321655273437500000000000000
3283808.5925097325816750526428222656250000000000
-31273740.7096159756183624267578125000000000000000
23739119.5196927934885025024414062500000000000000
64950038.6423362344503402709960937500000000000000
-22466633.6925206184387207031250000000000000000000
22644925.8274346813559532165527343750000000000000
-105840820.5318644195795059204101562500000000000000
81688045.9397353678941726684570312500000000000000
29591731.6215854175388813018798828125000000000000
-48370097.5874212905764579772949218750000000000000
-98568610.6214196532964706420898437500000000000000
33712922.7244378551840782165527343750000000000000
53454093.3335388153791427612304687500000000000000
80919809.9263090938329696655273437500000000000000
37619080.3770777210593223571777343750000000000000
-13852937.9575407933443784713745117187500000000000
-50007297.5888489857316017150878906250000000000000
-68995962.6864566653966903686523437500000000000000
-1769342.9721808107569813728332519531250000000000
-20973987.6480462215840816497802734375000000000000
117877915.3059207499027252197265625000000000000000
70885510.0098728686571121215820312500000000000000
-26029736.5760124921798706054687500000000000000000
3344150.1068625329062342643737792968750000000000
82610228.6053630262613296508789062500000000000000
57746978.2072808220982551574707031250000000000000
-13352548.7138265073299407958984375000000000000000
7025387.9576919851824641227722167968750000000000
-30286106.5632183849811553955078125000000000000000
31236868.9077770859003067016601562500000000000000
-3606882.5073827882297337055206298828125000000000
20775072.5104264169931411743164062500000000000000
8148081.2368306126445531845092773437500000000000
-39560405.6175386458635330200195312500000000000000
8989175.1683125682175159454345703125000000000000
-36806644.5179860964417457580566406250000000000000
-36114189.0375642254948616027832031250000000000000
85560397.0307068824768066406250000000000000000000
49598862.1941441223025321960449218750000000000000
-38570530.2900242060422897338867187500000000000000
-50333659.6765227466821670532226562500000000000000
-72997733.4858539700508117675781250000000000000000
52928606.8408319503068923950195312500000000000000
-96918338.6161707341670989990234375000000000000000
-102029907.6561607718467712402343750000000000000000
-37994365.0520936474204063415527343750000000000000
48180189.3662360608577728271484375000000000000000
9850986.3882804624736309051513671875000000000000
-32613899.1528557091951370239257812500000000000000
-47944111.8624390438199043273925781250000000000000
-4172519.0805821935646235942840576171875000000000
-48713759.5267224535346031188964843750000000000000
11381723.2567206695675849914550781250000000000000
11307620.9964278116822242736816406250000000000000
-30865722.8991169184446334838867187500000000000000
18500212.8353566229343414306640625000000000000000
7133405.2630112087354063987731933593750000000000
33907622.6080710589885711669921875000000000000000
-117158258.2664019614458084106445312500000000000000
32539926.7798673845827579498291015625000000000000
-46341653.1311386376619338989257812500000000000000
3378870.3188190925866365432739257812500000000000
25423104.6496657580137252807617187500000000000000
13969377.1754714492708444595336914062500000000000
-62900295.8142414540052413940429687500000000000000
9328224.3885214217007160186767578125000000000000
39793057.5377899706363677978515625000000000000000
18970203.0409975647926330566406250000000000000000
13824535.3592520095407962799072265625000000000000
-3087836.0249088197015225887298583984375000000000
59949128.3114630803465843200683593750000000000000
21733683.7725681699812412261962890625000000000000
21106684.3396672196686267852783203125000000000000
-25331754.3246322683990001678466796875000000000000
-6630166.6595458183437585830688476562500000000000
44020713.4230512604117393493652343750000000000000
6218566.0157850747928023338317871093750000000000
46249671.3337913453578948974609375000000000000000
-1398927.3269728594459593296051025390625000000000
3772842.5745698404498398303985595703125000000000
-52739719.4503157585859298706054687500000000000000
54850173.7229161858558654785156250000000000000000
-58788918.8832529187202453613281250000000000000000
66052479.6845892816781997680664062500000000000000
-12453809.2722559254616498947143554687500000000000
82027075.4120350331068038940429687500000000000000
-5402815.9850541921332478523254394531250000000000
17406371.7914754487574100494384765625000000000000
-25554084.8654946461319923400878906250000000000000
-33410950.1725910305976867675781250000000000000000
-59269531.5759284496307373046875000000000000000000
15913474.8130507990717887878417968750000000000000
-12567646.0149508062750101089477539062500000000000
-21347755.4681783542037010192871093750000000000000
50410336.5855670794844627380371093750000000000000
34660758.7090277969837188720703125000000000000000
38505655.9973265528678894042968750000000000000000
16240992.2688012756407260894775390625000000000000
29253706.8498554117977619171142578125000000000000
-65478869.9008350446820259094238281250000000000000
-54617946.8962106034159660339355468750000000000000
-33623991.6263798028230667114257812500000000000000
-1533275.4524065165314823389053344726562500000000
3079376.5538956201635301113128662109375000000000
-51942875.3319839015603065490722656250000000000000
18659982.8235112614929676055908203125000000000000
-6378162.5071770511567592620849609375000000000000
33924243.7932909801602363586425781250000000000000
4804482.1675454787909984588623046875000000000000
24838323.8506360128521919250488281250000000000000
-51573780.9332082718610763549804687500000000000000
63268078.8151579722762107849121093750000000000000
-6396689.1901899194344878196716308593750000000000
-48017646.8450759202241897583007812500000000000000
-48220170.0707808583974838256835937500000000000000
-12614141.3529732041060924530029296875000000000000
44731483.6598349437117576599121093750000000000000
-9238454.9762442614883184432983398437500000000000
62149216.3009845241904258728027343750000000000000
-74174117.4895433634519577026367187500000000000000
81053818.0418295264244079589843750000000000000000
58595077.9860559776425361633300781250000000000000
60340862.5838031917810440063476562500000000000000
-22724566.6270159594714641571044921875000000000000
40539287.1533851623535156250000000000000000000000
-45154603.0108303949236869812011718750000000000000
-3739725.0981308817863464355468750000000000000000
30050965.1232292801141738891601562500000000000000
-64378219.5130665972828865051269531250000000000000
669623.5956168734701350331306457519531250000000
-45993273.4905859157443046569824218750000000000000
-29054545.1629504598677158355712890625000000000000
-12505134.4197208862751722335815429687500000000000
-7773856.5556529555469751358032226562500000000000
-28847213.3928898200392723083496093750000000000000
31398526.9148037582635879516601562500000000000000
59721141.2607214450836181640625000000000000000000
-6467381.1463556392118334770202636718750000000000
-9285835.3345881309360265731811523437500000000000
16338170.4437971990555524826049804687500000000000
-44835932.0454171448945999145507812500000000000000
13880446.5615137089043855667114257812500000000000
13093885.1053386069834232330322265625000000000000
-44996732.6432770937681198120117187500000000000000
10312221.4271145761013031005859375000000000000000
-53957666.8121846169233322143554687500000000000000
-13463273.8993334677070379257202148437500000000000
27302965.7180628031492233276367187500000000000000
11119844.1018091551959514617919921875000000000000
16396301.6321706790477037429809570312500000000000
-7502640.2595340460538864135742187500000000000000
14295783.6732805222272872924804687500000000000000
-61011279.1736724153161048889160156250000000000000
26200105.1870120391249656677246093750000000000000
-36367151.8327872380614280700683593750000000000000
52281164.6735568940639495849609375000000000000000
-4152175.1049153828062117099761962890625000000000
-13117148.0128758791834115982055664062500000000000
-15943207.8214930519461631774902343750000000000000
-6297435.3916187649592757225036621093750000000000
-19925822.4415382407605648040771484375000000000000
-23173423.7309396229684352874755859375000000000000
-56802491.4206580296158790588378906250000000000000
46596169.0138893127441406250000000000000000000000
-56628166.6378139704465866088867187500000000000000
55663225.0938958749175071716308593750000000000000
21592649.7904860563576221466064453125000000000000
-29073706.0320389643311500549316406250000000000000
-51568136.3052876815199851989746093750000000000000
15962022.9041815493255853652954101562500000000000
37327551.1973798573017120361328125000000000000000
81372272.4154644757509231567382812500000000000000
57885350.4608718231320381164550781250000000000000
-533841.6240858243545517325401306152343750000000
29856973.8630664832890033721923828125000000000000
16193882.6994379963725805282592773437500000000000
3643897.6924614701420068740844726562500000000000
19556113.9065430313348770141601562500000000000000
19647773.3273796327412128448486328125000000000000
-7512956.7823597919195890426635742187500000000000
-6213458.6280097477138042449951171875000000000000
-24240843.6871502995491027832031250000000000000000
-17055094.9159300103783607482910156250000000000000
34011061.5806572586297988891601562500000000000000
-54276082.2670892402529716491699218750000000000000
38363964.8036729097366333007812500000000000000000
-13371385.0061824191361665725708007812500000000000
-19059356.5684329755604267120361328125000000000000
-12138996.3084352184087038040161132812500000000000
-4996920.3916007447987794876098632812500000000000
-26949761.6736274473369121551513671875000000000000
-7859127.3405086128041148185729980468750000000000
40276192.8198129758238792419433593750000000000000
-5694762.2216231236234307289123535156250000000000
-12626233.8212338630110025405883789062500000000000
25170088.3760849870741367340087890625000000000000
14415685.4585277494043111801147460937500000000000
-4933303.5987449819222092628479003906250000000000
-57973620.4392738342285156250000000000000000000000
40944920.5145950168371200561523437500000000000000
-2565028.2740636309608817100524902343750000000000
1960864.5102319230791181325912475585937500000000
34043506.1599830090999603271484375000000000000000
-33247164.3565279990434646606445312500000000000000
131067.0387671216740272939205169677734375000000
21566390.5333100818097591400146484375000000000000
-5264027.8056679302826523780822753906250000000000
-59939963.9889642074704170227050781250000000000000
-30634726.3575950488448143005371093750000000000000
15228392.2116852812469005584716796875000000000000
-8007654.1804733192548155784606933593750000000000
-18045007.4028236791491508483886718750000000000000
25922960.3323833607137203216552734375000000000000
40499698.7237451002001762390136718750000000000000
47259713.3731461390852928161621093750000000000000
12046049.8596985694020986557006835937500000000000
6331315.2595816412940621376037597656250000000000
-10302118.6811417415738105773925781250000000000000
-4531099.4086102461442351341247558593750000000000
-3938184.6428287532180547714233398437500000000000
-763651.0330492720240727066993713378906250000000
-1687677.8146394847426563501358032226562500000000
55061290.9093984290957450866699218750000000000000
-29035094.0820833556354045867919921875000000000000
-17647079.4660984538495540618896484375000000000000
-56734482.0902470201253890991210937500000000000000
-12609092.6193599160760641098022460937500000000000
-5856012.2909333361312747001647949218750000000000
11740867.2543035149574279785156250000000000000000
-4399350.8942710049450397491455078125000000000000
-3575923.3840801417827606201171875000000000000000
49530790.5208065882325172424316406250000000000000
-14777269.8187026996165513992309570312500000000000
-47540326.9764743000268936157226562500000000000000
9328241.6924563255161046981811523437500000000000
13700417.3531719557940959930419921875000000000000
-4146426.2853724486194550991058349609375000000000
-5784289.7713469089940190315246582031250000000000
27430329.4964859709143638610839843750000000000000
-9740296.8210631441324949264526367187500000000000
13756463.5936065129935741424560546875000000000000
-13694100.7800544500350952148437500000000000000000
3902763.5408240109682083129882812500000000000000
1430472.7220953558571636676788330078125000000000
26274847.1475345380604267120361328125000000000000
13096821.3224572390317916870117187500000000000000
-16965857.5092225223779678344726562500000000000000
-3113239.6226901649497449398040771484375000000000
-59431800.0018646344542503356933593750000000000000
-39784702.2172078862786293029785156250000000000000
-10014399.2681186068803071975708007812500000000000
804620.5502414756920188665390014648437500000000
32892398.5528636798262596130371093750000000000000
-25479909.5533508025109767913818359375000000000000
12635338.2072315644472837448120117187500000000000
27389701.1047304011881351470947265625000000000000
21019888.0869450829923152923583984375000000000000
34296796.1359719187021255493164062500000000000000
30785038.0461043007671833038330078125000000000000
8221402.3067182051017880439758300781250000000000
14070345.4649386182427406311035156250000000000000
-10478803.1986649148166179656982421875000000000000
-23412098.3999763615429401397705078125000000000000
-41004527.8118848502635955810546875000000000000000
34112443.1284473687410354614257812500000000000000
-602735.4740258996607735753059387207031250000000
25650445.2040273323655128479003906250000000000000
-56799288.9183316528797149658203125000000000000000
6517289.8074567997828125953674316406250000000000
9757345.7425610609352588653564453125000000000000
-18723051.7584909088909626007080078125000000000000
-36827465.0948679819703102111816406250000000000000
14694817.5010803285986185073852539062500000000000
11881439.3531385362148284912109375000000000000000
13322911.1665842942893505096435546875000000000000
42591731.0200856775045394897460937500000000000000
-34414886.0246764495968818664550781250000000000000
9011520.1005626916885375976562500000000000000000
-44325651.5718857496976852416992187500000000000000
-29673607.4232052974402904510498046875000000000000
59281928.1707787662744522094726562500000000000000
