0.0241454766762743133767799008637666702271
-1.8196745529668836294234779416001401841640
37.7017650592195536773942876607179641723633
-350.0252116100060106873570475727319717407227
1728.1678104063391856470843777060508728027344
-4761.0716216858381812926381826400756835937500
6605.8358569368065218441188335418701171875000
-927.4467532407921908088610507547855377197266
-10140.8645339049016911303624510765075683593750
9054.7988407414140965556725859642028808593750
6238.6585294417336626793257892131805419921875
-5815.4998981703920435393229126930236816406250
1690.2190009749199361976934596896171569824219
-29738.6357941421993018593639135360717773437500
28197.9537363237650424707680940628051757812500
-4199.1516731725823774468153715133666992187500
25700.7577443469017453026026487350463867187500
11114.8571885882993228733539581298828125000000
-27701.0052527110965456813573837280273437500000
-13081.5755406317075539845973253250122070312500
-54543.1368725840802653692662715911865234375000
21402.0049147492973133921623229980468750000000
49139.5551288623028085567057132720947265625000
-61551.2217414552942500449717044830322265625000
111011.3234955564985284581780433654785156250000
-17853.9628299165524367708712816238403320312500
-34597.7101011436898261308670043945312500000000
25115.3847050785952887963503599166870117187500
96485.4972316393832443282008171081542968750000
-132393.5644131735607516020536422729492187500000
-34087.7956108710641274228692054748535156250000
-9883.4099967198162630666047334671020507812500
28891.4691072673376766033470630645751953125000
-35556.3527275254382402636110782623291015625000
-16271.4817821799624653067439794540405273437500
25239.2688669798881164751946926116943359375000
-14088.3924446257587987929582595825195312500000
53526.8714077046315651386976242065429687500000
-37999.3548643807662301696836948394775390625000
47362.2888092068606056272983551025390625000000
20101.6324930481750925537198781967163085937500
-8831.3494448229339468525722622871398925781250
67262.5667949788185069337487220764160156250000
-2808.6016739128808694658800959587097167968750
-37985.2255041150856413878500461578369140625000
34741.3641639426277833990752696990966796875000
-3706.5038152182523845112882554531097412109375
-8177.1593403801316526369191706180572509765625
-36063.1508351396623766049742698669433593750000
-8430.2007159958484407979995012283325195312500
78198.4793501092935912311077117919921875000000
23117.9335708250182506162673234939575195312500
61435.6161848572301096282899379730224609375000
-76980.2508338248007930815219879150390625000000
-174069.9703296930820215493440628051757812500000
-129015.0636435981723479926586151123046875000000
-35914.0601380956140928901731967926025390625000
29505.1442559919341874774545431137084960937500
-34987.6034891122835688292980194091796875000000
136068.2989044791029300540685653686523437500000
-63062.1758057813131017610430717468261718750000
82077.6781876374298008158802986145019531250000
-44861.2844683740404434502124786376953125000000
-8725.6847180178374401293694972991943359375000
12546.6151910434855381026864051818847656250000
61507.5036465286611928604543209075927734375000
98196.0815749616886023432016372680664062500000
-31860.4413368876084859948605298995971679687500
26854.2575758550337923225015401840209960937500
90828.6913400214543798938393592834472656250000
-26154.8705028545300592668354511260986328125000
89189.3784728974278550595045089721679687500000
-176271.9447948669840116053819656372070312500000
-247706.8857159948674961924552917480468750000000
132960.3398200511292088776826858520507812500000
7794.2684534835416343412362039089202880859375
15717.2624010709296271670609712600708007812500
169082.3035004059784114360809326171875000000000
73397.2918222948355833068490028381347656250000
71126.7810268148168688639998435974121093750000
103931.0239209639985347166657447814941406250000
-85371.6118234960158588364720344543457031250000
130449.3758421588427154347300529479980468750000
-124291.3843873340811114758253097534179687500000
159126.1825725761009380221366882324218750000000
-88710.0777573130617383867502212524414062500000
-89803.4688872046390315517783164978027343750000
66580.7257279936602571979165077209472656250000
-21452.0823706526061869226396083831787109375000
120183.2433552704460453242063522338867187500000
-17210.5997270496009150519967079162597656250000
-22844.1372915792708226945251226425170898437500
-86706.8102308656380046159029006958007812500000
17304.4691486099545727483928203582763671875000
-52348.6812997439410537481307983398437500000000
146341.9478160925209522247314453125000000000000
73489.1649748388736043125391006469726562500000
46740.8101487352905678562819957733154296875000
-28237.4168409240337496157735586166381835937500
99160.2474853104213252663612365722656250000000
26248.3474042095913318917155265808105468750000
154368.8685394664353225380182266235351562500000
-220674.7218848451448138803243637084960937500000
-58691.5350587849388830363750457763671875000000
-108567.5419149925292003899812698364257812500000
-167515.9487612039374653249979019165039062500000
86689.7402518987073563039302825927734375000000
87580.2032380721939262002706527709960937500000
-108087.8959545214020181447267532348632812500000
-88168.8262421277468092739582061767578125000000
-136495.1430339147627819329500198364257812500000
82487.0544402516097761690616607666015625000000
-595239.9410126198781654238700866699218750000000
-4451129.2827808847650885581970214843750000000000
3308418.3325273934751749038696289062500000000000
-10832703.7592239342629909515380859375000000000000
-3939362.4898842675611376762390136718750000000000
1898840.8278106320649385452270507812500000000000
-2826329.1603859472088515758514404296875000000000
-6098128.7181469053030014038085937500000000000000
7770361.2798629198223352432250976562500000000000
-2336950.7542894911020994186401367187500000000000
-3245430.6538381800055503845214843750000000000000
6947572.0258861193433403968811035156250000000000
-394989.0435900518787093460559844970703125000000
29364563.3780543729662895202636718750000000000000
25001245.4219312332570552825927734375000000000000
-7047614.9528137063607573509216308593750000000000
8261803.4075627848505973815917968750000000000000
-5309405.1320506967604160308837890625000000000000
-15866839.1272863931953907012939453125000000000000
9062606.9024894908070564270019531250000000000000
19309205.9479466006159782409667968750000000000000
-8957641.6539925690740346908569335937500000000000
-8690751.6975201517343521118164062500000000000000
-3632528.8163716662675142288208007812500000000000
-14514085.3750029727816581726074218750000000000000
-14752146.1735870167613029479980468750000000000000
-7328734.1863417401909828186035156250000000000000
3565511.9432962401770055294036865234375000000000
6536432.2201088797301054000854492187500000000000
-4192293.7982585662975907325744628906250000000000
4775117.7652120869606733322143554687500000000000
-1432507.7278085718862712383270263671875000000000
-10794473.9689323473721742630004882812500000000000
20673074.7425077147781848907470703125000000000000
-22351851.8473829813301563262939453125000000000000
-14316286.3200902771204710006713867187500000000000
-14086241.7461294662207365036010742187500000000000
4724857.4592301510274410247802734375000000000000
-5685158.6527924258261919021606445312500000000000
11067754.7411511875689029693603515625000000000000
-15499883.7883345931768417358398437500000000000000
7028154.8026581807062029838562011718750000000000
19244060.3511010296642780303955078125000000000000
-5484041.8910066895186901092529296875000000000000
-5521429.3402741849422454833984375000000000000000
5129665.9221395058557391166687011718750000000000
7807310.6757097607478499412536621093750000000000
3280567.2629980044439435005187988281250000000000
6790397.8613606123253703117370605468750000000000
-4548681.3017993848770856857299804687500000000000
333542.9056900512077845633029937744140625000000
2576688.6139485239982604980468750000000000000000
8738172.4669090993702411651611328125000000000000
-6766991.4694418339058756828308105468750000000000
26681942.2189025320112705230712890625000000000000
22655384.4429575502872467041015625000000000000000
2259762.5422759018838405609130859375000000000000
10018230.4447538834065198898315429687500000000000
-11433601.9266276694834232330322265625000000000000
-25140597.9883841127157211303710937500000000000000
-13892074.3394121564924716949462890625000000000000
9455046.6997288055717945098876953125000000000000
-15488028.2076390255242586135864257812500000000000
15635869.2723342012614011764526367187500000000000
-19136652.0723460726439952850341796875000000000000
8629364.6307337153702974319458007812500000000000
-7773444.9422432165592908859252929687500000000000
18269589.0901038050651550292968750000000000000000
-14275563.3297410197556018829345703125000000000000
10145550.8820605371147394180297851562500000000000
31536322.7526995837688446044921875000000000000000
-7670668.8389093866571784019470214843750000000000
22742919.2465437576174736022949218750000000000000
-32438086.4839114993810653686523437500000000000000
1341112.0794522739015519618988037109375000000000
-10232838.1598665248602628707885742187500000000000
7895562.4748404845595359802246093750000000000000
11794075.7266561053693294525146484375000000000000
29250659.0047867372632026672363281250000000000000
5765020.1998730050399899482727050781250000000000
-12786580.8725328911095857620239257812500000000000
-12321413.4550801254808902740478515625000000000000
-585273.8837009955896064639091491699218750000000
-41310507.7245491296052932739257812500000000000000
-21430016.7212286219000816345214843750000000000000
-16137833.3757779020816087722778320312500000000000
13064345.1777472589164972305297851562500000000000
-4032315.2715865955688059329986572265625000000000
-27743427.3878852911293506622314453125000000000000
11012139.2197008933871984481811523437500000000000
-4588032.7418641289696097373962402343750000000000
5081716.8489816542714834213256835937500000000000
-13600946.6223572865128517150878906250000000000000
-13132500.9598255380988121032714843750000000000000
9658332.4255772735923528671264648437500000000000
1224367.0594405638985335826873779296875000000000
24101067.4931156709790229797363281250000000000000
14813550.7259053587913513183593750000000000000000
8625348.8687912244349718093872070312500000000000
-12957069.7653844952583312988281250000000000000000
3660440.5381080210208892822265625000000000000000
6381737.6415373487398028373718261718750000000000
-10861063.5544308256357908248901367187500000000000
-6239682.4834119938313961029052734375000000000000
6578208.4893809324130415916442871093750000000000
15092218.6698704753071069717407226562500000000000
5045513.8581876400858163833618164062500000000000
-9788366.8672450818121433258056640625000000000000
15268162.8179549314081668853759765625000000000000
33947342.0167331993579864501953125000000000000000
-8217940.4167254734784364700317382812500000000000
-13418630.2456943951547145843505859375000000000000
9605695.0758985970169305801391601562500000000000
-43250730.8598622009158134460449218750000000000000
25426809.4774940982460975646972656250000000000000
26463608.1877089329063892364501953125000000000000
-754505.8718572050565853714942932128906250000000
-24024682.9774256572127342224121093750000000000000
6970375.8967964723706245422363281250000000000000
5348514.1800661273300647735595703125000000000000
-22165864.2050138078629970550537109375000000000000
-5900335.6241981359198689460754394531250000000000
-7077378.9806869542226195335388183593750000000000
1090183.4943350048270076513290405273437500000000
-12023498.5516598578542470932006835937500000000000
5796207.1735334871336817741394042968750000000000
33909182.2541151568293571472167968750000000000000
5297032.3350785998627543449401855468750000000000
3308196.4325442332774400711059570312500000000000
25337973.1069298684597015380859375000000000000000
-10061403.1962492689490318298339843750000000000000
6368470.4706152295693755149841308593750000000000
-6203512.2585331369191408157348632812500000000000
-13230358.4628584533929824829101562500000000000000
20775588.5254748873412609100341796875000000000000
28727718.9917998649179935455322265625000000000000
-6461171.4032707493752241134643554687500000000000
-18885093.3636266514658927917480468750000000000000
1709065.7792753672692924737930297851562500000000
-27251173.8517871424555778503417968750000000000000
-15952859.3023429363965988159179687500000000000000
6382569.7950487257912755012512207031250000000000
-12284927.7830489240586757659912109375000000000000
19998042.3358987569808959960937500000000000000000
-3508928.2235206263139843940734863281250000000000
-15257614.9511506706476211547851562500000000000000
4075790.6734938700683414936065673828125000000000
-6351228.9528207983821630477905273437500000000000
833594.0400405204854905605316162109375000000000
12522403.6506219729781150817871093750000000000000
-17343422.3190394006669521331787109375000000000000
-3380014.4674630495719611644744873046875000000000
3859601.2543984530493617057800292968750000000000
-4314883.0741426954045891761779785156250000000000
-8511920.4395486786961555480957031250000000000000
-23944781.6437426507472991943359375000000000000000
-6143018.1947691477835178375244140625000000000000
12278970.0865320656448602676391601562500000000000
-3715728.3725340166129171848297119140625000000000
-4743163.4551308788359165191650390625000000000000
3219255.9321682471781969070434570312500000000000
9384159.6090757232159376144409179687500000000000
18674390.8120248019695281982421875000000000000000
-31137345.3289382681250572204589843750000000000000
-17880545.2841249182820320129394531250000000000000
14706718.9743162021040916442871093750000000000000
529659.8933966036420315504074096679687500000000
12011394.7249017823487520217895507812500000000000
8570064.4363498836755752563476562500000000000000
-1728574.1631821300834417343139648437500000000000
-8327876.9303728863596916198730468750000000000000
27320480.8740010410547256469726562500000000000000
5795204.2555170711129903793334960937500000000000
-17751428.5167456604540348052978515625000000000000
4573006.4305264782160520553588867187500000000000
38402500.0054381117224693298339843750000000000000
3642768.3812476736493408679962158203125000000000
-4661040.1281408667564392089843750000000000000000
-2375878.9717820696532726287841796875000000000000
-10594782.1869636718183755874633789062500000000000
-14796842.7381053175777196884155273437500000000000
-1339981.6440958317834883928298950195312500000000
26413007.7104238756000995635986328125000000000000
12065559.9054406099021434783935546875000000000000
-21877879.6668444424867630004882812500000000000000
17950696.5910590179264545440673828125000000000000
-13132850.6064112503081560134887695312500000000000
4248755.6753014335408806800842285156250000000000
-18546171.1322232522070407867431640625000000000000
-11344717.4110668972134590148925781250000000000000
-27487112.6202933155000209808349609375000000000000
-23058010.0377825573086738586425781250000000000000
17638988.3486586995422840118408203125000000000000
-319927.9722366562928073108196258544921875000000
31575905.5758986808359622955322265625000000000000
-11289713.9367748703807592391967773437500000000000
-233689.9005259898549411445856094360351562500000
2863376.4007340753450989723205566406250000000000
-7013785.4147384138777852058410644531250000000000
24136576.4851217642426490783691406250000000000000
15913131.3485666960477828979492187500000000000000
21324830.8422252014279365539550781250000000000000
-19364638.7151894047856330871582031250000000000000
-15790043.9395205825567245483398437500000000000000
6652182.2908584168180823326110839843750000000000
4123159.8147050128318369388580322265625000000000
444643.9978482715087011456489562988281250000000
10405781.6969062443822622299194335937500000000000
2261754.7604293110780417919158935546875000000000
7971921.7319551194086670875549316406250000000000
6766409.1774470834061503410339355468750000000000
26397199.4709874726831912994384765625000000000000
4983302.4688766505569219589233398437500000000000
-14611206.8151027318090200424194335937500000000000
308647.3577345607918687164783477783203125000000
-8160999.8553072419017553329467773437500000000000
11726608.4304797425866127014160156250000000000000
-5209187.5689255995675921440124511718750000000000
12508788.4022868536412715911865234375000000000000
-19898425.9801991842687129974365234375000000000000
-22134460.3626292794942855834960937500000000000000
11846882.0138385146856307983398437500000000000000
10849724.5234763640910387039184570312500000000000
6651533.5498798368498682975769042968750000000000
-8802507.9513610005378723144531250000000000000000
-2436038.6087825885042548179626464843750000000000
6127162.9190686568617820739746093750000000000000
-4832587.1215373575687408447265625000000000000000
-14732012.0814794357866048812866210937500000000000
205373.0043574633600655943155288696289062500000
-22498510.8323307521641254425048828125000000000000
-17199399.0362798161804676055908203125000000000000
9620443.7163763958960771560668945312500000000000
22395800.3787545263767242431640625000000000000000
304729.8175836306763812899589538574218750000000
-2475843.1290715038776397705078125000000000000000
-2823234.6786532928235828876495361328125000000000
-19753507.9654959812760353088378906250000000000000
-14726235.5177631806582212448120117187500000000000
-7446758.3673416040837764739990234375000000000000
846549.3018110047560185194015502929687500000000
7440150.0421130098402500152587890625000000000000
-14197547.7646376565098762512207031250000000000000
13067352.1825470495969057083129882812500000000000
-2179813.3881660634651780128479003906250000000000
-14460303.3865254819393157958984375000000000000000
5798096.9904805552214384078979492187500000000000
-2150958.5844632140360772609710693359375000000000
-8599538.6572834346443414688110351562500000000000
12937886.5495451614260673522949218750000000000000
-7046710.4907428370788693428039550781250000000000
1187667.2757762817200273275375366210937500000000
25184395.0570735819637775421142578125000000000000
-1553282.2586233259644359350204467773437500000000
18099964.2574444115161895751953125000000000000000
-4932945.3479537982493638992309570312500000000000
-1292603.2406824065838009119033813476562500000000
4393999.6828550761565566062927246093750000000000
-7206052.8857027543708682060241699218750000000000
-11584162.7523835320025682449340820312500000000000
6182438.2824260322377085685729980468750000000000
5684872.2515752948820590972900390625000000000000
-5101794.8192153088748455047607421875000000000000
12482054.8814599085599184036254882812500000000000
-6314853.5926835155114531517028808593750000000000
-3309197.2563985036686062812805175781250000000000
-651982.3561025124508887529373168945312500000000
10491342.4240109585225582122802734375000000000000
-21923683.7237052991986274719238281250000000000000
-12998354.0424995049834251403808593750000000000000
13479711.3761886563152074813842773437500000000000
-8320748.5136974416673183441162109375000000000000
22881162.6435863040387630462646484375000000000000
-5030813.9613413084298372268676757812500000000000
-3823693.0499851428903639316558837890625000000000
5422817.4183461461216211318969726562500000000000
-8339646.8006639778614044189453125000000000000000
-26569264.8011630512773990631103515625000000000000
-4444164.1333295488730072975158691406250000000000
-18967928.8262741193175315856933593750000000000000
5394055.8559921067208051681518554687500000000000
-5342342.4914124431088566780090332031250000000000
11016956.2671756036579608917236328125000000000000
5673416.5110429488122463226318359375000000000000
-3836688.6665839627385139465332031250000000000000
5942634.8829190889373421669006347656250000000000
-2557373.3813808234408497810363769531250000000000
-13950883.9815590977668762207031250000000000000000
-5052797.1836211988702416419982910156250000000000
5395943.7089848369359970092773437500000000000000
26811425.5581843815743923187255859375000000000000
20074636.7132384814321994781494140625000000000000
10996342.3202692121267318725585937500000000000000
9641619.8379653245210647583007812500000000000000
20342943.3280137144029140472412109375000000000000
2396913.7296970966272056102752685546875000000000
14131910.4508357886224985122680664062500000000000
7017025.6874413350597023963928222656250000000000
-6033650.6453463686630129814147949218750000000000
-7041883.5233590733259916305541992187500000000000
-14658295.7941474579274654388427734375000000000000
-22042299.1157249994575977325439453125000000000000
2603013.0254466785117983818054199218750000000000
-928873.5470241063740104436874389648437500000000
-4212760.6278286026790738105773925781250000000000
-12076681.0443367529660463333129882812500000000000
-1686344.4112677071243524551391601562500000000000
15301277.8978388831019401550292968750000000000000
2867857.1167571381665766239166259765625000000000
6342364.4680936513468623161315917968750000000000
-15166678.1464057601988315582275390625000000000000
17178547.0097833201289176940917968750000000000000
-20254845.9837743155658245086669921875000000000000
-1510601.7718015697319060564041137695312500000000
6324844.9429966723546385765075683593750000000000
2494101.2588930651545524597167968750000000000000
14008509.7186938636004924774169921875000000000000
6454758.4200157681480050086975097656250000000000
7452665.8026069030165672302246093750000000000000
-4608940.6042618593201041221618652343750000000000
-5368625.7423051791265606880187988281250000000000
9702701.2311490941792726516723632812500000000000
-397523.3613649117178283631801605224609375000000
-446502.7938388544134795665740966796875000000000
-14792878.3360202051699161529541015625000000000000
-141676.3524677772074937820434570312500000000000
18154581.2042331323027610778808593750000000000000
-5515985.6824593562632799148559570312500000000000
-1757279.9599150407593697309494018554687500000000
-4794033.9520296305418014526367187500000000000000
12807039.2123078182339668273925781250000000000000
-3514311.0035003554075956344604492187500000000000
-1255627.8424400486983358860015869140625000000000
-5426449.8776861727237701416015625000000000000000
2622150.3970461338758468627929687500000000000000
-13852625.4765498973429203033447265625000000000000
10927764.4464918691664934158325195312500000000000
-216650.8480587817321065813302993774414062500000
-11083847.0568469408899545669555664062500000000000
4287757.8750942740589380264282226562500000000000
-14157199.0128720849752426147460937500000000000000
-3924117.5879580606706440448760986328125000000000
-9850409.2987549491226673126220703125000000000000
30075485.4390513375401496887207031250000000000000
1562467.4481989843770861625671386718750000000000
-5087212.0237054005265235900878906250000000000000
8097104.1086970735341310501098632812500000000000
2417017.0615508290939033031463623046875000000000
8604404.8407300561666488647460937500000000000000
-1133243.4295707698911428451538085937500000000000
-21546738.9965772219002246856689453125000000000000
-2251854.2419232144020497798919677734375000000000
1487350.9871215352322906255722045898437500000000
-6639790.2629231903702020645141601562500000000000
-11732269.5950723346322774887084960937500000000000
1279700.0775519947055727243423461914062500000000
5021539.1062990771606564521789550781250000000000
7722191.0168391428887844085693359375000000000000
7108929.9282763926312327384948730468750000000000
401186.0596565942978486418724060058593750000000
10105077.8787165042012929916381835937500000000000
-1125092.3956539076752960681915283203125000000000
-10940867.8780187945812940597534179687500000000000
-829729.0668431636877357959747314453125000000000
4207822.5490592252463102340698242187500000000000
-2308838.9283765512518584728240966796875000000000
-10996636.5735569149255752563476562500000000000000
-3039573.9176116310991346836090087890625000000000
16894159.9036351479589939117431640625000000000000
-14488094.2619208805263042449951171875000000000000
17793227.2814675047993659973144531250000000000000
5392937.0325436368584632873535156250000000000000
-1315401.4169860088732093572616577148437500000000
8422076.1473844572901725769042968750000000000000
-8284797.9344202829524874687194824218750000000000
-12727752.9652142804116010665893554687500000000000
1406280.0838864715769886970520019531250000000000
8496538.8552756067365407943725585937500000000000
9643789.5382783580571413040161132812500000000000
-791129.0533721462124958634376525878906250000000
-11110938.8906575385481119155883789062500000000000
-4201169.3563483897596597671508789062500000000000
-1333647.8019908403512090444564819335937500000000
11822753.7658524364233016967773437500000000000000
-13119287.9413567446172237396240234375000000000000
17064910.1470855176448822021484375000000000000000
-16100821.6964104063808917999267578125000000000000
-2983421.2655992559157311916351318359375000000000
-8350951.9079532232135534286499023437500000000000
1605619.8071782197803258895874023437500000000000
-6877447.4099870929494500160217285156250000000000
-8591190.6250069979578256607055664062500000000000
9041240.6624415926635265350341796875000000000000
-1843648.0368115017190575599670410156250000000000
7851487.1991856154054403305053710937500000000000
-4184948.9656585119664669036865234375000000000000
4276416.6968470485880970954895019531250000000000
15063726.0404728371649980545043945312500000000000
-10695351.7556716371327638626098632812500000000000
-5256581.9393719853833317756652832031250000000000
-1868190.4802476330660283565521240234375000000000
-2401301.3885622750967741012573242187500000000000
-1633820.7617311649955809116363525390625000000000
235111.7642644246516283601522445678710937500000
-4081438.4493153961375355720520019531250000000000
10395526.4315069075673818588256835937500000000000
11987752.1751318313181400299072265625000000000000
-1781869.1382252273615449666976928710937500000000
-1524779.3173255110159516334533691406250000000000
-5667742.3872166881337761878967285156250000000000
880760.4793451615842059254646301269531250000000
-11109617.5570587720721960067749023437500000000000
-91303.2374555858987150713801383972167968750000
8411463.8139773570001125335693359375000000000000
-5089818.6987606501206755638122558593750000000000
-4595165.6889564553275704383850097656250000000000
4803530.4769503958523273468017578125000000000000
-672255.6919150258181616663932800292968750000000
-4566874.9434238206595182418823242187500000000000
2394033.4170363098382949829101562500000000000000
2816446.5848807818256318569183349609375000000000
2522846.7754830443300306797027587890625000000000
-3948334.0665528662502765655517578125000000000000
14446293.0206533428281545639038085937500000000000
-4868842.6669554896652698516845703125000000000000
-7295257.6670667883008718490600585937500000000000
-6951355.7752908859401941299438476562500000000000
-5316640.8741735322400927543640136718750000000000
6970049.8946682820096611976623535156250000000000
-663594.8676311913877725601196289062500000000000
11433678.0898845829069614410400390625000000000000
-13895771.4068821985274553298950195312500000000000
-3852988.7563163735903799533843994140625000000000
112237.0369968892628094181418418884277343750000
18875761.8406845927238464355468750000000000000000
1835076.1945254213642328977584838867187500000000
3126692.4034984488971531391143798828125000000000
-1198352.5268802708014845848083496093750000000000
8056416.0187928704544901847839355468750000000000
-1094915.7463162238709628582000732421875000000000
-3275030.0029132012277841567993164062500000000000
-960054.9183274505194276571273803710937500000000
-7214326.2584855603054165840148925781250000000000
4811158.7113814884796738624572753906250000000000
-14964658.5191173888742923736572265625000000000000
1142584.7394124327693134546279907226562500000000
2080044.9451098474673926830291748046875000000000
12370052.8505786303430795669555664062500000000000
-7866144.4558976544067263603210449218750000000000
-14376973.8769623227417469024658203125000000000000
8469100.5126606263220310211181640625000000000000
9128131.4077491555362939834594726562500000000000
6730328.3664053753018379211425781250000000000000
-4707770.4353647166863083839416503906250000000000
12973902.7907934170216321945190429687500000000000
1433203.4227525980677455663681030273437500000000
-10914809.4976909067481756210327148437500000000000
1782860.6007838798686861991882324218750000000000
-10079744.3576596435159444808959960937500000000000
-13102030.5817001108080148696899414062500000000000
-4690056.5437051979824900627136230468750000000000
-405422.8165039173327386379241943359375000000000
-1476292.4867960603442043066024780273437500000000
-6862167.5836487123742699623107910156250000000000
6655919.2532972106710076332092285156250000000000
-7629869.9399807425215840339660644531250000000000
-6485615.9312769426032900810241699218750000000000
2916752.8746633757837116718292236328125000000000
-8163346.8366517797112464904785156250000000000000
37037.1246217997904750518500804901123046875000
8601403.6684935037046670913696289062500000000000
12020481.4594614785164594650268554687500000000000
1810853.2023963935207575559616088867187500000000
-5692467.3874489711597561836242675781250000000000
3240371.5788572155870497226715087890625000000000
-6457162.4987560473382472991943359375000000000000
-8519570.9330332875251770019531250000000000000000
2794123.7772364942356944084167480468750000000000
-6256783.6602449091151356697082519531250000000000
-6537815.7888691881671547889709472656250000000000
6060138.6473285714164376258850097656250000000000
4258381.2685425281524658203125000000000000000000
5678346.6802810756489634513854980468750000000000
4701654.5426484895870089530944824218750000000000
3973553.1117569576017558574676513671875000000000
-1850910.9617277458310127258300781250000000000000
-11418660.8759275153279304504394531250000000000000
-173778.7153409933089278638362884521484375000000
16781777.6963901482522487640380859375000000000000
7716562.9102456914260983467102050781250000000000
1637254.8083459429908543825149536132812500000000
-4155107.4301512311212718486785888671875000000000
-5056174.8955207681283354759216308593750000000000
-2335694.8482547220773994922637939453125000000000
8570428.8451023343950510025024414062500000000000
-4075720.9683920340612530708312988281250000000000
9679660.8020477853715419769287109375000000000000
-195143.9835908767709042876958847045898437500000
2509080.5637199971824884414672851562500000000000
-1310308.4648523400537669658660888671875000000000
8068202.6398080931976437568664550781250000000000
758228.9901779681676998734474182128906250000000
10744455.4958408400416374206542968750000000000000
-9365913.6011849362403154373168945312500000000000
7482411.6094779726117849349975585937500000000000
-1641506.1052070560399442911148071289062500000000
11441254.3548965603113174438476562500000000000000
772752.2823445141548290848731994628906250000000
2806266.6819269564002752304077148437500000000000
-6964706.0056551136076450347900390625000000000000
-658737.7383095250697806477546691894531250000000
-2685569.0361217102035880088806152343750000000000
8469982.2340566869825124740600585937500000000000
-3432665.8962543434463441371917724609375000000000
2620777.1862029721960425376892089843750000000000
-3473396.9139490281231701374053955078125000000000
-1496876.0363782711792737245559692382812500000000
-2864618.7940707397647202014923095703125000000000
-2036765.7356688494328409433364868164062500000000
-7394279.4788304846733808517456054687500000000000
5357571.3980275699868798255920410156250000000000
-5590420.9804577482864260673522949218750000000000
4663476.5759024480357766151428222656250000000000
6127136.7853578878566622734069824218750000000000
300487.3904882195056416094303131103515625000000
-1072692.2551546529866755008697509765625000000000
-1123647.9599851120728999376296997070312500000000
-2354636.7952824253588914871215820312500000000000
-2686007.3562696012668311595916748046875000000000
-2759967.6968713309615850448608398437500000000000
2982614.4390162192285060882568359375000000000000
2972798.3832858549430966377258300781250000000000
3333507.9710318082943558692932128906250000000000
-11117.0454210371699446113780140876770019531250
5689872.4842623583972454071044921875000000000000
3764703.6660005375742912292480468750000000000000
3961292.3192864228039979934692382812500000000000
-7942941.6274726912379264831542968750000000000000
-1327177.6720324528869241476058959960937500000000
1972389.8888102646451443433761596679687500000000
3670293.5278422562405467033386230468750000000000
-2315043.5876385294832289218902587890625000000000
1902490.0023676718119531869888305664062500000000
-4940073.9970098501071333885192871093750000000000
2877247.1306383549235761165618896484375000000000
-5417464.4976775739341974258422851562500000000000
-8368918.4725989475846290588378906250000000000000
2917368.1519414386712014675140380859375000000000
-475529.1926904876600019633769989013671875000000
4792819.7224499443545937538146972656250000000000
1715122.6224339785985648632049560546875000000000
-6060040.9126221202313899993896484375000000000000
108078.0547341819619759917259216308593750000000
4829357.1649304311722517013549804687500000000000
485525.4686660976731218397617340087890625000000
-3408071.7560897916555404663085937500000000000000
2382482.0608473517931997776031494140625000000000
4641003.8769988473504781723022460937500000000000
-4911428.5960799772292375564575195312500000000000
3837388.2631292003206908702850341796875000000000
-5168532.8043945068493485450744628906250000000000
4409334.3821310549974441528320312500000000000000
2354525.0659797689877450466156005859375000000000
2591153.3722601323388516902923583984375000000000
-7101848.4766572816297411918640136718750000000000
-4295802.1556377951055765151977539062500000000000
1337678.6149884187616407871246337890625000000000
3073850.6168325599282979965209960937500000000000
45052.8722562073671724647283554077148437500000
-6534310.5633959919214248657226562500000000000000
-48720.0947670835594180971384048461914062500000
-466403.7738962676376104354858398437500000000000
-868924.2386219992768019437789916992187500000000
-275465.8116790725616738200187683105468750000000
2020223.4586921124719083309173583984375000000000
-2126035.8880235869437456130981445312500000000000
-304068.5582452655071392655372619628906250000000
-706719.0053199410904198884963989257812500000000
13093.2479576068217284046113491058349609375000
-6588487.9187419163063168525695800781250000000000
1490395.5250786305405199527740478515625000000000
7453550.7693942375481128692626953125000000000000
1640612.6764381879474967718124389648437500000000
-1593700.5703369430266320705413818359375000000000
2206062.5999631774611771106719970703125000000000
-6858140.4195077344775199890136718750000000000000
-218056.3577286916843149811029434204101562500000
-2903161.2481964733451604843139648437500000000000
-859407.5661753371823579072952270507812500000000
416982.9034255128353834152221679687500000000000
582229.6444584487471729516983032226562500000000
-1023254.9044043081812560558319091796875000000000
-5499139.1360094901174306869506835937500000000000
-2428915.8216633917763829231262207031250000000000
3854150.2674842481501400470733642578125000000000
-2778372.4647070406936109066009521484375000000000
2059589.6297815006691962480545043945312500000000
-5313228.2212528968229889869689941406250000000000
169089.4085410768166184425354003906250000000000
-3090384.2535873893648386001586914062500000000000
-1791589.5344791836105287075042724609375000000000
-371233.2603745457017794251441955566406250000000
1071191.8077751570381224155426025390625000000000
-5620867.1177847571671009063720703125000000000000
-757106.2941377743845805525779724121093750000000
-1153645.4799318488221615552902221679687500000000
745644.7893643043935298919677734375000000000000
3242114.9892307394184172153472900390625000000000
-607296.3912903709569945931434631347656250000000
-4234667.9869068264961242675781250000000000000000
-969453.4887396341655403375625610351562500000000
1170721.7739735073409974575042724609375000000000
754698.2317104691173881292343139648437500000000
-1152101.7540754033252596855163574218750000000000
1840857.4498546957038342952728271484375000000000
2243179.1787771484814584255218505859375000000000
5614706.9359060348942875862121582031250000000000
-6379121.3750459626317024230957031250000000000000
-211135.0383635986654553562402725219726562500000
-425740.6660264250822365283966064453125000000000
-4699796.6265967730432748794555664062500000000000
-850614.8999535162001848220825195312500000000000
-4249762.6415491104125976562500000000000000000000
-89805.5029508338921004906296730041503906250000
-73999.4485287999123102053999900817871093750000
1230489.5815349873155355453491210937500000000000
-88936.2426008773472858592867851257324218750000
912987.3956097022164613008499145507812500000000
2030714.6378865111619234085083007812500000000000
1181223.0517592926044017076492309570312500000000
6544264.6946437340229749679565429687500000000000
232154.4494696190231479704380035400390625000000
1773394.7069149953313171863555908203125000000000
-1517651.1109558267053216695785522460937500000000
788877.7293360496405512094497680664062500000000
5817844.8990837028250098228454589843750000000000
2096647.0751410538796335458755493164062500000000
4860819.3908490315079689025878906250000000000000
672749.4746915354626253247261047363281250000000
-2692362.8950859052129089832305908203125000000000
5402914.0650086076930165290832519531250000000000
6849734.7305812006816267967224121093750000000000
592593.5167039182269945740699768066406250000000
-871224.3209925916744396090507507324218750000000
-112760.7127641984698129817843437194824218750000
1780148.4369724516291171312332153320312500000000
-1374085.5011887240689247846603393554687500000000
16651.6811640823689231183379888534545898437500
-1557790.4107002816163003444671630859375000000000
-2754286.3169497200287878513336181640625000000000
-551444.9912975972983986139297485351562500000000
2014106.4864917397499084472656250000000000000000
-2437241.5504978247918188571929931640625000000000
-5901915.3949820483103394508361816406250000000000
-1897085.7790044017601758241653442382812500000000
188465.5618056280072778463363647460937500000000
-251739.0239828336634673178195953369140625000000
4035583.1015062956139445304870605468750000000000
3160637.2580989338457584381103515625000000000000
458262.9817389182862825691699981689453125000000
1961944.8048696522600948810577392578125000000000
-569072.4199421404628083109855651855468750000000
2482924.0478438967838883399963378906250000000000
3941044.2573529318906366825103759765625000000000
-25676.1899866687817848287522792816162109375000
-761069.2254481144482269883155822753906250000000
-323421.7252606760011985898017883300781250000000
5812905.8171163573861122131347656250000000000000
-2739096.1924036811105906963348388671875000000000
6947488.0669014863669872283935546875000000000000
909660.9117190323304384946823120117187500000000
1184150.4239028710871934890747070312500000000000
-2076.6985831116180634126067161560058593750000
-44102.1929163585300557315349578857421875000000
-1754550.7540146070532500743865966796875000000000
-1707396.1210109351668506860733032226562500000000
-1088739.9480726467445492744445800781250000000000
118894.0176474647450959309935569763183593750000
-429738.1025911289616487920284271240234375000000
-5055225.3310527596622705459594726562500000000000
626661.8709067212184891104698181152343750000000
-1388085.5194061871152371168136596679687500000000
-3321128.3741933549754321575164794921875000000000
659491.1572789872298017144203186035156250000000
-2626003.6900317701511085033416748046875000000000
-4726275.2685916768386960029602050781250000000000
6170945.3296259623020887374877929687500000000000
1270320.3864142810925841331481933593750000000000
-2239693.2028101794421672821044921875000000000000
-2055750.1229359114076942205429077148437500000000
-2412167.7201739232987165451049804687500000000000
-4974488.8945845672860741615295410156250000000000
-850380.6717796423472464084625244140625000000000
-1190113.2163696892093867063522338867187500000000
4234650.2137188855558633804321289062500000000000
-4360786.0868492079898715019226074218750000000000
687969.7710293516283854842185974121093750000000
-3556902.8588053057901561260223388671875000000000
267062.2442211310262791812419891357421875000000
-1798262.9599948374088853597640991210937500000000
1839032.1245864951051771640777587890625000000000
841645.4888377788010984659194946289062500000000
-1053655.0400295599829405546188354492187500000000
1631990.8773695933632552623748779296875000000000
1555411.6604340188205242156982421875000000000000
-3331468.3881058348342776298522949218750000000000
-1108302.5149037675000727176666259765625000000000
-316103.4829655585344880819320678710937500000000
-2363275.6583604998886585235595703125000000000000
-2743530.3735099053010344505310058593750000000000
2650666.1777575300075113773345947265625000000000
685685.7519811965757980942726135253906250000000
-781602.1012907030526548624038696289062500000000
816694.0484341866103932261466979980468750000000
-2759821.0357062397524714469909667968750000000000
-4247686.2822240814566612243652343750000000000000
-1310748.5699469735845923423767089843750000000000
-2998316.5208878773264586925506591796875000000000
3424882.2508032629266381263732910156250000000000
-2192125.6214811783283948898315429687500000000000
-171675.8988209584204014390707015991210937500000
4192101.2024369495920836925506591796875000000000
-1175679.6086129613686352968215942382812500000000
1165295.4742715831380337476730346679687500000000
-2174133.8884909553453326225280761718750000000000
2236779.4454552452079951763153076171875000000000
-433730.8565209242515265941619873046875000000000
459886.3785836532479152083396911621093750000000
737222.8939499014522880315780639648437500000000
5927853.6014176439493894577026367187500000000000
-2584621.1456403266638517379760742187500000000000
1954726.3433374620508402585983276367187500000000
2525832.3456546971574425697326660156250000000000
2451051.1209495081566274166107177734375000000000
-5425571.8539751339703798294067382812500000000000
-1688347.5104633446317166090011596679687500000000
-1787254.2745426774490624666213989257812500000000
535941.8361502650659531354904174804687500000000
789459.4950040463590994477272033691406250000000
-1151097.6293142118956893682479858398437500000000
6720444.7511558076366782188415527343750000000000
873890.1354543837951496243476867675781250000000
2338327.6057930490933358669281005859375000000000
1615544.8923150913324207067489624023437500000000
945813.5649415277875959873199462890625000000000
537204.6758334636688232421875000000000000000000
3913260.5777121409773826599121093750000000000000
-102781.8071412091376259922981262207031250000000
-903353.9449797759298235177993774414062500000000
15680.1470535302705684443935751914978027343750
2721701.8676296477206051349639892578125000000000
-933558.7147000101394951343536376953125000000000
-291914.4383845689590089023113250732421875000000
-610406.0951786326477304100990295410156250000000
2734706.8064366695471107959747314453125000000000
2645304.1093993643298745155334472656250000000000
3239031.6165800956077873706817626953125000000000
525821.8810071942862123250961303710937500000000
-1147027.7834075861610472202301025390625000000000
3360966.2192538119852542877197265625000000000000
-1397991.5836836523376405239105224609375000000000
-3302031.7860933300107717514038085937500000000000
678311.7928706712555140256881713867187500000000
746757.5188054481986910104751586914062500000000
30413.7549283918706350959837436676025390625000
1558603.6852596600074321031570434570312500000000
1183613.2674454962834715843200683593750000000000
-2249889.2841009362600743770599365234375000000000
569107.2653083611512556672096252441406250000000
-298539.0571140076499432325363159179687500000000
-1594287.0689998096786439418792724609375000000000
-1058338.1300917784683406352996826171875000000000
-1570191.8981898375786840915679931640625000000000
3337630.8941859998740255832672119140625000000000
-1116233.3138435073196887969970703125000000000000
611695.5769954246934503316879272460937500000000
5289331.6557670161128044128417968750000000000000
1226587.8799805806484073400497436523437500000000
-1587979.8869304296094924211502075195312500000000
-1265236.6135445812251418828964233398437500000000
-186829.9828635852900333702564239501953125000000
155919.2111110585392452776432037353515625000000
1063476.5371583607047796249389648437500000000000
463414.2653812140342779457569122314453125000000
2450230.0707606384530663490295410156250000000000
-872379.7312979308189824223518371582031250000000
-988770.1998941878555342555046081542968750000000
-1504905.2849651076830923557281494140625000000000
-1349812.8946898058056831359863281250000000000000
-1072436.0709400146733969449996948242187500000000
894661.4687626915983855724334716796875000000000
-638932.1441802397603169083595275878906250000000
1926758.6949939222540706396102905273437500000000
-2450991.3528759852051734924316406250000000000000
1945051.4928297039587050676345825195312500000000
-2944541.9220530856400728225708007812500000000000
-2150656.6135178785771131515502929687500000000000
100781.5743113735661609098315238952636718750000
-1890079.7177575568202883005142211914062500000000
-1394567.9212225999217480421066284179687500000000
-1886043.7655230036471039056777954101562500000000
-3328876.8224942283704876899719238281250000000000
-3819614.7272168658673763275146484375000000000000
-1316691.5412699421867728233337402343750000000000
1561548.0024872487410902976989746093750000000000
193822.8706692442938219755887985229492187500000
-293376.0643045732285827398300170898437500000000
-2607706.6547387926839292049407958984375000000000
1982744.7722508569713681936264038085937500000000
-885704.5935897156596183776855468750000000000000
2027584.3590842315461486577987670898437500000000
3511657.5333484401926398277282714843750000000000
2273262.9631185662001371383666992187500000000000
2242751.4868415789678692817687988281250000000000
1689651.7018118784762918949127197265625000000000
-720398.6840375743340700864791870117187500000000
-2706815.4653338552452623844146728515625000000000
1196770.8797776575665920972824096679687500000000
-1730390.4994983673095703125000000000000000000000
-2781491.3563595451414585113525390625000000000000
641503.0101479684235528111457824707031250000000
456732.8619972312590107321739196777343750000000
-2039736.6186240490060299634933471679687500000000
165163.7656354026694316416978836059570312500000
881945.7735276195453479886054992675781250000000
889521.3258131904294714331626892089843750000000
-205346.5982394971942994743585586547851562500000
-916466.3435127519769594073295593261718750000000
-280825.2397847538231872022151947021484375000000
2495213.2158778244629502296447753906250000000000
-1018568.8315128748072311282157897949218750000000
-259999.0760393507080152630805969238281250000000
-1121285.5283405338414013385772705078125000000000
-895748.7605878673493862152099609375000000000000
466417.4822262637899257242679595947265625000000
2476732.2375959954224526882171630859375000000000
1867810.8750198767520487308502197265625000000000
-750755.6577527557965368032455444335937500000000
-1386324.8682715354952961206436157226562500000000
-1814671.7614848350640386343002319335937500000000
-366105.1228350845049135386943817138671875000000
1929837.0757856974378228187561035156250000000000
524770.1191787418210878968238830566406250000000
491479.5236434155958704650402069091796875000000
1086061.8279063894879072904586791992187500000000
-204253.6057501282775774598121643066406250000000
759835.2499845658894628286361694335937500000000
-86044.0198078013054328039288520812988281250000
1933333.2945573567412793636322021484375000000000
304067.4747992397169582545757293701171875000000
271370.9163209495600312948226928710937500000000
1697549.0877657954115420579910278320312500000000
361438.9563934220932424068450927734375000000000
-1544242.5383515176363289356231689453125000000000
1559497.8247137090656906366348266601562500000000
2910292.7368268901482224464416503906250000000000
-2432770.8380377185530960559844970703125000000000
-1871330.0153871963266283273696899414062500000000
-137604.7275737274321727454662322998046875000000
-1879651.6190777458250522613525390625000000000000
2156838.7915428625419735908508300781250000000000
-1763193.6320678554475307464599609375000000000000
-2525921.9577285721898078918457031250000000000000
-1311205.7680080696009099483489990234375000000000
-1340802.8039323631674051284790039062500000000000
-148922.3364115591684821993112564086914062500000
1168465.5130891345907002687454223632812500000000
-242672.4289946920762304216623306274414062500000
309290.8480518980650231242179870605468750000000
-2052345.5352963192854076623916625976562500000000
-929337.1412696238839998841285705566406250000000
19152.9777767666564614046365022659301757812500
-781150.2208973591914400458335876464843750000000
651751.9497709529241546988487243652343750000000
-925364.4359694741433486342430114746093750000000
578827.8033600399503484368324279785156250000000
4425657.8224768713116645812988281250000000000000
-213303.1942650106502696871757507324218750000000
-547369.2582223044009879231452941894531250000000
672830.9679198206868022680282592773437500000000
29977.5461523942467465531080961227416992187500
-700679.8204846166772767901420593261718750000000
-953425.0224903427297249436378479003906250000000
1751032.4908496229909360408782958984375000000000
590617.6077924078563228249549865722656250000000
-206228.6497173536336049437522888183593750000000
-709132.8377390088280662894248962402343750000000
-986911.7696382740978151559829711914062500000000
-2107482.6755805569700896739959716796875000000000
-987794.0872101380955427885055541992187500000000
1192300.0860413433983922004699707031250000000000
743394.7556398021988570690155029296875000000000
924670.4141108930343762040138244628906250000000
423241.0393416340812109410762786865234375000000
-1994410.0206907142419368028640747070312500000000
1712.7297148681964245042763650417327880859375
654448.2999572999542579054832458496093750000000
378823.9505259443540126085281372070312500000000
737174.9742200730834156274795532226562500000000
977036.6211989753646776080131530761718750000000
-1049781.1149133685976266860961914062500000000000
-82909.2202971540682483464479446411132812500000
-1804384.4735621747095137834548950195312500000000
-2384380.2471346105448901653289794921875000000000
-3625.2902360396305994072463363409042358398438
269186.6730186144704930484294891357421875000000
1452243.5085992843378335237503051757812500000000
-159011.6072952839895151555538177490234375000000
-2101915.8976542348973453044891357421875000000000
-865650.0651459486689418554306030273437500000000
-107930.5139367609808687120676040649414062500000
-682232.4521682099439203739166259765625000000000
24991.2393287598351889755576848983764648437500
41575.6700438513580593280494213104248046875000
-579503.8034773432882502675056457519531250000000
434428.0295403613126836717128753662109375000000
-1502934.5632740657310932874679565429687500000000
-2762180.2833961308933794498443603515625000000000
-429930.1566991914878599345684051513671875000000
-490628.1735189578612335026264190673828125000000
-2751836.5765156601555645465850830078125000000000
1393519.1121130732353776693344116210937500000000
2497390.0380655955523252487182617187500000000000
-531616.3876608913997188210487365722656250000000
2237855.0355301606468856334686279296875000000000
1675364.7440203162841498851776123046875000000000
562812.0289176125079393386840820312500000000000
-442790.7646034428034909069538116455078125000000
-1626006.1300324334297329187393188476562500000000
-1349258.7473560655489563941955566406250000000000
-199491.8027502715704031288623809814453125000000
885804.1176251859869807958602905273437500000000
347715.6578656338970176875591278076171875000000
-39689.4955241950156050734221935272216796875000
1282511.8332882348913699388504028320312500000000
1236761.7279555355198681354522705078125000000000
-424602.7917020921013318002223968505859375000000
-301723.1259081623866222798824310302734375000000
-1236769.0989260578062385320663452148437500000000
-1156740.4386379467323422431945800781250000000000
976749.8987699677236378192901611328125000000000
1066950.0533729509916156530380249023437500000000
621977.7921270236838608980178833007812500000000
737603.3804483813000842928886413574218750000000
475146.7179211126640439033508300781250000000000
1934409.5827472030650824308395385742187500000000
-1499638.2241552360355854034423828125000000000000
-5036.3899459840140480082482099533081054687500
908700.1268163772765547037124633789062500000000
-143127.0618131885712500661611557006835937500000
-545508.5278121001319959759712219238281250000000
-104579.5522927507845452055335044860839843750000
1337152.9693463577423244714736938476562500000000
-329392.9055958854733034968376159667968750000000
1506019.7732875531073659658432006835937500000000
301236.2797781130648218095302581787109375000000
512728.3400588977965526282787322998046875000000
282356.5460383530007675290107727050781250000000
57087.8642905304004671052098274230957031250000
810350.4500675817253068089485168457031250000000
1654846.5212286498863250017166137695312500000000
1223110.4218762048985809087753295898437500000000
-1605008.1524904044345021247863769531250000000000
281569.6515390815911814570426940917968750000000
-783563.8954887551954016089439392089843750000000
1753062.0477637744043022394180297851562500000000
-440503.0261534072924405336380004882812500000000
-231989.9466060875856783241033554077148437500000
447762.8842139540938660502433776855468750000000
246423.8824703356367535889148712158203125000000
1158444.7671795289497822523117065429687500000000
944369.6731532516423612833023071289062500000000
414089.3041449636803008615970611572265625000000
171836.4456829201080836355686187744140625000000
321122.7294237824389711022377014160156250000000
612463.1066624281229451298713684082031250000000
1501613.8478484852239489555358886718750000000000
-68900.3135841013427125290036201477050781250000
792340.5001687469193711876869201660156250000000
-362717.1865162716712802648544311523437500000000
-973421.3894038051366806030273437500000000000000
878184.9095909016905352473258972167968750000000
-1005512.9010436919052153825759887695312500000000
-680947.5280971566680818796157836914062500000000
-882705.6403573446441441774368286132812500000000
-321852.1153547870926558971405029296875000000000
177544.7657732632069382816553115844726562500000
-437869.8424832182936370372772216796875000000000
1482667.9796582919079810380935668945312500000000
-120876.0923136120691196992993354797363281250000
-778477.0373431270709261298179626464843750000000
878687.4638077009003609418869018554687500000000
-279419.6205673287622630596160888671875000000000
263540.7467526792897842824459075927734375000000
1323913.1418368730228394269943237304687500000000
1133737.4009547452442348003387451171875000000000
-352603.5567288803285919129848480224609375000000
-955816.1225463605951517820358276367187500000000
-89270.3234381507645593956112861633300781250000
-270276.6758101712912321090698242187500000000000
-659353.8948699367465451359748840332031250000000
-577186.0315209152176976203918457031250000000000
-734779.5467201442224904894828796386718750000000
-259328.8794791960099246352910995483398437500000
-464705.8160787571105174720287322998046875000000
-157607.9112199434312060475349426269531250000000
-278028.3903970326064154505729675292968750000000
440960.2689513493096455931663513183593750000000
-198268.7259454814775381237268447875976562500000
27275.6796663169734529219567775726318359375000
-499010.9620668382849544286727905273437500000000
362091.2725437065237201750278472900390625000000
-92237.1066235781472641974687576293945312500000
-556119.5266337969806045293807983398437500000000
249878.7034689606807660311460494995117187500000
157327.2046242272772360593080520629882812500000
112572.3461389343865448608994483947753906250000
-752684.4218577041756361722946166992187500000000
-138854.4859653455496300011873245239257812500000
1269979.3985665349755436182022094726562500000000
-461034.6088349815108813345432281494140625000000
-583291.8333764160051941871643066406250000000000
-376119.3557149352855049073696136474609375000000
902751.9274522467749193310737609863281250000000
-88268.2245570194354513660073280334472656250000
-61154.0735235435131471604108810424804687500000
833701.5092530782567337155342102050781250000000
-734985.5850817475002259016036987304687500000000
-800896.1768224885454401373863220214843750000000
1140441.5187863737810403108596801757812500000000
208827.1253978808817919343709945678710937500000
542145.9811156048672273755073547363281250000000
-270741.2220569936907850205898284912109375000000
235204.7421877089363988488912582397460937500000
-1145355.1759746018797159194946289062500000000000
1124844.2452723521273583173751831054687500000000
-318185.6856763116666115820407867431640625000000
-957152.1272559833014383912086486816406250000000
-56950.8778878720768261700868606567382812500000
-120032.6970466186758130788803100585937500000000
-160051.4397567439009435474872589111328125000000
-902916.1929496257798746228218078613281250000000
361982.4789562532678246498107910156250000000000
655269.5912613748805597424507141113281250000000
-103347.3712999726849375292658805847167968750000
-756496.0096304278122261166572570800781250000000
137593.8503530994348693639039993286132812500000
98813.0694010504812467843294143676757812500000
903570.9006835015024989843368530273437500000000
-788201.3024804163724184036254882812500000000000
565251.7630941801471635699272155761718750000000
-169492.3548177921038586646318435668945312500000
-1370838.1388669386506080627441406250000000000000
604041.4298138198209926486015319824218750000000
-182692.5452396880136802792549133300781250000000
600110.8309418343706056475639343261718750000000
-115752.7663296326354611665010452270507812500000
-626495.2723774281330406665802001953125000000000
39737.4041343352218973450362682342529296875000
568695.8662631399929523468017578125000000000000
-367771.8709106183378025889396667480468750000000
-111700.4258181637123925611376762390136718750000
-15432.6127400723325990838930010795593261718750
178758.4806165788613725453615188598632812500000
1391524.6726621484849601984024047851562500000000
254123.1684697218879591673612594604492187500000
-368323.5895417032297700643539428710937500000000
-244363.1142945923493243753910064697265625000000
-1376461.8960964384023100137710571289062500000000
502854.7464248981559649109840393066406250000000
-451711.4198291734792292118072509765625000000000
-388454.2874458782025612890720367431640625000000
52779.6755024435115046799182891845703125000000
607619.0491377445869147777557373046875000000000
-880447.5926945694955065846443176269531250000000
-286630.1201733176712878048419952392578125000000
41335.5978902276910957880318164825439453125000
810498.2386388616869226098060607910156250000000
886077.1522961666341871023178100585937500000000
-398030.6191302275401540100574493408203125000000
-180238.7226700423052534461021423339843750000000
80528.1495500735909445211291313171386718750000
-803919.3245874898275360465049743652343750000000
25090.2493302304719691164791584014892578125000
-91038.1805725913873175159096717834472656250000
-450848.4026449391385540366172790527343750000000
555177.4952336812857538461685180664062500000000
-1038046.4264702429063618183135986328125000000000
489719.0468543762690387666225433349609375000000
-775117.3128111767582595348358154296875000000000
214681.7018337016343139111995697021484375000000
241570.5052133763383608311414718627929687500000
387029.9252204463700763881206512451171875000000
47872.4803230308098136447370052337646484375000
540291.8418827927671372890472412109375000000000
-246034.0877531151345465332269668579101562500000
-3524.9823006372021154675167053937911987304688
-312019.8775912201381288468837738037109375000000
-342919.3656635524821467697620391845703125000000
-995158.9745348647702485322952270507812500000000
55566.2660933049119194038212299346923828125000
-700396.8013926543062552809715270996093750000000
366198.9007849746267311275005340576171875000000
47632.3081251979165244847536087036132812500000
71254.7134753886493854224681854248046875000000
705372.2368074881378561258316040039062500000000
-86989.2797575854056049138307571411132812500000
650062.9010638718027621507644653320312500000000
-362166.2622874915832653641700744628906250000000
65657.5722310358687536790966987609863281250000
59521.2467949310084804892539978027343750000000
-803383.4040551497600972652435302734375000000000
154417.0867059089068789035081863403320312500000
-180553.2523965345753822475671768188476562500000
1179774.8059756874572485685348510742187500000000
-831773.8072816319763660430908203125000000000000
-180217.0241748138214461505413055419921875000000
-679260.2986452882178127765655517578125000000000
258368.3363103634037543088197708129882812500000
487697.2326252973289228975772857666015625000000
553629.1310919810784980654716491699218750000000
708994.9735572123900055885314941406250000000000
-833628.6359034046763554215431213378906250000000
-134138.0483370762958656996488571166992187500000
-542340.0383720728568732738494873046875000000000
382057.9831350659951567649841308593750000000000
282883.0522464297246187925338745117187500000000
220239.9461019748996477574110031127929687500000
-597580.4289078642614185810089111328125000000000
798664.8010216230759397149085998535156250000000
-209139.3067604581010527908802032470703125000000
-778848.0677387925097718834877014160156250000000
542487.4794807250145822763442993164062500000000
-375390.4039466912508942186832427978515625000000
-607774.4497133403783664107322692871093750000000
-493711.3146764482371509075164794921875000000000
-56383.6690031842808821238577365875244140625000
-927392.2053480659378692507743835449218750000000
-273919.2020563548430800437927246093750000000000
185083.8857387374155223369598388671875000000000
-139092.3814961183525156229734420776367187500000
569475.1043120810063555836677551269531250000000
-474790.0133644926245324313640594482421875000000
-139657.4382574948831461369991302490234375000000
-242266.0058546119544189423322677612304687500000
493955.8061464453930966556072235107421875000000
564967.2141136176651343703269958496093750000000
425613.4157121383468620479106903076171875000000
-255532.8454782839398831129074096679687500000000
-68856.4305820712761487811803817749023437500000
-399737.7062193287420086562633514404296875000000
-152025.2941354290524031966924667358398437500000
32618.3346342797267425339668989181518554687500
-368566.9951420992147177457809448242187500000000
-1271148.2026214997749775648117065429687500000000
483922.8458614872070029377937316894531250000000
178458.0269377551740035414695739746093750000000
-5507.6356778353483605314977467060089111328125
-22500.3683261178739485330879688262939453125000
-448542.1356166756595484912395477294921875000000
-229893.4218427731248084455728530883789062500000
415072.7640975186368450522422790527343750000000
-127185.1799905032821698114275932312011718750000
93354.4562516085861716419458389282226562500000
-230352.6541829226480331271886825561523437500000
156786.9221454034559428691864013671875000000000
748307.2468732646666467189788818359375000000000
404156.6148211269755847752094268798828125000000
369029.1934048490948043763637542724609375000000
-47720.7116478238967829383909702301025390625000
425999.2743442106875590980052947998046875000000
-395132.1613892624736763536930084228515625000000
534684.0530960380565375089645385742187500000000
22906.9885336630977690219879150390625000000000
282589.3607710748328827321529388427734375000000
744098.1431420575827360153198242187500000000000
211077.8519887923030182719230651855468750000000
-223778.4461513933783862739801406860351562500000
270895.8193900762707926332950592041015625000000
570673.6852489411830902099609375000000000000000
-24360.5394828276766929775476455688476562500000
-531448.2888667550869286060333251953125000000000
-24540.5989366083886125124990940093994140625000
-123510.5289121657842770218849182128906250000000
-218972.9663495960412546992301940917968750000000
-334108.9401842958177439868450164794921875000000
509093.3857723646215163171291351318359375000000
-325549.8486709503340534865856170654296875000000
-38877.0282765046504209749400615692138671875000
156972.4583573971176519989967346191406250000000
77698.3339454706292599439620971679687500000000
226575.2103073622565716505050659179687500000000
-8108.9242224910076402011327445507049560546875
-315352.0685968265170231461524963378906250000000
-77524.7935733396298019215464591979980468750000
316957.8144210911123082041740417480468750000000
135985.0046617015905212610960006713867187500000
-222170.2083237938932143151760101318359375000000
-405009.0006026375340297818183898925781250000000
112281.2692541325814090669155120849609375000000
-41764.3850566106484620831906795501708984375000
-481615.1469922097167000174522399902343750000000
83692.8855455086595611646771430969238281250000
-145553.2286342016013804823160171508789062500000
218531.6904825851088389754295349121093750000000
-439087.6296202625380828976631164550781250000000
22786.4103570255138038191944360733032226562500
36621.6876102600435842759907245635986328125000
33657.2358732864231569692492485046386718750000
93876.1528436344233341515064239501953125000000
-60018.5313010667305206879973411560058593750000
537672.2096098038600757718086242675781250000000
583035.3504043829161673784255981445312500000000
127625.3554475541459396481513977050781250000000
605109.2844662080751731991767883300781250000000
26400.3136131317151011899113655090332031250000
-308274.9305721663986332714557647705078125000000
-131461.2553222676797304302453994750976562500000
-89405.0026794916775543242692947387695312500000
-200394.4792586828989442437887191772460937500000
52773.3488188317132880911231040954589843750000
438285.5416573747643269598484039306640625000000
378893.9677043398260138928890228271484375000000
137736.3220664740947540849447250366210937500000
593495.1593914672266691923141479492187500000000
-248037.7164506164554040879011154174804687500000
199356.1716761830612085759639739990234375000000
425129.8357040500850416719913482666015625000000
137625.7446836507297120988368988037109375000000
469478.6471044916543178260326385498046875000000
189899.3497147506568580865859985351562500000000
124843.1964216086780652403831481933593750000000
371036.2376138886320404708385467529296875000000
-334269.4164151820004917681217193603515625000000
-18815.0270510193258814979344606399536132812500
-311165.8080606897710822522640228271484375000000
-125802.5076811950711999088525772094726562500000
260121.7911814555991441011428833007812500000000
123348.4878719350090250372886657714843750000000
-142625.0156210394343361258506774902343750000000
91162.0342215515411226078867912292480468750000
316287.6898325328365899622440338134765625000000
-383445.5934885251917876303195953369140625000000
225799.2915162306162528693675994873046875000000
466437.3130889568710699677467346191406250000000
-187238.8582609463192056864500045776367187500000
1648.9340002179856128350365906953811645507812
-317308.8183128337841480970382690429687500000000
-644962.0388653910486027598381042480468750000000
-57971.2915994274662807583808898925781250000000
-102141.3475821601459756493568420410156250000000
-15958.0356314114414999494329094886779785156250
-238534.9432842872920446097850799560546875000000
102872.9866569265577709302306175231933593750000
-308867.3832121586310677230358123779296875000000
458506.8502432602690532803535461425781250000000
352767.1563721624552272260189056396484375000000
-43128.4832776345356251113116741180419921875000
6375.0335717385805764934048056602478027343750
-399919.3225985944736748933792114257812500000000
-328267.8251409565564244985580444335937500000000
523649.7839572007069364190101623535156250000000
328706.4643815866438671946525573730468750000000
711556.2880550127010792493820190429687500000000
69826.7949372134753502905368804931640625000000
245456.9612235181266441941261291503906250000000
365031.6500105727463960647583007812500000000000
-79753.1631729139917297288775444030761718750000
241896.0252853763231541961431503295898437500000
306744.7495673907687887549400329589843750000000
-175483.6697848788462579250335693359375000000000
140008.1445941711426712572574615478515625000000
23082.9875601466519583482295274734497070312500
214255.0040527252131141722202301025390625000000
-19035.8229417887378076557070016860961914062500
-265757.4219242030521854758262634277343750000000
80758.2575506996799958869814872741699218750000
118922.9705680251936428248882293701171875000000
59510.3902980860511888749897480010986328125000
-330303.8791507039568386971950531005859375000000
-391358.6154279448674060404300689697265625000000
-386922.9117700863862410187721252441406250000000
15980.1242825346143945353105664253234863281250
364456.6346035961760208010673522949218750000000
302745.1973416969995014369487762451171875000000
-152898.3709517052629962563514709472656250000000
-153267.8907386199280153959989547729492187500000
-538782.6639388089533895254135131835937500000000
-266729.6896218312904238700866699218750000000000
-620915.3738854876719415187835693359375000000000
-34384.7024278107637655921280384063720703125000
-21327.1078167127379856538027524948120117187500
-279882.8634042317862622439861297607421875000000
-298930.3159002301981672644615173339843750000000
70648.7750813659367850050330162048339843750000
-193665.5654792821442242711782455444335937500000
-163927.5875150510692037642002105712890625000000
-159582.6545284233870916068553924560546875000000
-312407.6078382423147559165954589843750000000000
-352604.8653193775680847465991973876953125000000
87279.6572736814559902995824813842773437500000
242347.0738998278102371841669082641601562500000
197182.6250765459844842553138732910156250000000
-166614.9793419228808488696813583374023437500000
16741.2688071547308936715126037597656250000000
352774.0726871343795210123062133789062500000000
-185055.9150245004275348037481307983398437500000
-426048.8329730662517249584197998046875000000000
273794.2891258306335657835006713867187500000000
-424955.7547085947589948773384094238281250000000
300274.5099542448297142982482910156250000000000
-525395.3353455908363685011863708496093750000000
-83785.3964752440806478261947631835937500000000
21681.8894925346321542747318744659423828125000
-47450.6775050846554222516715526580810546875000
-110521.9647232159040868282318115234375000000000
-17572.1900795827386900782585144042968750000000
-129649.4402028035256080329418182373046875000000
-171130.3376353862113319337368011474609375000000
-384214.4073486307752318680286407470703125000000
-199550.6889074925566092133522033691406250000000
150599.9449872526456601917743682861328125000000
-112139.7405158563924487680196762084960937500000
-78499.9288317363389069214463233947753906250000
491512.2670057068462483584880828857421875000000
-95044.8539560927893035113811492919921875000000
334747.4113958385423757135868072509765625000000
-131534.6914601328608114272356033325195312500000
47337.4267577541395439766347408294677734375000
-62642.9218982928505283780395984649658203125000
43484.2229462312752730213105678558349609375000
74174.8838178410223918035626411437988281250000
59972.1653560524428030475974082946777343750000
42953.8002241823778604157269001007080078125000
-105994.6404161626851418986916542053222656250000
269187.7114182043005712330341339111328125000000
-304039.8153952190186828374862670898437500000000
-6488.8041799698758040904067456722259521484375
128380.5215220956160919740796089172363281250000
102069.1974444077204680070281028747558593750000
117316.8194523712736554443836212158203125000000
165410.4053689825232140719890594482421875000000
245560.3781981866341084241867065429687500000000
-273865.9272771081305108964443206787109375000000
-126526.1781827449594857171177864074707031250000
-12366.3587827062128781108185648918151855468750
102731.1819591866660630330443382263183593750000
109324.1471132954611675813794136047363281250000
190418.5763572496653068810701370239257812500000
91904.2326048156392062082886695861816406250000
-125984.9977829622512217611074447631835937500000
272726.2030552945798262953758239746093750000000
216607.8270882430369965732097625732421875000000
217974.9742236927559133619070053100585937500000
-172566.3112512268126010894775390625000000000000
27319.3160295443121867720037698745727539062500
52925.6025669945811387151479721069335937500000
108291.5436687534966040402650833129882812500000
-361736.1890787514275871217250823974609375000000
-143703.0036191940598655492067337036132812500000
-309091.1976662560482509434223175048828125000000
-139986.1320723056269343942403793334960937500000
112129.1527165277366293594241142272949218750000
-280531.4481674321577884256839752197265625000000
111472.7363260992424329742789268493652343750000
-88582.4859297309012617915868759155273437500000
92873.1079001769830938428640365600585937500000
-161324.4157073953538201749324798583984375000000
-26950.7734445039714046288281679153442382812500
-80004.7624574083456536754965782165527343750000
32050.5345167421364749316126108169555664062500
-168791.7707010507583618164062500000000000000000
150592.2589502984774298965930938720703125000000
-159298.5045920949196442961692810058593750000000
100977.7246436540590366348624229431152343750000
204758.0565403340151533484458923339843750000000
-294326.1314201990608125925064086914062500000000
223839.4334282081108540296554565429687500000000
-210034.2565207269217353314161300659179687500000
32553.4020322254727943800389766693115234375000
203966.8715970504272263497114181518554687500000
123058.2913026578025892376899719238281250000000
405205.1744272842770442366600036621093750000000
-129080.5309011783829191699624061584472656250000
263212.4052744513028301298618316650390625000000
-18571.0296186659979866817593574523925781250000
-288625.3153784255264326930046081542968750000000
-331576.4444703856715932488441467285156250000000
84202.4340367468394106253981590270996093750000
17587.9903443272378353867679834365844726562500
81114.4355058185319649055600166320800781250000
19885.8816645566403167322278022766113281250000
-106510.7495945390255656093358993530273437500000
223810.9294329899130389094352722167968750000000
-158328.3497691040975041687488555908203125000000
181445.5130547762091737240552902221679687500000
217337.4524349181156139820814132690429687500000
-32598.3555334470402158331125974655151367187500
164481.9533416121848858892917633056640625000000
-85015.6564263863256201148033142089843750000000
255971.0322298383398447185754776000976562500000
-148228.9962642286263871937990188598632812500000
154833.0672121669631451368331909179687500000000
95359.6238873855036217719316482543945312500000
-136847.7882247967936564236879348754882812500000
-69194.8155593308329116553068161010742187500000
30646.3130658252230205107480287551879882812500
6650.3859956653031986206769943237304687500000
-139612.1836331430531572550535202026367187500000
-167449.1229535583406686782836914062500000000000
70523.3901412222330691292881965637207031250000
133911.1855164535518269985914230346679687500000
27456.8674184772025910206139087677001953125000
-59773.6227461223897989839315414428710937500000
22941.9294302865200734231621026992797851562500
43875.8111456751503283157944679260253906250000
156032.3594075731816701591014862060546875000000
78658.0415860633511329069733619689941406250000
-95925.3458308214467251673340797424316406250000
-56125.8354806319694034755229949951171875000000
144480.8449381074169650673866271972656250000000
-149471.7220645167690236121416091918945312500000
323969.4615198003593832254409790039062500000000
-246877.8743320904322899878025054931640625000000
-269760.5367668031831271946430206298828125000000
56193.8962252706041908822953701019287109375000
-33446.5201239707675995305180549621582031250000
-14767.9580980650171113666146993637084960937500
-213794.4700494799762964248657226562500000000000
-39989.7455674596785684116184711456298828125000
152221.5999247654108330607414245605468750000000
7498.1333785101551256957463920116424560546875
85835.3439571711205644533038139343261718750000
250955.8801169777580071240663528442382812500000
-80864.8540347244706936180591583251953125000000
38284.3499025096607510931789875030517578125000
199693.0656573492451570928096771240234375000000
-118339.7806702527595916762948036193847656250000
147699.9751673570717684924602508544921875000000
-103175.6258656587306177243590354919433593750000
-194214.0639474919007625430822372436523437500000
108689.8727555091900285333395004272460937500000
89729.7649080619448795914649963378906250000000
-98577.3607940749789122492074966430664062500000
27324.6880513504220289178192615509033203125000
-224984.8128247690037824213504791259765625000000
65185.9078516588633647188544273376464843750000
70232.7139256813097745180130004882812500000000
-45226.1151597260686685331165790557861328125000
227422.1317985728092025965452194213867187500000
-77112.1129478631773963570594787597656250000000
67342.2654731282382272183895111083984375000000
-74393.5289501723891589790582656860351562500000
-117672.2626692710909992456436157226562500000000
220997.1818804331996943801641464233398437500000
268887.9211928352597169578075408935546875000000
-159227.7513718287227675318717956542968750000000
-363533.6017689091968350112438201904296875000000
204693.5233758638787548989057540893554687500000
42720.1601286868753959424793720245361328125000
-56278.7756762326753232628107070922851562500000
-133270.4624840871547348797321319580078125000000
126181.1880321383505361154675483703613281250000
90475.7745332481863442808389663696289062500000
-138281.7517945764993783086538314819335937500000
99110.2077017482806695625185966491699218750000
-100298.0882017027324764057993888854980468750000
-127631.3976756817573914304375648498535156250000
-34338.5999758439138531684875488281250000000000
