0.5440640217811240075818091099790763109922
-55.0230976462664997939100430812686681747437
1461.6488824713728718052152544260025024414062
-16510.4655534993144101463258266448974609375000
92651.5637111267278669402003288269042968750000
-267481.3059552920749410986900329589843750000000
410106.2978578471811488270759582519531250000000
-711011.2164042479125782847404479980468750000000
2531437.3874752735719084739685058593750000000000
-5081735.7356922607868909835815429687500000000000
2909688.0850417003966867923736572265625000000000
2077404.0503988652490079402923583984375000000000
-1123287.2223332442808896303176879882812500000000
367123.3912193938740529119968414306640625000000
-214744.1171041558554861694574356079101562500000
-6880253.1353197060525417327880859375000000000000
1396580.5027935127727687358856201171875000000000
3794004.0641795778647065162658691406250000000000
6609852.4514521481469273567199707031250000000000
2564730.8872138229198753833770751953125000000000
115107.1960981277516111731529235839843750000000
-10920674.5369363110512495040893554687500000000000
-4321200.2206851327791810035705566406250000000000
-12721113.5314089190214872360229492187500000000000
10198488.0924396961927413940429687500000000000000
16403497.0852518677711486816406250000000000000000
3394653.5285228393040597438812255859375000000000
4253872.1628332985565066337585449218750000000000
-12220376.3941923268139362335205078125000000000000
-8166460.3598760794848203659057617187500000000000
4155095.1640015742741525173187255859375000000000
-10426878.6739024017006158828735351562500000000000
5608873.0483304215595126152038574218750000000000
9549471.2654311489313840866088867187500000000000
15441643.2363120093941688537597656250000000000000
-15638198.2393526658415794372558593750000000000000
2806057.5827080206945538520812988281250000000000
-7416065.5413265442475676536560058593750000000000
-9995765.2717196755111217498779296875000000000000
8433836.4695242010056972503662109375000000000000
3239092.6314365905709564685821533203125000000000
-14477831.6610259544104337692260742187500000000000
-5946315.6478170733898878097534179687500000000000
-6557491.1974002365022897720336914062500000000000
32490619.9618967063724994659423828125000000000000
12118709.6331588923931121826171875000000000000000
8366947.8903554519638419151306152343750000000000
-25108235.8397194594144821166992187500000000000000
21868317.5866161771118640899658203125000000000000
-9576569.0493964385241270065307617187500000000000
47430.8515295372708351351320743560791015625000
-18230311.5173334665596485137939453125000000000000
15150611.9783076588064432144165039062500000000000
1249932.6409682424273341894149780273437500000000
-510324.7609755962621420621871948242187500000000
-5627585.0108435805886983871459960937500000000000
-23079898.5761937834322452545166015625000000000000
-40487179.5657846555113792419433593750000000000000
25266833.2143230997025966644287109375000000000000
14083496.7001469135284423828125000000000000000000
7879544.2038329420611262321472167968750000000000
-1738781.8479920073878020048141479492187500000000
-9942724.1274385955184698104858398437500000000000
12243800.0719806682318449020385742187500000000000
-39259931.3600439056754112243652343750000000000000
36534755.1971987113356590270996093750000000000000
65143977.8913740441203117370605468750000000000000
36735880.9124921038746833801269531250000000000000
12008921.8931064009666442871093750000000000000000
-38546102.4988614544272422790527343750000000000000
-13200804.8543865159153938293457031250000000000000
-79756836.7682303786277770996093750000000000000000
7807762.8135323449969291687011718750000000000000
-16611413.5577871594578027725219726562500000000000
-13354141.6870019119232892990112304687500000000000
-449848.3308680940535850822925567626953125000000
6817.3239745328210119623690843582153320312500
4347338.4186915894970297813415527343750000000000
15777414.3120133299380540847778320312500000000000
47000352.3051926195621490478515625000000000000000
37301350.4603543877601623535156250000000000000000
63807248.9447217658162117004394531250000000000000
-5918338.5796945365145802497863769531250000000000
15506328.2361931502819061279296875000000000000000
-92706521.0786143094301223754882812500000000000000
-70638118.7936443984508514404296875000000000000000
-22687523.9666986763477325439453125000000000000000
-1253033.7139723442960530519485473632812500000000
69627569.8539950996637344360351562500000000000000
-25295956.1732401810586452484130859375000000000000
-61423953.0191557481884956359863281250000000000000
-35027441.0066555067896842956542968750000000000000
47537839.7468614056706428527832031250000000000000
-28533146.6962608769536018371582031250000000000000
51353960.9835478663444519042968750000000000000000
36420972.9595041945576667785644531250000000000000
-48045046.2113301455974578857421875000000000000000
-33888818.6633584573864936828613281250000000000000
120063542.7675891965627670288085937500000000000000
47189665.0720202401280403137207031250000000000000
68818812.7189256697893142700195312500000000000000
-23039784.0686419531702995300292968750000000000000
-99468506.3203931003808975219726562500000000000000
-60414363.4016291275620460510253906250000000000000
11193956.7150402180850505828857421875000000000000
10049538.3904786948114633560180664062500000000000
27238839.5602269954979419708251953125000000000000
-6707337.8459206530824303627014160156250000000000
46092032.1016925126314163208007812500000000000000
19608409.5107222683727741241455078125000000000000
24816803.9844931736588478088378906250000000000000
-9929488.5601555015891790390014648437500000000000
45390733.8090712577104568481445312500000000000000
-44826952.8183384314179420471191406250000000000000
-16441446.0311028081923723220825195312500000000000
-81029629.8189607709646224975585937500000000000000
2655930.7043603560887277126312255859375000000000
18702683.4124686904251575469970703125000000000000
-41363601.1852501556277275085449218750000000000000
-8912554.6099798996001482009887695312500000000000
-90859529.9354469031095504760742187500000000000000
2715938.9227853408083319664001464843750000000000
23642929.1283822394907474517822265625000000000000
14047238.6365647520869970321655273437500000000000
-21246678.3138453736901283264160156250000000000000
100310241.4463122040033340454101562500000000000000
13918283.5100039094686508178710937500000000000000
91974193.2426260858774185180664062500000000000000
43021669.7151463925838470458984375000000000000000
-46696788.9153273478150367736816406250000000000000
-133599655.7308783233165740966796875000000000000000
-3130243.8843465489335358142852783203125000000000
-10592295.2584633640944957733154296875000000000000
30092721.6402217224240303039550781250000000000000
44195515.9296998307108879089355468750000000000000
-17163775.5111943632364273071289062500000000000000
-4406231.8529541967436671257019042968750000000000
54921044.7210806012153625488281250000000000000000
-108687083.1952600777149200439453125000000000000000
43067711.9051303043961524963378906250000000000000
-13322662.4317509382963180541992187500000000000000
8774669.9353446476161479949951171875000000000000
-160657877.2754231989383697509765625000000000000000
-44248239.8560536280274391174316406250000000000000
79313546.9107707887887954711914062500000000000000
84874554.0408421903848648071289062500000000000000
24265842.8714801631867885589599609375000000000000
37378390.9394085556268692016601562500000000000000
89929111.1735690385103225708007812500000000000000
-48878103.5909760072827339172363281250000000000000
33510443.7739781886339187622070312500000000000000
-62070570.3581442385911941528320312500000000000000
80886933.2973050028085708618164062500000000000000
-81187505.2758824229240417480468750000000000000000
-30087189.1905326880514621734619140625000000000000
21556611.5375901646912097930908203125000000000000
-69202628.4174175262451171875000000000000000000000
136143067.3358623981475830078125000000000000000000
112637363.9225855022668838500976562500000000000000
-26966606.2620775029063224792480468750000000000000
-93019226.5771989226341247558593750000000000000000
-109933047.9172911792993545532226562500000000000000
-11401462.7487514801323413848876953125000000000000
60811723.0027791559696197509765625000000000000000
-33183253.7221896909177303314208984375000000000000
18981702.3406857512891292572021484375000000000000
-8225140.2510328795760869979858398437500000000000
-15862180.3020707108080387115478515625000000000000
169541618.9022417366504669189453125000000000000000
31785382.8611753582954406738281250000000000000000
1792049.2504726191982626914978027343750000000000
135720950.6980946362018585205078125000000000000000
-34602726.1633592098951339721679687500000000000000
-27372554.2860605381429195404052734375000000000000
15590221.7125263363122940063476562500000000000000
-44014014.9845968112349510192871093750000000000000
-485568.7993982919724658131599426269531250000000
-135809316.6682462692260742187500000000000000000000
-52159836.9180502966046333312988281250000000000000
-38736014.6090126708149909973144531250000000000000
1558698.3528863524552434682846069335937500000000
-93937617.9074966162443161010742187500000000000000
-111679853.8864507973194122314453125000000000000000
20960516.7507065348327159881591796875000000000000
22766904.9913501776754856109619140625000000000000
-62870859.4111172705888748168945312500000000000000
-50737480.5441199839115142822265625000000000000000
20124327.1619053035974502563476562500000000000000
-19033026.4494473077356815338134765625000000000000
14163018.0991240143775939941406250000000000000000
53680972.2779029160737991333007812500000000000000
-42309509.2406436279416084289550781250000000000000
43587280.2502562776207923889160156250000000000000
-55152735.2701659128069877624511718750000000000000
-41875199.8556265607476234436035156250000000000000
11624282.6545157786458730697631835937500000000000
110904088.6508302390575408935546875000000000000000
80709477.9919017702341079711914062500000000000000
162307078.8910097479820251464843750000000000000000
34847434.4436711370944976806640625000000000000000
4260416.1374276960268616676330566406250000000000
94335404.5845274180173873901367187500000000000000
-85181328.4703593105077743530273437500000000000000
47536360.1042112410068511962890625000000000000000
75123527.7725618928670883178710937500000000000000
-20737681.8620443642139434814453125000000000000000
-138547404.6334151327610015869140625000000000000000
-71401641.0253252983093261718750000000000000000000
86166265.0658853948116302490234375000000000000000
-15724147.5120972860604524612426757812500000000000
135809169.3690992295742034912109375000000000000000
-32037722.9519014805555343627929687500000000000000
-39551817.9695618748664855957031250000000000000000
2301522.9836362972855567932128906250000000000000
-36884342.7485351189970970153808593750000000000000
22851412.6518706977367401123046875000000000000000
-3108567.8535416689701378345489501953125000000000
-96431353.2384845614433288574218750000000000000000
-36807356.8026805147528648376464843750000000000000
17099706.4593283571302890777587890625000000000000
-24177422.1602004691958427429199218750000000000000
88774341.5562974512577056884765625000000000000000
-12992870.6450846493244171142578125000000000000000
-62448890.1616527661681175231933593750000000000000
-35815016.0775040611624717712402343750000000000000
75685989.2990130037069320678710937500000000000000
54329796.0146950185298919677734375000000000000000
-70743557.9984356313943862915039062500000000000000
19805409.5113219842314720153808593750000000000000
-28981546.5318836756050586700439453125000000000000
-48144319.0921470597386360168457031250000000000000
-100749242.7887481749057769775390625000000000000000
87947480.7191223651170730590820312500000000000000
-2361403.4723514970391988754272460937500000000000
82079556.7993454784154891967773437500000000000000
-47281030.0804443135857582092285156250000000000000
135258.3891259187657851725816726684570312500000
-6650175.3793245656415820121765136718750000000000
69917176.9878987371921539306640625000000000000000
60649225.4256650134921073913574218750000000000000
35852048.5339211598038673400878906250000000000000
-35757960.0046631693840026855468750000000000000000
-24341952.2560430504381656646728515625000000000000
-19798909.3325985819101333618164062500000000000000
-23105318.4588750116527080535888671875000000000000
-83088877.3193080574274063110351562500000000000000
-13964050.3067709747701883316040039062500000000000
-21703993.4157773964107036590576171875000000000000
101929423.4924822449684143066406250000000000000000
112200673.4660401344299316406250000000000000000000
46187140.1372489184141159057617187500000000000000
4831461.6103395866230130195617675781250000000000
-10085755.5085826516151428222656250000000000000000
42614770.3037776499986648559570312500000000000000
-82653031.5184494107961654663085937500000000000000
-43469859.8430804014205932617187500000000000000000
-9907608.4958416428416967391967773437500000000000
-59609166.9233957752585411071777343750000000000000
-75442361.3515732884407043457031250000000000000000
56619120.0809332430362701416015625000000000000000
19695698.0434873960912227630615234375000000000000
45981266.3638721480965614318847656250000000000000
-105133205.6628511399030685424804687500000000000000
-7793566.3667802279815077781677246093750000000000
-62817488.9601959139108657836914062500000000000000
41894227.0469418913125991821289062500000000000000
-45060748.7341901510953903198242187500000000000000
-295498.3797516620252281427383422851562500000000
12110245.8023404628038406372070312500000000000000
-56550930.7130848914384841918945312500000000000000
-28402251.5928151533007621765136718750000000000000
49207313.3118387833237648010253906250000000000000
-48583318.3426971137523651123046875000000000000000
51973141.2633041590452194213867187500000000000000
-110608335.1100045740604400634765625000000000000000
-42273716.3263571411371231079101562500000000000000
83937908.6690150350332260131835937500000000000000
67450971.7625627666711807250976562500000000000000
51483329.9799974337220191955566406250000000000000
77235077.6773017048835754394531250000000000000000
-15461093.3580973893404006958007812500000000000000
-71590931.4030924439430236816406250000000000000000
-41959641.6349209994077682495117187500000000000000
-4525806.9104668749496340751647949218750000000000
80341381.4110098779201507568359375000000000000000
4528956.6270535625517368316650390625000000000000
129276751.7643337845802307128906250000000000000000
-9551201.4699568729847669601440429687500000000000
1865739.8487039532046765089035034179687500000000
82358469.6981216520071029663085937500000000000000
27810124.3227123878896236419677734375000000000000
24507520.3920846134424209594726562500000000000000
-56202890.8095386400818824768066406250000000000000
-119387802.3752048909664154052734375000000000000000
-62319783.5425908565521240234375000000000000000000
45697155.6420562714338302612304687500000000000000
17829867.4668297991156578063964843750000000000000
-34787469.2989348620176315307617187500000000000000
-60866354.2030740603804588317871093750000000000000
22766599.8230724111199378967285156250000000000000
89381413.8399719744920730590820312500000000000000
-22295808.1285338923335075378417968750000000000000
5399119.4526759628206491470336914062500000000000
23025232.2548238821327686309814453125000000000000
51479129.7067901045083999633789062500000000000000
65376548.5414672568440437316894531250000000000000
-119715836.9993744045495986938476562500000000000000
-55260698.1212823092937469482421875000000000000000
-1510448.2615252276882529258728027343750000000000
12297757.8172575589269399642944335937500000000000
43265954.5708741247653961181640625000000000000000
-26739035.7824445255100727081298828125000000000000
-63456560.7192290797829627990722656250000000000000
57752219.7620856240391731262207031250000000000000
114669932.3809735178947448730468750000000000000000
4135579.5378122171387076377868652343750000000000
85895739.0060524344444274902343750000000000000000
-17430003.0365908481180667877197265625000000000000
41764670.7109907642006874084472656250000000000000
-51136593.6901627779006958007812500000000000000000
-7492672.5134307770058512687683105468750000000000
-30217781.3959526680409908294677734375000000000000
-1536367.2981739435344934463500976562500000000000
15680933.3071326743811368942260742187500000000000
30500319.5929536223411560058593750000000000000000
-17794374.5084962919354438781738281250000000000000
-44192720.6639833226799964904785156250000000000000
-79106851.0953430682420730590820312500000000000000
-39262838.3712180182337760925292968750000000000000
46550468.6896572113037109375000000000000000000000
46385769.5004601255059242248535156250000000000000
-103159060.8853394538164138793945312500000000000000
24136711.6029767692089080810546875000000000000000
4802144.2656738571822643280029296875000000000000
28256904.5963553674519062042236328125000000000000
-43668534.9704488962888717651367187500000000000000
-127867812.0970633774995803833007812500000000000000
7621395.7937361737713217735290527343750000000000
42113775.9290335103869438171386718750000000000000
-43873188.4403058066964149475097656250000000000000
-34466588.6042704954743385314941406250000000000000
63947104.6192255467176437377929687500000000000000
-34751781.9166944250464439392089843750000000000000
-34818612.9964393451809883117675781250000000000000
-40515077.3518697991967201232910156250000000000000
9683364.4652725718915462493896484375000000000000
-1889035.7567787691950798034667968750000000000000
-7261335.7813001926988363265991210937500000000000
70349316.1751002371311187744140625000000000000000
35874692.3028157651424407958984375000000000000000
-15181952.2655424755066633224487304687500000000000
5366975.3895777547731995582580566406250000000000
-34072278.5348154082894325256347656250000000000000
-38057431.0497722625732421875000000000000000000000
29230836.0451823435723781585693359375000000000000
45898331.3828401118516921997070312500000000000000
-10350140.8797544650733470916748046875000000000000
-59005226.0197884142398834228515625000000000000000
12489173.8268186654895544052124023437500000000000
88427320.9135562628507614135742187500000000000000
-14659797.7211807034909725189208984375000000000000
53525437.3933408558368682861328125000000000000000
-42229591.1791253164410591125488281250000000000000
11438327.1026546098291873931884765625000000000000
69502338.1612605899572372436523437500000000000000
60922390.5569457709789276123046875000000000000000
-90233267.5172360241413116455078125000000000000000
95253525.4262574166059494018554687500000000000000
62769603.1860977858304977416992187500000000000000
66106558.9405455216765403747558593750000000000000
-63187186.6949021294713020324707031250000000000000
-53654486.9163042902946472167968750000000000000000
5766566.7582549937069416046142578125000000000000
20344282.9136589616537094116210937500000000000000
-57663690.3951897397637367248535156250000000000000
14329057.5697128511965274810791015625000000000000
-6837840.7546801185235381126403808593750000000000
6954366.6339012011885643005371093750000000000000
-37179456.6277042925357818603515625000000000000000
-31919037.6429158933460712432861328125000000000000
33093808.0815694481134414672851562500000000000000
-51287342.2040304988622665405273437500000000000000
-18519122.8733675330877304077148437500000000000000
29273004.8524202927947044372558593750000000000000
28360786.9276117011904716491699218750000000000000
-44473794.0651379153132438659667968750000000000000
19738840.5858553797006607055664062500000000000000
45785451.0499181151390075683593750000000000000000
56447246.0361534059047698974609375000000000000000
-1495487.6054735206998884677886962890625000000000
-131522140.4265140444040298461914062500000000000000
-60178399.8916546180844306945800781250000000000000
36745139.0963600650429725646972656250000000000000
-15401070.6537055317312479019165039062500000000000
34312610.4038338735699653625488281250000000000000
47631793.4786739498376846313476562500000000000000
108021846.2465805262327194213867187500000000000000
-47409739.1403321847319602966308593750000000000000
-88335635.3827630877494812011718750000000000000000
-9219548.6502545624971389770507812500000000000000
1328640.2479435384739190340042114257812500000000
-42989471.3487171456217765808105468750000000000000
-26191047.8899510689079761505126953125000000000000
-24867023.4846463315188884735107421875000000000000
48759241.3716638460755348205566406250000000000000
-32767250.2727682702243328094482421875000000000000
28914278.6555436700582504272460937500000000000000
30366217.4203202240169048309326171875000000000000
-15175048.1318729445338249206542968750000000000000
-1148128.3130527616012841463088989257812500000000
31810689.7220033966004848480224609375000000000000
27417154.2491986453533172607421875000000000000000
68646667.9127763807773590087890625000000000000000
-28810544.6984119899570941925048828125000000000000
-2439665.7537621059454977512359619140625000000000
-41199741.5074125155806541442871093750000000000000
25207087.1409057900309562683105468750000000000000
-14236435.8746823966503143310546875000000000000000
15553477.4067836850881576538085937500000000000000
45193338.5723476037383079528808593750000000000000
-46417427.1333454847335815429687500000000000000000
9369399.2981069982051849365234375000000000000000
-64206518.8254055231809616088867187500000000000000
67914071.9040084928274154663085937500000000000000
30852726.3250839486718177795410156250000000000000
-74160757.2602635622024536132812500000000000000000
-49628502.4073362722992897033691406250000000000000
46167887.0213854759931564331054687500000000000000
-959576.6121164164505898952484130859375000000000
-57524103.9463359862565994262695312500000000000000
-4529572.8202973464503884315490722656250000000000
-26534031.3007434755563735961914062500000000000000
-12891317.5299984607845544815063476562500000000000
33309073.2598418705165386199951171875000000000000
83175215.1746871322393417358398437500000000000000
568256.6989546299446374177932739257812500000000
1721320.0551474133972078561782836914062500000000
61919480.7971538752317428588867187500000000000000
26346327.5782872922718524932861328125000000000000
-9740011.8007888756692409515380859375000000000000
13510462.4661459308117628097534179687500000000000
-26910769.7218659594655036926269531250000000000000
3921305.7321208324283361434936523437500000000000
23861188.5658815577626228332519531250000000000000
-38187797.3508927226066589355468750000000000000000
-21943201.3869104199111461639404296875000000000000
-34009198.3355028778314590454101562500000000000000
-72109563.8758531957864761352539062500000000000000
34277420.3712144121527671813964843750000000000000
-6448924.8539873221889138221740722656250000000000
-22224614.4467514269053936004638671875000000000000
769345.0725666754879057407379150390625000000000
27964187.1153302118182182312011718750000000000000
15469086.4043259359896183013916015625000000000000
17343049.6853305138647556304931640625000000000000
-49817120.4016800597310066223144531250000000000000
42669351.7843132987618446350097656250000000000000
-2284101.8591948151588439941406250000000000000000
1389229.2669256571680307388305664062500000000000
-57453019.4531454369425773620605468750000000000000
-45710215.6678112223744392395019531250000000000000
-12437481.9901353567838668823242187500000000000000
24017867.2913504019379615783691406250000000000000
32169096.0717040076851844787597656250000000000000
25899017.3415004499256610870361328125000000000000
26091720.0801613926887512207031250000000000000000
41374197.0887903347611427307128906250000000000000
-11197189.5779897775501012802124023437500000000000
17535564.2200005799531936645507812500000000000000
-14062150.2301236148923635482788085937500000000000
34408695.7781843692064285278320312500000000000000
-26080987.0823994316160678863525390625000000000000
25099198.9526723995804786682128906250000000000000
-21127582.7798672690987586975097656250000000000000
-25012041.9623189978301525115966796875000000000000
-11557788.3586952462792396545410156250000000000000
