0.6022621684058783175785833918780554085970
-67.1418420205324224525611498393118381500244
2021.0336502235784337244695052504539489746094
-26696.2130848897977557498961687088012695312500
181991.6392651430214755237102508544921875000000
-658824.5906469207257032394409179687500000000000
1072370.3806965067051351070404052734375000000000
297507.4939470786484889686107635498046875000000
-3606732.0290538677945733070373535156250000000000
3697928.7488094619475305080413818359375000000000
1015390.6187852271832525730133056640625000000000
-1579723.9339806332718580961227416992187500000000
-1788199.1283622053451836109161376953125000000000
-70874.8924372745386790484189987182617187500000
930716.8498009080067276954650878906250000000000
535691.8109524527098983526229858398437500000000
660304.8901099496288225054740905761718750000000
763709.0572730349376797676086425781250000000000
3169745.8501577894203364849090576171875000000000
-4891383.1487050568684935569763183593750000000000
-2142882.9848604965955018997192382812500000000000
-2200197.7956679072231054306030273437500000000000
3340135.5342925731092691421508789062500000000000
1676451.5978198384400457143783569335937500000000
-1776249.4190489596221596002578735351562500000000
2986912.0710592507384717464447021484375000000000
-777361.6120360982604324817657470703125000000000
970000.2037857103860005736351013183593750000000
3134445.5265840580686926841735839843750000000000
-5791757.5024670995771884918212890625000000000000
2755742.0490912776440382003784179687500000000000
-1104685.8454561403486877679824829101562500000000
-1209656.6820762061979621648788452148437500000000
263337.5704981950111687183380126953125000000000
-2354836.2397709623910486698150634765625000000000
-5438440.6316587124019861221313476562500000000000
3492506.3643224313855171203613281250000000000000
10281447.8770967181771993637084960937500000000000
647221.4213807068299502134323120117187500000000
-6919964.3600334310904145240783691406250000000000
-3510729.6724346615374088287353515625000000000000
-483051.5555082891369238495826721191406250000000
1334024.4023339881096035242080688476562500000000
-1913232.9003764088265597820281982421875000000000
2375057.0362120913341641426086425781250000000000
4812257.6609671572223305702209472656250000000000
1283639.7636047487612813711166381835937500000000
3194230.4562687147408723831176757812500000000000
-3404966.9928219481371343135833740234375000000000
8533529.1640417724847793579101562500000000000000
-403823.0259411756414920091629028320312500000000
-16443858.4715735577046871185302734375000000000000
5014727.6751371854916214942932128906250000000000
14023960.5441957414150238037109375000000000000000
-12094437.8099788967519998550415039062500000000000
4030484.1648196792230010032653808593750000000000
9719482.2747872509062290191650390625000000000000
-15522106.9229359515011310577392578125000000000000
-3676478.4422342390753328800201416015625000000000
-49900103.7007240727543830871582031250000000000000
16744156.4218244887888431549072265625000000000000
47914101.0069723576307296752929687500000000000000
-16917811.7196461930871009826660156250000000000000
-456475.5199666413245722651481628417968750000000
6170749.1413607867434620857238769531250000000000
-37344115.8144938051700592041015625000000000000000
-11338974.2706371154636144638061523437500000000000
19826836.1404278576374053955078125000000000000000
48109879.5405777692794799804687500000000000000000
-950636.4016915004467591643333435058593750000000
22899556.7969537973403930664062500000000000000000
10265534.4905291348695755004882812500000000000000
-18590238.1087596267461776733398437500000000000000
5620103.6977753946557641029357910156250000000000
20297588.8981915973126888275146484375000000000000
-10518935.8025852106511592864990234375000000000000
-32549776.9636589139699935913085937500000000000000
-12690362.7619541343301534652709960937500000000000
41613166.0399530604481697082519531250000000000000
-49178890.1620457470417022705078125000000000000000
-27635682.7074226401746273040771484375000000000000
36171458.5962487608194351196289062500000000000000
-19755036.2134191431105136871337890625000000000000
-38722306.5815132334828376770019531250000000000000
25543740.6295206137001514434814453125000000000000
-16160547.2370546702295541763305664062500000000000
-6433935.4754611952230334281921386718750000000000
-39513456.3907980918884277343750000000000000000000
32311807.1102645657956600189208984375000000000000
-14848738.8244122304022312164306640625000000000000
2282319.0834084125235676765441894531250000000000
63731740.0366745442152023315429687500000000000000
8328427.6673831222578883171081542968750000000000
14289152.7075189165771007537841796875000000000000
-19419026.9860627874732017517089843750000000000000
29782810.1459355764091014862060546875000000000000
46367540.1012794598937034606933593750000000000000
8235354.7734777331352233886718750000000000000000
-13558388.7170668672770261764526367187500000000000
-45403589.7460956051945686340332031250000000000000
72533826.7579479068517684936523437500000000000000
-39736324.2199163511395454406738281250000000000000
-26483719.8030570074915885925292968750000000000000
8794136.2564290445297956466674804687500000000000
23262234.9302410110831260681152343750000000000000
-50863239.9376170784235000610351562500000000000000
34651131.9726341739296913146972656250000000000000
-98867781.6132070720195770263671875000000000000000
38496980.1410698741674423217773437500000000000000
12225657.3749847225844860076904296875000000000000
-46259475.5994642227888107299804687500000000000000
3028685.8040304947644472122192382812500000000000
-1650143.1073768327478319406509399414062500000000
48585283.6506913453340530395507812500000000000000
-26746675.5490580610930919647216796875000000000000
62815212.7630638778209686279296875000000000000000
13993186.6005486324429512023925781250000000000000
-10915998.3924192357808351516723632812500000000000
-4850485.2457046043127775192260742187500000000000
14007063.5735877752304077148437500000000000000000
-59973320.7122726812958717346191406250000000000000
-32969351.5011894889175891876220703125000000000000
31871118.2834792323410511016845703125000000000000
-41026033.6489946320652961730957031250000000000000
-20276471.2795390971004962921142578125000000000000
50186512.8305267468094825744628906250000000000000
-12408042.9686875622719526290893554687500000000000
-10540954.7212496232241392135620117187500000000000
-777386.6416177239734679460525512695312500000000
13643162.6348445583134889602661132812500000000000
127221625.5881983488798141479492187500000000000000
-86951950.0969596058130264282226562500000000000000
-103056721.3314067870378494262695312500000000000000
-44998014.6872208714485168457031250000000000000000
62373462.1074968501925468444824218750000000000000
-6212640.0120153585448861122131347656250000000000
-26112737.4361572526395320892333984375000000000000
21064536.6583767272531986236572265625000000000000
101146588.3004833906888961791992187500000000000000
9349543.8109252825379371643066406250000000000000
52402451.5318265557289123535156250000000000000000
-16698970.5129003450274467468261718750000000000000
30262104.3330950550734996795654296875000000000000
-21661218.5569017641246318817138671875000000000000
-3315930.5464454176835715770721435546875000000000
31693534.6159115172922611236572265625000000000000
5415875.2354254387319087982177734375000000000000
-432461.4412303123972378671169281005859375000000
-15337339.9300473127514123916625976562500000000000
-15648474.0744288712739944458007812500000000000000
2775624.7000699327327311038970947265625000000000
39440360.5087512284517288208007812500000000000000
62099680.7134632021188735961914062500000000000000
-127364423.4029265642166137695312500000000000000000
4657027.0708939041942358016967773437500000000000
-31400102.7647167928516864776611328125000000000000
3119416.1688617295585572719573974609375000000000
-47353431.4384724050760269165039062500000000000000
29270037.6576543487608432769775390625000000000000
41452401.0858173146843910217285156250000000000000
-44392745.3420852199196815490722656250000000000000
-7462113.3884392818436026573181152343750000000000
18811133.9427383653819561004638671875000000000000
-14890125.5139328259974718093872070312500000000000
21360029.8275481648743152618408203125000000000000
31150239.8889071568846702575683593750000000000000
-55768868.3893616572022438049316406250000000000000
7190882.9516743514686822891235351562500000000000
-16383796.3269927166402339935302734375000000000000
-14038276.2399546336382627487182617187500000000000
-43823628.0276194810867309570312500000000000000000
-35923006.1193464994430541992187500000000000000000
43192258.0665529668331146240234375000000000000000
-7342348.4463319964706897735595703125000000000000
78160018.1662165969610214233398437500000000000000
20208581.0551509596407413482666015625000000000000
-36755038.7565475329756736755371093750000000000000
-15848081.1825366877019405364990234375000000000000
-89820472.1164584755897521972656250000000000000000
9967227.8854065202176570892333984375000000000000
42788244.5596897676587104797363281250000000000000
-29458998.4983099512755870819091796875000000000000
-10577049.7247576043009757995605468750000000000000
15072319.0490248650312423706054687500000000000000
57191612.1369201168417930603027343750000000000000
-30126999.1625477783381938934326171875000000000000
-39862483.9091247394680976867675781250000000000000
26456141.7559587210416793823242187500000000000000
-10052134.1726828161627054214477539062500000000000
32763212.2836105637252330780029296875000000000000
-43141906.1903309226036071777343750000000000000000
65440574.8304349631071090698242187500000000000000
7745793.0506236152723431587219238281250000000000
19371885.0520216971635818481445312500000000000000
9996662.9789424445480108261108398437500000000000
35926401.6311260759830474853515625000000000000000
8749255.8033938333392143249511718750000000000000
-3319549.8796137515455484390258789062500000000000
-762618.4301878619007766246795654296875000000000
-31899054.8533169887959957122802734375000000000000
-13759274.3016373030841350555419921875000000000000
-3769791.3994501382112503051757812500000000000000
-37757000.5294236987829208374023437500000000000000
92418054.8383490592241287231445312500000000000000
2265444.1051872042007744312286376953125000000000
48850952.4510100409388542175292968750000000000000
21632106.1122491993010044097900390625000000000000
-6395377.5485693262889981269836425781250000000000
15047317.9395097736269235610961914062500000000000
-73548030.1601110994815826416015625000000000000000
19938821.9530129022896289825439453125000000000000
-22156359.0937620773911476135253906250000000000000
31424995.1121018230915069580078125000000000000000
-14215440.1738536916673183441162109375000000000000
-93639574.5235221534967422485351562500000000000000
49289482.6279752328991889953613281250000000000000
226077.7786123182158917188644409179687500000000
26393568.3348463028669357299804687500000000000000
-2556581.9449676745571196079254150390625000000000
-8828909.1427001748234033584594726562500000000000
-20781744.3933201208710670471191406250000000000000
-5284535.1351290261372923851013183593750000000000
-30538156.3394093923270702362060546875000000000000
-22304665.0047899037599563598632812500000000000000
38279609.0851444229483604431152343750000000000000
39240614.2311728596687316894531250000000000000000
11890354.3922218270599842071533203125000000000000
31301802.5614876821637153625488281250000000000000
4576263.9585218941792845726013183593750000000000
-58710838.6905678734183311462402343750000000000000
-21137202.5950725115835666656494140625000000000000
-4471354.3646517451852560043334960937500000000000
-20795692.1116550229489803314208984375000000000000
11026915.6527913995087146759033203125000000000000
45008403.6168232858180999755859375000000000000000
42934436.3638097792863845825195312500000000000000
17516728.1685126163065433502197265625000000000000
49336333.4578882008790969848632812500000000000000
-38372551.4943567737936973571777343750000000000000
20452432.7738092504441738128662109375000000000000
-6288063.6212602788582444190979003906250000000000
-33561453.1037106439471244812011718750000000000000
-11941128.4480559471994638442993164062500000000000
-91188675.6594829112291336059570312500000000000000
4541586.6667633466422557830810546875000000000000
13643360.3423001654446125030517578125000000000000
-79492914.8615784198045730590820312500000000000000
46190479.6814221367239952087402343750000000000000
3472084.5799654484726488590240478515625000000000
-21964515.2084392271935939788818359375000000000000
26672619.2026892378926277160644531250000000000000
-36836427.0443204492330551147460937500000000000000
69409816.9056237339973449707031250000000000000000
12626527.4397007413208484649658203125000000000000
-86143314.9330468624830245971679687500000000000000
23022060.6472533233463764190673828125000000000000
-54229952.5638911351561546325683593750000000000000
12183669.1065150871872901916503906250000000000000
-84918181.1482930481433868408203125000000000000000
-18097949.9154508747160434722900390625000000000000
-22839319.7476868852972984313964843750000000000000
-13004753.1565143354237079620361328125000000000000
-1015557.1732728807255625724792480468750000000000
84629571.5559169948101043701171875000000000000000
-10546427.2079362925142049789428710937500000000000
12259500.5959269907325506210327148437500000000000
-50344619.7050185427069664001464843750000000000000
34638736.3301443308591842651367187500000000000000
7324823.3902596561238169670104980468750000000000
-9121044.6814494188874959945678710937500000000000
18094573.1367156729102134704589843750000000000000
7985249.3218726161867380142211914062500000000000
-23935550.4157573208212852478027343750000000000000
12025209.0815980900079011917114257812500000000000
66815793.8434625342488288879394531250000000000000
8118480.0414087390527129173278808593750000000000
14383471.3008454889059066772460937500000000000000
651158.3329989594640210270881652832031250000000
-4544073.5969634084030985832214355468750000000000
30239472.2166086584329605102539062500000000000000
526882.7702599167823791503906250000000000000000
-25635698.7995181009173393249511718750000000000000
1452297.3367690960876643657684326171875000000000
1565044.0578646168578416109085083007812500000000
-40234505.6036155521869659423828125000000000000000
-46628343.9172846674919128417968750000000000000000
68618135.6583724468946456909179687500000000000000
55229480.9860537722706794738769531250000000000000
39568226.5287997275590896606445312500000000000000
32632670.4425455927848815917968750000000000000000
-6359202.6938573587685823440551757812500000000000
36013691.8452288582921028137207031250000000000000
64620635.9409802630543708801269531250000000000000
-7143827.3190641785040497779846191406250000000000
12835124.7625542581081390380859375000000000000000
884801.8572448784252628684043884277343750000000
-13386616.0696007497608661651611328125000000000000
-18730781.9526532441377639770507812500000000000000
-22018111.6808300353586673736572265625000000000000
-7243986.4823512593284249305725097656250000000000
44193702.4983840659260749816894531250000000000000
6924987.6518113110214471817016601562500000000000
-31863041.5367118343710899353027343750000000000000
18732573.4905178435146808624267578125000000000000
40399554.7237991169095039367675781250000000000000
14581295.4980778973549604415893554687500000000000
-40666861.8917245268821716308593750000000000000000
-56803649.6309696584939956665039062500000000000000
5929944.9652653606608510017395019531250000000000
16938132.3648056834936141967773437500000000000000
78348774.6293429136276245117187500000000000000000
13478378.4043504316359758377075195312500000000000
-69922725.9893174767494201660156250000000000000000
2776236.9124889913946390151977539062500000000000
-29194769.2608583793044090270996093750000000000000
15656883.0266847815364599227905273437500000000000
-51135988.1680978238582611083984375000000000000000
36697916.2337984591722488403320312500000000000000
-55474193.8379765227437019348144531250000000000000
-25570492.2178878262639045715332031250000000000000
-14404047.2560595218092203140258789062500000000000
-23996257.4888685159385204315185546875000000000000
-32161503.9101231470704078674316406250000000000000
40025006.9835762605071067810058593750000000000000
-53244172.9786686152219772338867187500000000000000
6742481.0930924620479345321655273437500000000000
16938895.1240288391709327697753906250000000000000
-66850661.7896072044968605041503906250000000000000
-1921652.5318276963662356138229370117187500000000
-31190024.7022410482168197631835937500000000000000
-29036809.9889495670795440673828125000000000000000
22039696.5403322502970695495605468750000000000000
21491300.2477956153452396392822265625000000000000
-11738698.1480892002582550048828125000000000000000
-38636317.3745183497667312622070312500000000000000
-5899028.1233419999480247497558593750000000000000
49638527.0354662463068962097167968750000000000000
61367582.0412923991680145263671875000000000000000
39350920.9875965937972068786621093750000000000000
665809.8661524654598906636238098144531250000000
2428979.1876125377602875232696533203125000000000
-34906518.8961812555789947509765625000000000000000
20848973.9876843541860580444335937500000000000000
-89639810.0408683568239212036132812500000000000000
17778591.9262325242161750793457031250000000000000
-7772781.6436533788219094276428222656250000000000
27296613.7426858693361282348632812500000000000000
-2596969.3703621719032526016235351562500000000000
53965802.0720900371670722961425781250000000000000
19880205.6907166019082069396972656250000000000000
-63386834.4430484995245933532714843750000000000000
-18837574.3999363817274570465087890625000000000000
57373692.7424815818667411804199218750000000000000
12314147.8853784520179033279418945312500000000000
-18444638.2581360638141632080078125000000000000000
12197902.7973584271967411041259765625000000000000
28341587.1459435969591140747070312500000000000000
-3302450.7383906920440495014190673828125000000000
-19527871.3902960307896137237548828125000000000000
-4542539.0704661216586828231811523437500000000000
-62222023.3404903858900070190429687500000000000000
22515187.7531188912689685821533203125000000000000
48327149.5811939612030982971191406250000000000000
-440100.9826867374358698725700378417968750000000
17176319.5450174659490585327148437500000000000000
-63341302.7979497835040092468261718750000000000000
39030972.0640409439802169799804687500000000000000
14360704.1211365647614002227783203125000000000000
83342637.5667910426855087280273437500000000000000
-21605309.4569682292640209197998046875000000000000
-59304894.5739892423152923583984375000000000000000
-5283939.2370117576792836189270019531250000000000
2266226.4817293058149516582489013671875000000000
-9899631.1934968139976263046264648437500000000000
11951669.8854748271405696868896484375000000000000
28974532.2661895640194416046142578125000000000000
36781644.1753583028912544250488281250000000000000
-20413559.0271042920649051666259765625000000000000
11198381.3766260761767625808715820312500000000000
-4933337.3786174664273858070373535156250000000000
-9208552.3973743151873350143432617187500000000000
4260923.2014850731939077377319335937500000000000
24086358.8362829983234405517578125000000000000000
-28827743.3593210279941558837890625000000000000000
7035700.8682751609012484550476074218750000000000
1150694.6102376144845038652420043945312500000000
-41602903.6701201722025871276855468750000000000000
-22900260.4688738100230693817138671875000000000000
-12016547.3863029256463050842285156250000000000000
-27561583.7600830495357513427734375000000000000000
34180010.8232417106628417968750000000000000000000
-96491262.7202388942241668701171875000000000000000
-41095011.4507193788886070251464843750000000000000
80013391.0694360733032226562500000000000000000000
18814976.4213770069181919097900390625000000000000
2861694.9437686577439308166503906250000000000000
55167292.2227878272533416748046875000000000000000
-40975165.3560364693403244018554687500000000000000
25807861.0138300918042659759521484375000000000000
1695684.5127278291620314121246337890625000000000
-1173853.5726764388382434844970703125000000000000
-4533480.8337446087971329689025878906250000000000
-45327519.0492436587810516357421875000000000000000
73593953.7446649521589279174804687500000000000000
-68752169.8416280597448348999023437500000000000000
35606817.9237586259841918945312500000000000000000
5902154.0691704209893941879272460937500000000000
25072220.6308876089751720428466796875000000000000
37821269.3284721076488494873046875000000000000000
9127392.8523930590599775314331054687500000000000
-16383850.4691417142748832702636718750000000000000
10421878.8880507852882146835327148437500000000000
-41225484.3138291761279106140136718750000000000000
-28275390.8296077400445938110351562500000000000000
17644191.4325455129146575927734375000000000000000
39941691.0622827932238578796386718750000000000000
14714920.6526044122874736785888671875000000000000
10552081.9089280720800161361694335937500000000000
34714011.6359677016735076904296875000000000000000
37058872.3802498430013656616210937500000000000000
-70438009.0034128725528717041015625000000000000000
-30911744.6852235794067382812500000000000000000000
7700050.5305496407672762870788574218750000000000
1122152.7606888308655470609664916992187500000000
-9559864.2815586961805820465087890625000000000000
20071222.6783248558640480041503906250000000000000
-36266415.9626950696110725402832031250000000000000
22713815.5081319138407707214355468750000000000000
-44563139.7631430923938751220703125000000000000000
56485351.3321725279092788696289062500000000000000
-22831631.5968506447970867156982421875000000000000
-60281598.4004224613308906555175781250000000000000
20170172.6368846371769905090332031250000000000000
-43356489.8276045247912406921386718750000000000000
54126501.9284133985638618469238281250000000000000
53832800.4914764836430549621582031250000000000000
47783896.4811394885182380676269531250000000000000
-43549045.7404647395014762878417968750000000000000
37834688.8799382373690605163574218750000000000000
-841736.4177030216669663786888122558593750000000
5987547.1465352652594447135925292968750000000000
-21144904.2950796112418174743652343750000000000000
-3014810.5845578582957386970520019531250000000000
-67677672.5729082673788070678710937500000000000000
18843561.0724581256508827209472656250000000000000
28590736.8666663654148578643798828125000000000000
2556443.5938140358775854110717773437500000000000
-19442855.5140847377479076385498046875000000000000
-10601129.0861203391104936599731445312500000000000
39583749.6422095298767089843750000000000000000000
-24061818.2885301113128662109375000000000000000000
-30259071.1328329816460609436035156250000000000000
-29946280.0414167493581771850585937500000000000000
-9539413.9601641036570072174072265625000000000000
14544148.3127139993011951446533203125000000000000
-20636585.7443976178765296936035156250000000000000
-66719333.2481180876493453979492187500000000000000
-7852285.9236179105937480926513671875000000000000
19641432.5103036984801292419433593750000000000000
40243179.4831168130040168762207031250000000000000
5650771.2315634572878479957580566406250000000000
17665044.4637016281485557556152343750000000000000
28562197.9104840271174907684326171875000000000000
-51234438.9392150789499282836914062500000000000000
-5100084.1650799000635743141174316406250000000000
18222406.6538530662655830383300781250000000000000
8881731.6191318742930889129638671875000000000000
-37315588.9568003341555595397949218750000000000000
-2792403.5418622596189379692077636718750000000000
51457959.4846290126442909240722656250000000000000
-15976099.6760140936821699142456054687500000000000
-30063449.3511548042297363281250000000000000000000
26797619.0774762295186519622802734375000000000000
48369433.6951699629426002502441406250000000000000
-11391742.5919917318969964981079101562500000000000
32815985.6318963654339313507080078125000000000000
-10068498.7744601406157016754150390625000000000000
15493578.5401102751493453979492187500000000000000
-8907631.7573602329939603805541992187500000000000
27922544.9358497560024261474609375000000000000000
-24634749.6817795038223266601562500000000000000000
-18059056.4734856933355331420898437500000000000000
-9282444.7862500399351119995117187500000000000000
-21375693.6045632250607013702392578125000000000000
-30647529.0466636084020137786865234375000000000000
-39085597.2939076051115989685058593750000000000000
5679639.0264327917248010635375976562500000000000
-19490470.0393340624868869781494140625000000000000
14022292.2974544912576675415039062500000000000000
43494269.1486970409750938415527343750000000000000
30763374.1869901381433010101318359375000000000000
45177215.3017176017165184020996093750000000000000
-17109879.6297451071441173553466796875000000000000
-1295544.5279395563993602991104125976562500000000
-4516134.7880897028371691703796386718750000000000
29737271.2568133510649204254150390625000000000000
44897486.9164888262748718261718750000000000000000
2347835.8997997627593576908111572265625000000000
-7271401.9331105379387736320495605468750000000000
-45197991.7938947826623916625976562500000000000000
-34905087.9441459253430366516113281250000000000000
