-0.1742997027969889478615783673376427032053
37.1526064451909192598577647004276514053345
-1505.0468315981040632323129102587699890136719
23618.3149687035656825173646211624145507812500
-180454.0349021063011605292558670043945312500000
717587.0742677347734570503234863281250000000000
-1358005.4721985131036490201950073242187500000000
397882.8043604553095065057277679443359375000000
2411800.9679469470866024494171142578125000000000
-2098084.1302438438870012760162353515625000000000
-2128750.3798044854775071144104003906250000000000
891649.3668825541390106081962585449218750000000
3802188.9141438454389572143554687500000000000000
-1688405.6088184486143290996551513671875000000000
1687309.9374012548942118883132934570312500000000
-6420784.7991406759247183799743652343750000000000
2975413.7206380884163081645965576171875000000000
4824195.2788180876523256301879882812500000000000
-6016389.1761739728972315788269042968750000000000
-2180291.6435425137169659137725830078125000000000
3517785.9292806447483599185943603515625000000000
10911318.2973142694681882858276367187500000000000
-12036313.0172334872186183929443359375000000000000
-490150.3249542653793469071388244628906250000000
-4567025.6946068415418267250061035156250000000000
10692625.9223838970065116882324218750000000000000
2990241.4360892702825367450714111328125000000000
-18426802.3763945847749710083007812500000000000000
20882726.4479874484241008758544921875000000000000
1132779.7475328680593520402908325195312500000000
-12987718.4047748818993568420410156250000000000000
2719985.3052857513539493083953857421875000000000
2664197.7497124248184263706207275390625000000000
-4061575.5091048688627779483795166015625000000000
-8180659.3786410652101039886474609375000000000000
-6812858.4734064210206270217895507812500000000000
612242.9147058747475966811180114746093750000000
21268533.3914274312555789947509765625000000000000
9128161.6038862057030200958251953125000000000000
-10393708.9692544694989919662475585937500000000000
-628170.4135656045982614159584045410156250000000
-8912057.9993988126516342163085937500000000000000
5066503.5536157842725515365600585937500000000000
-1600407.1954419787507504224777221679687500000000
10242778.5698783341795206069946289062500000000000
39428.3028888340704725123941898345947265625000
-2150777.9743749196641147136688232421875000000000
13721338.0043178778141736984252929687500000000000
2545628.8596036187373101711273193359375000000000
-14785604.1360740419477224349975585937500000000000
-27770845.8130972087383270263671875000000000000000
-6143362.5359772657975554466247558593750000000000
7976080.5603083474561572074890136718750000000000
27163171.8332467004656791687011718750000000000000
10328188.5290597546845674514770507812500000000000
-1901245.3014807549770921468734741210937500000000
-16188178.4658221155405044555664062500000000000000
-25600765.3362546190619468688964843750000000000000
38356812.6688013151288032531738281250000000000000
-13837027.1885656118392944335937500000000000000000
-202909.9525815470842644572257995605468750000000
-36818901.7574010938405990600585937500000000000000
-59416678.6983958333730697631835937500000000000000
42873667.1189100816845893859863281250000000000000
-51157342.2048608586192131042480468750000000000000
66118112.6338904649019241333007812500000000000000
14300502.0024422239512205123901367187500000000000
27999867.1245443187654018402099609375000000000000
5929567.5139702428132295608520507812500000000000
56456344.8968738839030265808105468750000000000000
28899907.0492162741720676422119140625000000000000
59407593.8288161084055900573730468750000000000000
-30927419.2280787527561187744140625000000000000000
-41596268.5290372595191001892089843750000000000000
51438266.6762140020728111267089843750000000000000
-43764782.6290744468569755554199218750000000000000
-93331582.5431091636419296264648437500000000000000
54379624.9637461900711059570312500000000000000000
-20734988.2984005548059940338134765625000000000000
-53483477.3907273337244987487792968750000000000000
-36772850.6552156731486320495605468750000000000000
71736052.4366027861833572387695312500000000000000
2796029.4914155784063041210174560546875000000000
-108152710.3045331984758377075195312500000000000000
-13541273.6411416810005903244018554687500000000000
-86161942.4157778173685073852539062500000000000000
100641907.8763635009527206420898437500000000000000
-9645512.6166330836713314056396484375000000000000
11251437.7479469310492277145385742187500000000000
900385.9036692738300189375877380371093750000000
-62044822.7095912322402000427246093750000000000000
97116676.1168733537197113037109375000000000000000
-14937407.8766469042748212814331054687500000000000
29171236.3254737630486488342285156250000000000000
25333508.4353880733251571655273437500000000000000
-83761155.9157270491123199462890625000000000000000
52510269.0543077811598777770996093750000000000000
18981435.6288039013743400573730468750000000000000
108094432.6949777156114578247070312500000000000000
-21924298.6681527197360992431640625000000000000000
-37622134.5263612493872642517089843750000000000000
34155272.9958961755037307739257812500000000000000
-7444021.0242171389982104301452636718750000000000
17798155.4633615054190158843994140625000000000000
43582598.4404238387942314147949218750000000000000
62612182.2989084869623184204101562500000000000000
21209338.6948296949267387390136718750000000000000
56783162.4857556670904159545898437500000000000000
41001819.6899173781275749206542968750000000000000
-51301205.1419800519943237304687500000000000000000
-30332023.4424328655004501342773437500000000000000
-58739171.6102709099650382995605468750000000000000
5703393.5718399267643690109252929687500000000000
-41861066.4320805445313453674316406250000000000000
-27382242.1653981022536754608154296875000000000000
-23568096.3653006143867969512939453125000000000000
-91206974.2922224551439285278320312500000000000000
-190087233.4259579181671142578125000000000000000000
85367962.0632905364036560058593750000000000000000
17013976.4867083020508289337158203125000000000000
-111608501.1821479946374893188476562500000000000000
18137089.0478999800980091094970703125000000000000
-35289391.8069471567869186401367187500000000000000
83396393.4146314561367034912109375000000000000000
-40186453.3280952572822570800781250000000000000000
47306148.0802504941821098327636718750000000000000
97569149.8526916354894638061523437500000000000000
30155448.6090506725013256072998046875000000000000
-92385689.9001070410013198852539062500000000000000
11062473.8185277730226516723632812500000000000000
-81088634.2540936321020126342773437500000000000000
38677951.0866736024618148803710937500000000000000
176208312.8959411680698394775390625000000000000000
-182321187.0265614688396453857421875000000000000000
16570165.4005305189639329910278320312500000000000
61478238.8134416863322257995605468750000000000000
114631427.7730749994516372680664062500000000000000
69073976.1655646711587905883789062500000000000000
-128439934.2296280413866043090820312500000000000000
87154567.9791747182607650756835937500000000000000
16965123.7431728914380073547363281250000000000000
-36812871.6669082567095756530761718750000000000000
-13163683.4596696104854345321655273437500000000000
-20421059.2400869838893413543701171875000000000000
176727791.7129179537296295166015625000000000000000
-24469885.8262281902134418487548828125000000000000
636130.6699925455031916499137878417968750000000
64631305.2075087502598762512207031250000000000000
-59918284.4797512814402580261230468750000000000000
-27402619.7830162197351455688476562500000000000000
-90393630.0330358892679214477539062500000000000000
-64245370.6145801693201065063476562500000000000000
-4684260.7948471764102578163146972656250000000000
-59675602.9682332724332809448242187500000000000000
-4504704.8216680074110627174377441406250000000000
131062749.9931216835975646972656250000000000000000
97103357.9176535457372665405273437500000000000000
-169582473.5920867621898651123046875000000000000000
17133792.3007605411112308502197265625000000000000
-78536677.8331979513168334960937500000000000000000
-1699360.0012879373971372842788696289062500000000
-139155469.3847756981849670410156250000000000000000
83519813.7879024595022201538085937500000000000000
43066126.0746786668896675109863281250000000000000
-10836452.4891141131520271301269531250000000000000
61639130.9050012007355690002441406250000000000000
128725005.5169748067855834960937500000000000000000
129091652.4005537331104278564453125000000000000000
67727291.8620731979608535766601562500000000000000
-140983859.8085413575172424316406250000000000000000
-87384765.3025631606578826904296875000000000000000
-21034070.2129695639014244079589843750000000000000
8418751.4114005826413631439208984375000000000000
50726765.6482916623353958129882812500000000000000
74294787.5669096559286117553710937500000000000000
-20456652.0477769896388053894042968750000000000000
18456837.9767918437719345092773437500000000000000
-115980445.7406742423772811889648437500000000000000
-80059885.8842941671609878540039062500000000000000
39108922.2027864828705787658691406250000000000000
138709170.7504841387271881103515625000000000000000
-106933265.0597783476114273071289062500000000000000
-16195846.8665223587304353713989257812500000000000
79995403.3853071928024291992187500000000000000000
43723793.0231575816869735717773437500000000000000
-141939300.7677433490753173828125000000000000000000
-86178824.4156506359577178955078125000000000000000
1501652.9996912463102489709854125976562500000000
104564594.3049579411745071411132812500000000000000
-21035986.0181036703288555145263671875000000000000
-2900805.5332086561247706413269042968750000000000
-47395456.4095647260546684265136718750000000000000
7151680.0337411845102906227111816406250000000000
13213899.2455456573516130447387695312500000000000
-170954438.7783211171627044677734375000000000000000
71275111.0092471539974212646484375000000000000000
115819223.6492991745471954345703125000000000000000
-53086783.3587710186839103698730468750000000000000
-39422280.9419153183698654174804687500000000000000
-11661723.6964750494807958602905273437500000000000
-28091167.5102598406374454498291015625000000000000
19842773.2233847156167030334472656250000000000000
-8347067.6030366420745849609375000000000000000000
-24981538.7823778353631496429443359375000000000000
56277460.0278505757451057434082031250000000000000
34166899.8187938332557678222656250000000000000000
129858055.1408795863389968872070312500000000000000
92467703.1214201748371124267578125000000000000000
-22145835.1883547082543373107910156250000000000000
155911092.2987232804298400878906250000000000000000
-34962971.9323311895132064819335937500000000000000
-208157528.1927784383296966552734375000000000000000
-95851288.7075987309217453002929687500000000000000
-192088902.4615510106086730957031250000000000000000
-22777230.6056547984480857849121093750000000000000
57620927.7479000762104988098144531250000000000000
-40258596.8170099332928657531738281250000000000000
-7656651.6201563971117138862609863281250000000000
-7342442.2845277711749076843261718750000000000000
76437722.8353975415229797363281250000000000000000
40102504.7809661552309989929199218750000000000000
-92234131.0565984547138214111328125000000000000000
74379755.1728766411542892456054687500000000000000
8411901.8277846220880746841430664062500000000000
34705121.2949876710772514343261718750000000000000
31744029.1019462980329990386962890625000000000000
11076704.2261600792407989501953125000000000000000
71989815.0672671943902969360351562500000000000000
-69466803.5274400115013122558593750000000000000000
-43022672.0418982878327369689941406250000000000000
-31579623.7926922552287578582763671875000000000000
49251622.2106013074517250061035156250000000000000
66374872.4928119629621505737304687500000000000000
50986346.0588647350668907165527343750000000000000
29206299.9854299873113632202148437500000000000000
77913939.3148687183856964111328125000000000000000
-109358611.1427533924579620361328125000000000000000
89009173.3503218293190002441406250000000000000000
65297008.4963743537664413452148437500000000000000
-8343689.0118121122941374778747558593750000000000
49279122.5384766235947608947753906250000000000000
20808728.1441330239176750183105468750000000000000
-33710246.9696270674467086791992187500000000000000
-6044262.7326534539461135864257812500000000000000
14022901.6465775035321712493896484375000000000000
-134736044.6487562358379364013671875000000000000000
30754541.9903484024107456207275390625000000000000
132205624.6524833887815475463867187500000000000000
-2690026.9952700473368167877197265625000000000000
128772871.2005736827850341796875000000000000000000
-172016213.1060464978218078613281250000000000000000
68451687.3396566659212112426757812500000000000000
47039361.8454171642661094665527343750000000000000
-136153322.3680345714092254638671875000000000000000
27650626.0747171714901924133300781250000000000000
-42363731.3342332318425178527832031250000000000000
120927191.8087178021669387817382812500000000000000
93030596.9942293465137481689453125000000000000000
60254546.0682167112827301025390625000000000000000
-55492124.4628045260906219482421875000000000000000
103229434.3986428976058959960937500000000000000000
-112406597.4946208745241165161132812500000000000000
37555934.1456989794969558715820312500000000000000
-273897494.2852260470390319824218750000000000000000
102901356.6570440232753753662109375000000000000000
44258107.6257022768259048461914062500000000000000
58283899.9439478665590286254882812500000000000000
-50362655.8889522403478622436523437500000000000000
-78844615.6206592619419097900390625000000000000000
-225828239.5126297771930694580078125000000000000000
-89998115.0883306264877319335937500000000000000000
60064992.6615738198161125183105468750000000000000
6210794.9205279843881726264953613281250000000000
-34081566.6247314661741256713867187500000000000000
-216709569.7558852732181549072265625000000000000000
47773380.2241554111242294311523437500000000000000
-94260593.4065584093332290649414062500000000000000
-12613963.6707297842949628829956054687500000000000
-19958003.4462957754731178283691406250000000000000
-6802207.4459011154249310493469238281250000000000
31440699.9058178439736366271972656250000000000000
71343335.4162465184926986694335937500000000000000
177685621.4747357964515686035156250000000000000000
25091777.4952582828700542449951171875000000000000
-20668863.5913900360465049743652343750000000000000
64001175.7891936153173446655273437500000000000000
-66843920.8592055812478065490722656250000000000000
-33923997.2745211943984031677246093750000000000000
139890241.3167860209941864013671875000000000000000
-37106609.9772061556577682495117187500000000000000
-102565434.5099898129701614379882812500000000000000
-38793570.4680733606219291687011718750000000000000
-69723692.1605466753244400024414062500000000000000
155932901.6131339669227600097656250000000000000000
-80928852.4966645836830139160156250000000000000000
-66767831.7782621979713439941406250000000000000000
29494093.7138309963047504425048828125000000000000
-138572761.9956692755222320556640625000000000000000
213061389.3008231818675994873046875000000000000000
-253799036.3671451807022094726562500000000000000000
-4625227.9238873003050684928894042968750000000000
-62337319.2678706124424934387207031250000000000000
-13270718.9539885483682155609130859375000000000000
51285316.6522078439593315124511718750000000000000
-13556049.8416627496480941772460937500000000000000
125024129.0059244930744171142578125000000000000000
174564927.1013486385345458984375000000000000000000
-65510460.0782032161951065063476562500000000000000
18824199.8499290719628334045410156250000000000000
19924866.0934760235249996185302734375000000000000
82360389.3661609143018722534179687500000000000000
18368811.8132139705121517181396484375000000000000
60952036.1758136302232742309570312500000000000000
-78787107.4557868093252182006835937500000000000000
-96111655.2696339190006256103515625000000000000000
-82961472.9242703318595886230468750000000000000000
80096588.2158093601465225219726562500000000000000
51263611.4176223948597908020019531250000000000000
4702136.5791723597794771194458007812500000000000
128658892.2448098212480545043945312500000000000000
161946839.8606504797935485839843750000000000000000
-48295520.3423911556601524353027343750000000000000
-45791195.3595504909753799438476562500000000000000
1930739.3674071105197072029113769531250000000000
255479697.8031825423240661621093750000000000000000
75723386.3598190844058990478515625000000000000000
-138777769.8463736176490783691406250000000000000000
-34235997.0860560089349746704101562500000000000000
5512339.4773257896304130554199218750000000000000
-51053822.2050973400473594665527343750000000000000
-44551019.1639602556824684143066406250000000000000
-37574346.6785132512450218200683593750000000000000
83649521.0013848394155502319335937500000000000000
29762078.6352082863450050354003906250000000000000
-112838597.7414965629577636718750000000000000000000
37952364.4171331450343132019042968750000000000000
-46252331.8130043670535087585449218750000000000000
61990924.9685818105936050415039062500000000000000
-93745499.1892081201076507568359375000000000000000
88735345.5453390777111053466796875000000000000000
111203553.9226539283990859985351562500000000000000
74639692.7132498025894165039062500000000000000000
-123278540.3468892276287078857421875000000000000000
140314973.1020669639110565185546875000000000000000
-38597300.6722399070858955383300781250000000000000
10580875.6997827831655740737915039062500000000000
-39407479.8032119795680046081542968750000000000000
34491943.6798293739557266235351562500000000000000
-6765060.2172741135582327842712402343750000000000
37971521.5865421369671821594238281250000000000000
-175433595.1114162802696228027343750000000000000000
116756762.5990927815437316894531250000000000000000
-176384129.0070815980434417724609375000000000000000
-80758612.5641312003135681152343750000000000000000
-38577855.0859775394201278686523437500000000000000
167333327.8566646277904510498046875000000000000000
-29258416.0599290095269680023193359375000000000000
-168199328.6012635529041290283203125000000000000000
56175122.6334959641098976135253906250000000000000
164957988.1944525837898254394531250000000000000000
-90110294.2704439312219619750976562500000000000000
78424223.3609172999858856201171875000000000000000
-89444640.2077014595270156860351562500000000000000
-280067367.3820627331733703613281250000000000000000
34658381.4522576183080673217773437500000000000000
12141374.4989954624325037002563476562500000000000
6171746.4097451763227581977844238281250000000000
-33198794.3230242021381855010986328125000000000000
47772066.2182934954762458801269531250000000000000
88765009.8685946464538574218750000000000000000000
18322460.1368105076253414154052734375000000000000
-67149253.6371509432792663574218750000000000000000
36291911.5312837958335876464843750000000000000000
138102116.7218085825443267822265625000000000000000
-26495974.5365545004606246948242187500000000000000
68465441.3190416395664215087890625000000000000000
15426338.1677701678127050399780273437500000000000
-17542624.7838426008820533752441406250000000000000
107431235.1472377926111221313476562500000000000000
-122579734.8042488545179367065429687500000000000000
54821008.3460713922977447509765625000000000000000
-227782931.3949099183082580566406250000000000000000
-188237958.0980589985847473144531250000000000000000
-1468497.8054110670927911996841430664062500000000
-40458349.2855454683303833007812500000000000000000
-27438628.9158226884901523590087890625000000000000
100529818.2664597928524017333984375000000000000000
14912138.1808612253516912460327148437500000000000
-178376704.9466897249221801757812500000000000000000
-65018662.7731203362345695495605468750000000000000
101448588.8722759783267974853515625000000000000000
-27041095.8046058528125286102294921875000000000000
114266204.2715344876050949096679687500000000000000
70120230.9623371809720993041992187500000000000000
-50166367.6572559922933578491210937500000000000000
-153028106.1929828524589538574218750000000000000000
226679315.1081255078315734863281250000000000000000
23198028.4061997719109058380126953125000000000000
-98574022.1396363526582717895507812500000000000000
114759735.6635015457868576049804687500000000000000
158171765.1589378416538238525390625000000000000000
25055491.4814701452851295471191406250000000000000
63274069.2575825303792953491210937500000000000000
965504.6578988283872604370117187500000000000000
-268076.3093845926341600716114044189453125000000
-16201873.9310349002480506896972656250000000000000
-35058284.4139624759554862976074218750000000000000
119567500.6886341273784637451171875000000000000000
30516554.3011917062103748321533203125000000000000
-88356426.0549901276826858520507812500000000000000
-138098542.0952606201171875000000000000000000000000
6935858.0371399382129311561584472656250000000000
84349776.8877142518758773803710937500000000000000
-52285967.5976108014583587646484375000000000000000
-131812565.4270209521055221557617187500000000000000
-11901079.6516782604157924652099609375000000000000
99150725.4216765612363815307617187500000000000000
100438629.4441563785076141357421875000000000000000
-83728490.3129655420780181884765625000000000000000
-7316927.3599656252190470695495605468750000000000
93633594.0547790378332138061523437500000000000000
-113369263.7856178134679794311523437500000000000000
-19907376.0957737341523170471191406250000000000000
131951453.2515074163675308227539062500000000000000
80073438.5584411025047302246093750000000000000000
-3378545.6616532104089856147766113281250000000000
-35514838.8545807003974914550781250000000000000000
127915002.8869330734014511108398437500000000000000
-17365625.8252238929271697998046875000000000000000
-145695623.5575447678565979003906250000000000000000
-141399100.1897789239883422851562500000000000000000
80875743.9280687421560287475585937500000000000000
-83490859.7719698548316955566406250000000000000000
-58334485.1787946149706840515136718750000000000000
14171705.1758187208324670791625976562500000000000
14527225.4279112797230482101440429687500000000000
-5180450.6817644443362951278686523437500000000000
-35049903.0160234868526458740234375000000000000000
109103636.7224705070257186889648437500000000000000
80756160.6247128099203109741210937500000000000000
-152318324.3890413045883178710937500000000000000000
-3892021.9479107940569519996643066406250000000000
86031977.2174831330776214599609375000000000000000
-64792226.5883442312479019165039062500000000000000
-124608369.8025741875171661376953125000000000000000
288202.3544731696601957082748413085937500000000
-47976396.1278516948223114013671875000000000000000
20538302.3058723807334899902343750000000000000000
90993177.2421344220638275146484375000000000000000
-20296169.1341574043035507202148437500000000000000
43502178.0135691314935684204101562500000000000000
-101894227.4892332255840301513671875000000000000000
96089882.7121144086122512817382812500000000000000
-41401275.1225713938474655151367187500000000000000
87638175.1841979175806045532226562500000000000000
103976434.4290093332529067993164062500000000000000
-105084546.5879851579666137695312500000000000000000
-17821616.7036742642521858215332031250000000000000
180163.5272373168554622679948806762695312500000
-4813670.5288658086210489273071289062500000000000
-7279081.6634800583124160766601562500000000000000
8037503.1094099478796124458312988281250000000000
-5972866.5930349547415971755981445312500000000000
42757514.3318120092153549194335937500000000000000
57736782.8038315325975418090820312500000000000000
-15487414.5092369206249713897705078125000000000000
68921962.8797827064990997314453125000000000000000
-117968773.8066390603780746459960937500000000000000
6098305.8608721476048231124877929687500000000000
-79609340.9723699539899826049804687500000000000000
77524268.1676947325468063354492187500000000000000
-17250852.6959559433162212371826171875000000000000
13196544.0333159454166889190673828125000000000000
30171646.3796596676111221313476562500000000000000
-595581.8448513603070750832557678222656250000000
-25301493.1424784511327743530273437500000000000000
65758989.7038864195346832275390625000000000000000
-77754538.4949828088283538818359375000000000000000
73338544.9709212183952331542968750000000000000000
-7250268.1617955099791288375854492187500000000000
33252054.8743325471878051757812500000000000000000
-15825107.6766839008778333663940429687500000000000
-19691522.8319250829517841339111328125000000000000
-16444155.8567012399435043334960937500000000000000
54675012.3214352279901504516601562500000000000000
-29096058.8154716715216636657714843750000000000000
66465743.6489342525601387023925781250000000000000
30577527.5144133493304252624511718750000000000000
-37652220.0695780515670776367187500000000000000000
-13702432.1660579089075326919555664062500000000000
41579405.4644145816564559936523437500000000000000
-119994377.2616393864154815673828125000000000000000
21305367.4076504558324813842773437500000000000000
-76346106.7594415247440338134765625000000000000000
-23092177.9268512427806854248046875000000000000000
4955786.5982281621545553207397460937500000000000
56214765.7984976768493652343750000000000000000000
-52476936.5092159062623977661132812500000000000000
-467024.3558209236362017691135406494140625000000
96408874.1487605422735214233398437500000000000000
6834943.5704554812982678413391113281250000000000
-136698395.2906282842159271240234375000000000000000
2559829.4083268442191183567047119140625000000000
34678836.2205956652760505676269531250000000000000
43112189.9780194237828254699707031250000000000000
18544490.5343088135123252868652343750000000000000
143702503.9722067117691040039062500000000000000000
42597764.4687830433249473571777343750000000000000
82600674.5052463412284851074218750000000000000000
-54003622.4304373934864997863769531250000000000000
-19971040.3641530647873878479003906250000000000000
-34920455.0249347835779190063476562500000000000000
-46071247.8007729500532150268554687500000000000000
-61437638.6947922781109809875488281250000000000000
-2208627.1698168800212442874908447265625000000000
165192095.3856026828289031982421875000000000000000
-100151369.6916739791631698608398437500000000000000
24101648.0957879982888698577880859375000000000000
7729517.9890307672321796417236328125000000000000
-7712399.0974783329293131828308105468750000000000
-45021837.1351036354899406433105468750000000000000
6286034.1606027465313673019409179687500000000000
-27156502.2238368652760982513427734375000000000000
46759715.5902705192565917968750000000000000000000
-16212054.2227342929691076278686523437500000000000
-24888159.5801015496253967285156250000000000000000
51570069.7606216296553611755371093750000000000000
-33724604.9097102731466293334960937500000000000000
-19956453.6903836317360401153564453125000000000000
44230413.1946532949805259704589843750000000000000
-113244345.2465633302927017211914062500000000000000
51251089.2377334311604499816894531250000000000000
41011313.2343128398060798645019531250000000000000
-141488805.1595338284969329833984375000000000000000
26953722.2924303561449050903320312500000000000000
-34212318.2426071241497993469238281250000000000000
141543999.8832915425300598144531250000000000000000
118819204.8843373656272888183593750000000000000000
-57580025.1634922921657562255859375000000000000000
135309241.2946046590805053710937500000000000000000
-53669905.3230900391936302185058593750000000000000
-73049419.9107839763164520263671875000000000000000
-65263253.1044583544135093688964843750000000000000
33209007.6363944038748741149902343750000000000000
-65406332.4982178136706352233886718750000000000000
55809856.3654148653149604797363281250000000000000
-8268482.1846049837768077850341796875000000000000
21944846.5821114443242549896240234375000000000000
-65807216.5401386395096778869628906250000000000000
77236132.7469332218170166015625000000000000000000
3319828.6906264093704521656036376953125000000000
65485350.3516472429037094116210937500000000000000
-32652922.2675012573599815368652343750000000000000
2769891.7970513137988746166229248046875000000000
-150611112.4023621976375579833984375000000000000000
-24887925.7501294761896133422851562500000000000000
-25777445.4608085751533508300781250000000000000000
-53942758.7285590171813964843750000000000000000000
53610912.7953163161873817443847656250000000000000
-34307577.1178277954459190368652343750000000000000
1557303.7011236408725380897521972656250000000000
-50209773.0685255825519561767578125000000000000000
-67509009.8050530403852462768554687500000000000000
3121960.9101979127153754234313964843750000000000
-40644335.3996152952313423156738281250000000000000
-63962590.9506832286715507507324218750000000000000
56686076.4647328257560729980468750000000000000000
45039979.0648428127169609069824218750000000000000
39126713.2096244692802429199218750000000000000000
-6141687.5489633427932858467102050781250000000000
79795295.9676320850849151611328125000000000000000
58990719.4856528714299201965332031250000000000000
-8132103.2705459930002689361572265625000000000000
-123900736.0089077353477478027343750000000000000000
-36283112.2175143659114837646484375000000000000000
118100830.5912499874830245971679687500000000000000
15476442.4643031880259513854980468750000000000000
-33725462.1705327704548835754394531250000000000000
63144547.8344875723123550415039062500000000000000
-79209337.0502295196056365966796875000000000000000
-65526513.0185352042317390441894531250000000000000
-68932233.4246652275323867797851562500000000000000
24035098.3334231637418270111083984375000000000000
2668509.5421801120974123477935791015625000000000
62194762.3129212856292724609375000000000000000000
14595936.9210076760500669479370117187500000000000
-94562464.5724682807922363281250000000000000000000
2415091.7397441305220127105712890625000000000000
61656444.9089681282639503479003906250000000000000
5027388.8520049983635544776916503906250000000000
-3337304.4390880935825407505035400390625000000000
4238772.5668794140219688415527343750000000000000
70082346.4878598749637603759765625000000000000000
-7948692.4055241094902157783508300781250000000000
4635204.6976879248395562171936035156250000000000
-44182904.8834939450025558471679687500000000000000
82135642.0680033415555953979492187500000000000000
2321928.2027884656563401222229003906250000000000
23210119.0285546518862247467041015625000000000000
48099174.8370011001825332641601562500000000000000
63938320.9592598378658294677734375000000000000000
-36942420.7309073731303215026855468750000000000000
22561061.7781468853354454040527343750000000000000
61790382.6685920730233192443847656250000000000000
39041553.4592549875378608703613281250000000000000
55974942.8862426429986953735351562500000000000000
-31115571.2962896600365638732910156250000000000000
28438342.0367191024124622344970703125000000000000
-70418327.2035599648952484130859375000000000000000
-49181623.1402462571859359741210937500000000000000
-31140324.2611296176910400390625000000000000000000
3641706.8143089269287884235382080078125000000000
-41844958.8508948385715484619140625000000000000000
42877663.6801317557692527770996093750000000000000
80724796.9984110295772552490234375000000000000000
-63448375.0276495069265365600585937500000000000000
-35298128.2933004125952720642089843750000000000000
10320703.3696747682988643646240234375000000000000
-29978720.4014072977006435394287109375000000000000
-35245726.7661915421485900878906250000000000000000
-56415815.1572158187627792358398437500000000000000
-98074077.9722420871257781982421875000000000000000
37671558.1788679957389831542968750000000000000000
52627898.9914482012391090393066406250000000000000
58993233.0029383897781372070312500000000000000000
13704519.5857409574091434478759765625000000000000
14097324.5855548568069934844970703125000000000000
-8109868.0388237899169325828552246093750000000000
75623149.5546442568302154541015625000000000000000
-3540772.1937715774402022361755371093750000000000
65957276.0876070857048034667968750000000000000000
-71129277.4818391799926757812500000000000000000000
-52225649.7648225203156471252441406250000000000000
-80777030.5656532496213912963867187500000000000000
44124995.3885713219642639160156250000000000000000
-48551490.7899883985519409179687500000000000000000
-51928021.5513129159808158874511718750000000000000
-52506191.7851643934845924377441406250000000000000
12626515.7575503177940845489501953125000000000000
21128215.5397915504872798919677734375000000000000
66743637.1818647757172584533691406250000000000000
-80876187.2216403335332870483398437500000000000000
-71414173.4282244294881820678710937500000000000000
-96279748.1958716064691543579101562500000000000000
19109152.4184124805033206939697265625000000000000
87009417.7387255430221557617187500000000000000000
-26249544.7700123861432075500488281250000000000000
-1737869.0141237988136708736419677734375000000000
9188611.8363383859395980834960937500000000000000
28505628.7480483800172805786132812500000000000000
58128326.9258756563067436218261718750000000000000
-9323370.6462193839251995086669921875000000000000
61485633.6134469732642173767089843750000000000000
29574775.0028196200728416442871093750000000000000
34746088.8160862773656845092773437500000000000000
37421163.4720556735992431640625000000000000000000
-58945200.6120853796601295471191406250000000000000
34490909.3535669520497322082519531250000000000000
48892850.3720515370368957519531250000000000000000
22944831.4076586142182350158691406250000000000000
-26087658.0178208351135253906250000000000000000000
88770341.7012674957513809204101562500000000000000
-26953098.1453636884689331054687500000000000000000
-24069583.3918116874992847442626953125000000000000
16443440.8584646414965391159057617187500000000000
71366689.2894543260335922241210937500000000000000
-43947457.9015970379114151000976562500000000000000
53660298.1509233862161636352539062500000000000000
62027489.0569420903921127319335937500000000000000
11243956.3930141068994998931884765625000000000000
8794252.1685342956334352493286132812500000000000
-34449925.8449012041091918945312500000000000000000
25919536.2191602513194084167480468750000000000000
-61384753.4677807763218879699707031250000000000000
-92917039.1055271625518798828125000000000000000000
-77267195.6793343424797058105468750000000000000000
-5167343.6270231362432241439819335937500000000000
-22634717.8816418536007404327392578125000000000000
-3038118.4174169395118951797485351562500000000000
29172845.4908829964697360992431640625000000000000
-57201684.8018432632088661193847656250000000000000
44202433.4462839365005493164062500000000000000000
11851251.3370913900434970855712890625000000000000
-29784654.1751586534082889556884765625000000000000
18093714.8332306370139122009277343750000000000000
-12163563.3059750888496637344360351562500000000000
-12411595.0514291673898696899414062500000000000000
-5837734.7024085763841867446899414062500000000000
-8038360.6090965718030929565429687500000000000000
25431763.1295130476355552673339843750000000000000
-17451407.2031244412064552307128906250000000000000
-11248274.1871236544102430343627929687500000000000
-20001656.4460035040974617004394531250000000000000
60985719.1552738100290298461914062500000000000000
-4832165.2476134877651929855346679687500000000000
-79671998.3229510188102722167968750000000000000000
59129928.7083298489451408386230468750000000000000
-44701082.3268947824835777282714843750000000000000
45003703.5197027102112770080566406250000000000000
10829303.6254396475851535797119140625000000000000
49391416.0339515954256057739257812500000000000000
10893059.5963231101632118225097656250000000000000
-6260764.6273643681779503822326660156250000000000
-14973253.5400556083768606185913085937500000000000
-113999938.5720625072717666625976562500000000000000
-11511583.4545427635312080383300781250000000000000
-9737206.8652958255261182785034179687500000000000
3686508.4208634779788553714752197265625000000000
-31084757.3184074200689792633056640625000000000000
44980448.8513479828834533691406250000000000000000
50284993.4827925562858581542968750000000000000000
18122182.4428401887416839599609375000000000000000
53213989.2979237362742424011230468750000000000000
-5775911.6330079473555088043212890625000000000000
-6755245.9762480556964874267578125000000000000000
43699818.0759952887892723083496093750000000000000
45934189.2929851338267326354980468750000000000000
-58027397.0864388570189476013183593750000000000000
8818581.7318547703325748443603515625000000000000
24389508.1277749314904212951660156250000000000000
-24419042.8704574853181838989257812500000000000000
17994901.7754961177706718444824218750000000000000
-21074728.2936113812029361724853515625000000000000
22467699.8183281309902667999267578125000000000000
-40503943.1612922474741935729980468750000000000000
-12090504.5476038269698619842529296875000000000000
10217092.7326701153069734573364257812500000000000
10644728.3670416735112667083740234375000000000000
6953887.8344168765470385551452636718750000000000
13454691.9980281647294759750366210937500000000000
-40224371.3830324113368988037109375000000000000000
-77644039.5130541175603866577148437500000000000000
-15810905.8910170961171388626098632812500000000000
-20473329.9147772565484046936035156250000000000000
6673228.6442762846127152442932128906250000000000
-40538242.7428721040487289428710937500000000000000
55634634.8991294801235198974609375000000000000000
4285245.4823287259787321090698242187500000000000
26116843.9738400839269161224365234375000000000000
5313994.3424464939162135124206542968750000000000
-29222926.4624153636395931243896484375000000000000
-21836545.5143500342965126037597656250000000000000
44089821.5029021650552749633789062500000000000000
-33374260.6097621805965900421142578125000000000000
-4352047.8449698537588119506835937500000000000000
8479045.6221301406621932983398437500000000000000
-20721367.6355817653238773345947265625000000000000
20070621.3651713728904724121093750000000000000000
-20390640.6739699393510818481445312500000000000000
-50818480.8310276418924331665039062500000000000000
49521825.1612190604209899902343750000000000000000
-1917220.8203285140916705131530761718750000000000
1643517.0031104285735636949539184570312500000000
-24392404.5385936759412288665771484375000000000000
14913985.6211323551833629608154296875000000000000
-5454970.3716120710596442222595214843750000000000
-17558351.0607585944235324859619140625000000000000
5707554.7055815178900957107543945312500000000000
10687863.9243089128285646438598632812500000000000
18742251.6900852844119071960449218750000000000000
18226575.9009047672152519226074218750000000000000
24742956.8250536657869815826416015625000000000000
2244728.4968042103573679924011230468750000000000
39694000.6304858103394508361816406250000000000000
-1196330.6738735588733106851577758789062500000000
10452136.5251583606004714965820312500000000000000
-36439485.1817612424492835998535156250000000000000
20668835.5060339868068695068359375000000000000000
39530224.8557949438691139221191406250000000000000
60996089.9476459324359893798828125000000000000000
-47618596.1728737801313400268554687500000000000000
45376951.6130019575357437133789062500000000000000
23432813.8807694688439369201660156250000000000000
-13760757.5768581703305244445800781250000000000000
-56516137.3979855179786682128906250000000000000000
42624649.8697304204106330871582031250000000000000
-16085004.5043754018843173980712890625000000000000
-35174016.9461919069290161132812500000000000000000
-17634227.3512282893061637878417968750000000000000
-13496459.8385097682476043701171875000000000000000
-18287317.4329962283372879028320312500000000000000
6501703.0641808435320854187011718750000000000000
37388286.0779228135943412780761718750000000000000
-2263389.8044880479574203491210937500000000000000
-61201728.3375506550073623657226562500000000000000
7646931.8670233460143208503723144531250000000000
-38520575.5784560441970825195312500000000000000000
47644190.8030331507325172424316406250000000000000
1683790.5304304999299347400665283203125000000000
37092950.9445452988147735595703125000000000000000
-20997612.3180877864360809326171875000000000000000
926567.3286757259629666805267333984375000000000
-20531504.7139946855604648590087890625000000000000
15616783.0305006727576255798339843750000000000000
8323383.5104505941271781921386718750000000000000
-3406618.5841475729830563068389892578125000000000
-58755816.7583658024668693542480468750000000000000
10214526.9815350435674190521240234375000000000000
3394086.7583966748788952827453613281250000000000
11584993.5328793190419673919677734375000000000000
18708314.5813198015093803405761718750000000000000
