0.7928828158819958282776951818959787487984
-81.2555868944721595426017302088439464569092
2255.2350318801459252426866441965103149414062
-27555.9270889453255222178995609283447265625000
173984.1247356345411390066146850585937500000000
-576414.5096143983537331223487854003906250000000
755604.5967212667455896735191345214843750000000
1087861.3802611762657761573791503906250000000000
-5470101.1798519883304834365844726562500000000000
6880441.1825432777404785156250000000000000000000
640968.2640820663655176758766174316406250000000
-8694850.3368427343666553497314453125000000000000
2582278.1634285375475883483886718750000000000000
7339547.9120054179802536964416503906250000000000
-1581546.2818258043844252824783325195312500000000
-348143.2461199536337517201900482177734375000000
-10430711.2147861681878566741943359375000000000000
1173801.6738289529457688331604003906250000000000
8322827.5710552772507071495056152343750000000000
1526662.6661938163451850414276123046875000000000
-298431.6334497401257976889610290527343750000000
-2931817.0677004242315888404846191406250000000000
8222262.4727120315656065940856933593750000000000
-3157689.1823224127292633056640625000000000000000
-6711602.7115005617961287498474121093750000000000
3289538.2544010672718286514282226562500000000000
-16553330.5528512559831142425537109375000000000000
-7119425.9352808315306901931762695312500000000000
15686609.6104478668421506881713867187500000000000
7161132.4680498428642749786376953125000000000000
-2161926.7609166675247251987457275390625000000000
6601489.2837266400456428527832031250000000000000
11357178.5793816130608320236206054687500000000000
-935786.2053254439961165189743041992187500000000
3878918.8872240474447607994079589843750000000000
1647323.3508379857521504163742065429687500000000
-3729385.8615817450918257236480712890625000000000
-21863055.3725541159510612487792968750000000000000
-8997457.5968054886907339096069335937500000000000
-4976854.5611157352104783058166503906250000000000
20804049.6165241971611976623535156250000000000000
-19641963.3825975991785526275634765625000000000000
-19159965.7820294685661792755126953125000000000000
-17207795.2224943228065967559814453125000000000000
19322074.4198839850723743438720703125000000000000
17481280.9645247682929039001464843750000000000000
-13767557.9815546628087759017944335937500000000000
10675612.6800823975354433059692382812500000000000
29599853.9940030574798583984375000000000000000000
39425988.3642074763774871826171875000000000000000
-12359479.0143112167716026306152343750000000000000
32702244.7101625837385654449462890625000000000000
6407568.6999723333865404129028320312500000000000
-10292047.3749676104635000228881835937500000000000
37185130.7000060155987739562988281250000000000000
-15473480.8767181448638439178466796875000000000000
5210720.3487270493060350418090820312500000000000
-123687344.0007204860448837280273437500000000000000
-28092191.1626179702579975128173828125000000000000
19068164.5588750392198562622070312500000000000000
-118455431.9188951402902603149414062500000000000000
-9002103.2823085505515336990356445312500000000000
71880784.7631328701972961425781250000000000000000
22839633.7361970841884613037109375000000000000000
89681770.5489719659090042114257812500000000000000
14387518.3311085421591997146606445312500000000000
-17151911.9611723944544792175292968750000000000000
-147708033.9867573678493499755859375000000000000000
-48054137.0044424831867218017578125000000000000000
55803843.0446650236845016479492187500000000000000
79994987.9545845538377761840820312500000000000000
63553541.5397604480385780334472656250000000000000
84104159.9776776283979415893554687500000000000000
16486767.7330643292516469955444335937500000000000
-10656390.2045699171721935272216796875000000000000
38090098.4444448277354240417480468750000000000000
-9975249.2722920868545770645141601562500000000000
83472334.6711036711931228637695312500000000000000
-15115321.5635893866419792175292968750000000000000
16468616.2050278801470994949340820312500000000000
-85250908.9129949361085891723632812500000000000000
-119060581.3118460029363632202148437500000000000000
71143644.9325136840343475341796875000000000000000
-126304895.1461225599050521850585937500000000000000
-91160480.6991183906793594360351562500000000000000
2854274.1789270308800041675567626953125000000000
71841583.5507417917251586914062500000000000000000
-106743923.0664452761411666870117187500000000000000
3326809.9613793310709297657012939453125000000000
-12908540.2334156986325979232788085937500000000000
48401941.9715623110532760620117187500000000000000
13659639.9920554254204034805297851562500000000000
53612083.7712069973349571228027343750000000000000
80003008.4604257494211196899414062500000000000000
-34582539.8087562099099159240722656250000000000000
9059686.8622357249259948730468750000000000000000
-27611075.8487481102347373962402343750000000000000
19086015.9708648212254047393798828125000000000000
-42773569.9480053037405014038085937500000000000000
-112033253.5086767375469207763671875000000000000000
63606849.3771976456046104431152343750000000000000
124745263.0461219102144241333007812500000000000000
-63366805.3408474102616310119628906250000000000000
16429568.6864223740994930267333984375000000000000
-875089.0583634333452209830284118652343750000000
51855634.9337276890873908996582031250000000000000
-13880633.8220846056938171386718750000000000000000
-14039313.8233934286981821060180664062500000000000
62650449.7035761103034019470214843750000000000000
36259124.4178207442164421081542968750000000000000
-29435011.1890256777405738830566406250000000000000
-16304121.8811207655817270278930664062500000000000
28161185.0588933303952217102050781250000000000000
-49607994.0602406337857246398925781250000000000000
51640846.7571484595537185668945312500000000000000
142618614.5222400724887847900390625000000000000000
30051515.6043641567230224609375000000000000000000
-14550581.3501867223531007766723632812500000000000
-50375911.7112589702010154724121093750000000000000
26400570.5889606028795242309570312500000000000000
-6000722.0478451764211058616638183593750000000000
-71475159.6548192203044891357421875000000000000000
-117997203.0858863592147827148437500000000000000000
-48883155.3099799975752830505371093750000000000000
-99196897.2506897002458572387695312500000000000000
49533553.5223610773682594299316406250000000000000
-63286433.3235909119248390197753906250000000000000
-10751671.2851612921804189682006835937500000000000
5933705.3329741405323147773742675781250000000000
-5727780.5807269066572189331054687500000000000000
-38552395.8849680647253990173339843750000000000000
-42411711.7103631645441055297851562500000000000000
-14828670.5040678121149539947509765625000000000000
89865875.9640403836965560913085937500000000000000
70861484.3540925830602645874023437500000000000000
77267457.4508539438247680664062500000000000000000
-151935184.9917675256729125976562500000000000000000
21515989.8728643283247947692871093750000000000000
68867411.3876230567693710327148437500000000000000
34949638.1717966720461845397949218750000000000000
19718428.3088865913450717926025390625000000000000
19847350.0146571435034275054931640625000000000000
41106446.2772541269659996032714843750000000000000
58065936.0158043652772903442382812500000000000000
-78931898.1597615480422973632812500000000000000000
-36086965.9257531464099884033203125000000000000000
-17972879.7909291014075279235839843750000000000000
8594809.1166407614946365356445312500000000000000
28475654.0902989618480205535888671875000000000000
13579631.1604104768484830856323242187500000000000
46269400.3814038410782814025878906250000000000000
-27053179.1787536516785621643066406250000000000000
-40360127.3230478242039680480957031250000000000000
28190220.8452560566365718841552734375000000000000
39987719.7601990699768066406250000000000000000000
91510150.8707863390445709228515625000000000000000
17456283.6411151923239231109619140625000000000000
-61943808.9824726581573486328125000000000000000000
-25126266.5214934311807155609130859375000000000000
27968360.7227169461548328399658203125000000000000
-163285364.2646905183792114257812500000000000000000
44909884.9499286785721778869628906250000000000000
120108340.7659282237291336059570312500000000000000
39309167.6627651751041412353515625000000000000000
7321913.7704319385811686515808105468750000000000
-12741888.6607361156493425369262695312500000000000
-106675618.9299565106630325317382812500000000000000
14062724.9264061804860830307006835937500000000000
-84856383.3202944993972778320312500000000000000000
59332949.9093295931816101074218750000000000000000
-23085409.3334239684045314788818359375000000000000
36803811.3227380812168121337890625000000000000000
-22085937.1049030758440494537353515625000000000000
-171232038.6127316653728485107421875000000000000000
-93072692.5714569985866546630859375000000000000000
113297390.1889884471893310546875000000000000000000
30614728.4329351000487804412841796875000000000000
138756039.9590716958045959472656250000000000000000
-121553485.2055731415748596191406250000000000000000
-88408385.2536209076642990112304687500000000000000
-12773144.2146280985325574874877929687500000000000
-59038782.2799619361758232116699218750000000000000
-10984951.9353091418743133544921875000000000000000
89207304.3575875908136367797851562500000000000000
122317691.5630320906639099121093750000000000000000
116807075.0808273106813430786132812500000000000000
77936284.3988141119480133056640625000000000000000
-97957793.4952809810638427734375000000000000000000
-34448030.4202978461980819702148437500000000000000
-22237957.4186191372573375701904296875000000000000
-2978072.0660617244429886341094970703125000000000
-103399548.3479590266942977905273437500000000000000
25082339.1828962080180644989013671875000000000000
5835588.0554948803037405014038085937500000000000
148331482.5108001232147216796875000000000000000000
-6527979.1578863160684704780578613281250000000000
-85423675.9946124255657196044921875000000000000000
68181953.6156944632530212402343750000000000000000
69303279.7677402645349502563476562500000000000000
-27368817.6777758151292800903320312500000000000000
-24441818.8570989109575748443603515625000000000000
-28263654.0310662575066089630126953125000000000000
-22165538.7948481217026710510253906250000000000000
-126538644.0162551403045654296875000000000000000000
-74585816.2878903150558471679687500000000000000000
88347677.6970279812812805175781250000000000000000
130448305.2852348238229751586914062500000000000000
96208395.2976678311824798583984375000000000000000
-24924588.6504479534924030303955078125000000000000
-51572822.3140019476413726806640625000000000000000
19780061.7103400491178035736083984375000000000000
-26265708.0122958049178123474121093750000000000000
-116686907.5002175122499465942382812500000000000000
97804493.1570705920457839965820312500000000000000
-21365049.9530545324087142944335937500000000000000
-42666409.8969660177826881408691406250000000000000
53088397.3381450772285461425781250000000000000000
-18701780.6278371326625347137451171875000000000000
67141267.0914165824651718139648437500000000000000
4771713.4279328510165214538574218750000000000000
23947815.5417308136820793151855468750000000000000
-51805514.5526609197258949279785156250000000000000
90068836.6814692020416259765625000000000000000000
-77655149.7687472850084304809570312500000000000000
-76746003.9181157946586608886718750000000000000000
-61831560.9625719264149665832519531250000000000000
92467613.7716353088617324829101562500000000000000
-21194918.5388268381357192993164062500000000000000
-97384999.8642208576202392578125000000000000000000
44447254.8082076907157897949218750000000000000000
62888492.0946729108691215515136718750000000000000
35042437.2279865890741348266601562500000000000000
55698867.0172404423356056213378906250000000000000
-68103787.4366962164640426635742187500000000000000
-1973036.8277840320952236652374267578125000000000
-110726949.8607707023620605468750000000000000000000
-31204484.1407595649361610412597656250000000000000
-74371029.3837585002183914184570312500000000000000
99219267.5774254202842712402343750000000000000000
123459894.4380021244287490844726562500000000000000
57115549.8657950162887573242187500000000000000000
3798778.7669165316037833690643310546875000000000
-6235601.4401246365159749984741210937500000000000
-17756871.5214081555604934692382812500000000000000
-90164598.4709580242633819580078125000000000000000
-26517927.2103180959820747375488281250000000000000
-64965047.9747437462210655212402343750000000000000
20872956.7141507118940353393554687500000000000000
-33258952.9504016973078250885009765625000000000000
100578766.8676782697439193725585937500000000000000
93523499.1741397976875305175781250000000000000000
-4744195.2003557458519935607910156250000000000000
58289686.9410405978560447692871093750000000000000
31901516.6209381185472011566162109375000000000000
-82117554.2337680011987686157226562500000000000000
-82515869.4474088698625564575195312500000000000000
47035774.2859475463628768920898437500000000000000
8535478.1543544810265302658081054687500000000000
-27697272.1503422595560550689697265625000000000000
-9989021.2279579080641269683837890625000000000000
-114506334.3489759862422943115234375000000000000000
-62286135.2698641791939735412597656250000000000000
198719079.8194481134414672851562500000000000000000
-36702760.9802924171090126037597656250000000000000
-76276071.9580643177032470703125000000000000000000
-73953719.7076459527015686035156250000000000000000
-49827375.5072349458932876586914062500000000000000
-57787021.2396962344646453857421875000000000000000
40048616.0292547270655632019042968750000000000000
38392175.3727318644523620605468750000000000000000
104735885.9169028401374816894531250000000000000000
55679568.3342411071062088012695312500000000000000
75423874.2653442323207855224609375000000000000000
93362508.8696420639753341674804687500000000000000
45711392.1962980777025222778320312500000000000000
80171354.2656846940517425537109375000000000000000
-74443425.3196458965539932250976562500000000000000
-62706983.3602109998464584350585937500000000000000
-25871190.6070156916975975036621093750000000000000
-177469158.9734365940093994140625000000000000000000
-34691876.6580125689506530761718750000000000000000
87159646.3674717247486114501953125000000000000000
30803053.3449699841439723968505859375000000000000
-124017647.8522796332836151123046875000000000000000
30060672.4677654057741165161132812500000000000000
113252043.8662274330854415893554687500000000000000
-7359904.9879486383870244026184082031250000000000
-87522321.6390248090028762817382812500000000000000
4748983.9444870781153440475463867187500000000000
-39170668.4886040017008781433105468750000000000000
151570760.6322847306728363037109375000000000000000
-12931638.1734172105789184570312500000000000000000
2595712.9006178714334964752197265625000000000000
51276089.1859793663024902343750000000000000000000
-48644234.7258201315999031066894531250000000000000
-68975770.8789704144001007080078125000000000000000
-22943464.7430801875889301300048828125000000000000
82144236.1546728909015655517578125000000000000000
48573515.3544033020734786987304687500000000000000
-78013647.3484008610248565673828125000000000000000
-57702550.7305333167314529418945312500000000000000
31956635.1584392823278903961181640625000000000000
72680598.5483280569314956665039062500000000000000
67129866.3069988191127777099609375000000000000000
38922313.3202438130974769592285156250000000000000
26056941.4184900969266891479492187500000000000000
-70415299.4838140606880187988281250000000000000000
65649238.6812107712030410766601562500000000000000
36868613.6755549982190132141113281250000000000000
-9900553.7141052205115556716918945312500000000000
17202439.6404247470200061798095703125000000000000
-30560390.3716714568436145782470703125000000000000
-90120438.1045855730772018432617187500000000000000
73306880.9212881177663803100585937500000000000000
-130219992.7708284258842468261718750000000000000000
3875756.3583400570787489414215087890625000000000
-50212519.0444031208753585815429687500000000000000
-89979611.6260090917348861694335937500000000000000
8310720.8878411464393138885498046875000000000000
-56145774.5597686395049095153808593750000000000000
33515969.3441163189709186553955078125000000000000
9491391.9202914629131555557250976562500000000000
-21808886.0286825373768806457519531250000000000000
-29166526.7193828634917736053466796875000000000000
55086169.6470524296164512634277343750000000000000
50816878.8977403044700622558593750000000000000000
-28950280.9965574778616428375244140625000000000000
-70301954.5184249877929687500000000000000000000000
-3541751.0664829532615840435028076171875000000000
13239343.5082698762416839599609375000000000000000
9839394.9609307423233985900878906250000000000000
41379539.2511362805962562561035156250000000000000
40865164.3652896359562873840332031250000000000000
11728372.0075738262385129928588867187500000000000
-2049972.2832866450771689414978027343750000000000
-2236960.1991167450323700904846191406250000000000
50507746.8128543570637702941894531250000000000000
-58105827.9208348467946052551269531250000000000000
-114624258.4435974061489105224609375000000000000000
4677493.3809843007475137710571289062500000000000
22553668.6145528331398963928222656250000000000000
-86000423.4362182468175888061523437500000000000000
153927664.2216066420078277587890625000000000000000
-24996559.3452541828155517578125000000000000000000
82423136.8437549769878387451171875000000000000000
11357046.8899189475923776626586914062500000000000
-57125408.6814424172043800354003906250000000000000
38066400.9976877197623252868652343750000000000000
13671659.8719422426074743270874023437500000000000
13944589.6323813889175653457641601562500000000000
5977384.8814273709431290626525878906250000000000
-67195084.4459750801324844360351562500000000000000
-78990949.3846585154533386230468750000000000000000
149642068.8119103014469146728515625000000000000000
15098844.6456443350762128829956054687500000000000
150208566.0649454295635223388671875000000000000000
28645658.0905128009617328643798828125000000000000
-51070205.9315243065357208251953125000000000000000
-13407482.7303684409707784652709960937500000000000
35024104.2587583810091018676757812500000000000000
-83426761.7173651307821273803710937500000000000000
78335552.2940725833177566528320312500000000000000
7372101.1607481958344578742980957031250000000000
-12617997.5834193155169486999511718750000000000000
-29775827.0662551783025264739990234375000000000000
-25688453.8266109637916088104248046875000000000000
-9340810.6203303430229425430297851562500000000000
-86439540.9658914804458618164062500000000000000000
-127291845.2924568206071853637695312500000000000000
-20654877.8036588206887245178222656250000000000000
13990063.7196111213415861129760742187500000000000
-46079312.2855772897601127624511718750000000000000
-59337438.2360823079943656921386718750000000000000
-13192955.0770607776939868927001953125000000000000
92148925.8838049173355102539062500000000000000000
86282059.2848928421735763549804687500000000000000
54894936.7004396244883537292480468750000000000000
-37235136.5687518268823623657226562500000000000000
75636326.5037252455949783325195312500000000000000
17403401.8107842244207859039306640625000000000000
-67053870.2402832955121994018554687500000000000000
