0.2322138148174146543567530898144468665123
-23.6304600889506488670122053008526563644409
685.8458507305488183192210271954536437988281
-9141.2903856116281531285494565963745117187500
65973.0144799209083430469036102294921875000000
-274640.2664220455917529761791229248046875000000
664571.4910399890504777431488037109375000000000
-908953.6730827289866283535957336425781250000000
728945.7678993939189240336418151855468750000000
-502164.3003834135597571730613708496093750000000
-153496.2403507668059319257736206054687500000000
1665886.2090536218602210283279418945312500000000
-1140049.2685315357521176338195800781250000000000
-634491.5896791756385937333106994628906250000000
-1438962.4667831417173147201538085937500000000000
1915823.4617228494025766849517822265625000000000
870063.0433735216502100229263305664062500000000
1023167.7712005304638296365737915039062500000000
-1514094.3654122489970177412033081054687500000000
603925.5965685447445139288902282714843750000000
-4586608.8246725825592875480651855468750000000000
5219211.9558858340606093406677246093750000000000
-603038.3458681623451411724090576171875000000000
-1908327.3242709217593073844909667968750000000000
871671.6045552886789664626121520996093750000000
-3316336.3030411745421588420867919921875000000000
-2629108.8140302584506571292877197265625000000000
6280821.6068111294880509376525878906250000000000
7645134.9325403254479169845581054687500000000000
-3017223.0016494127921760082244873046875000000000
912711.9856875881087034940719604492187500000000
-5959886.9178216867148876190185546875000000000000
-5529507.0162957385182380676269531250000000000000
7218903.4599280413240194320678710937500000000000
-9715090.0826134439557790756225585937500000000000
9147563.1691052783280611038208007812500000000000
-6423562.0095679918304085731506347656250000000000
3525340.9693700731731951236724853515625000000000
7957078.7054612683132290840148925781250000000000
-3030256.3499554656445980072021484375000000000000
-1780392.0593347961548715829849243164062500000000
4990897.8878305992111563682556152343750000000000
-5153634.3157060407102108001708984375000000000000
-7125180.7346270438283681869506835937500000000000
486047.6338899802067317068576812744140625000000
1667316.7371368436142802238464355468750000000000
-2424685.8642645855434238910675048828125000000000
5789160.0445607695728540420532226562500000000000
715952.8420623264973983168601989746093750000000
-4426653.6821177639067173004150390625000000000000
-9195363.1892512720078229904174804687500000000000
8818433.3962634615600109100341796875000000000000
15128927.9260338246822357177734375000000000000000
19538060.1424109563231468200683593750000000000000
-6334202.7824543872848153114318847656250000000000
3583582.1947765294462442398071289062500000000000
-20483943.0011937953531742095947265625000000000000
-7848145.8107384815812110900878906250000000000000
10151283.0399441551417112350463867187500000000000
-24111259.5944654121994972229003906250000000000000
9882264.9762321244925260543823242187500000000000
-21658028.8303059190511703491210937500000000000000
-1051919.3403336133342236280441284179687500000000
-19196100.4509479738771915435791015625000000000000
6669281.1107017425820231437683105468750000000000
46841205.6094329953193664550781250000000000000000
22446940.9463390484452247619628906250000000000000
-14259930.2567250747233629226684570312500000000000
18240044.2006430029869079589843750000000000000000
-25757085.8577041663229465484619140625000000000000
-3062779.7046383898705244064331054687500000000000
-34329867.7009702697396278381347656250000000000000
-2955164.1567980931140482425689697265625000000000
39329030.6342924684286117553710937500000000000000
23349081.2620149143040180206298828125000000000000
-29792130.4923371672630310058593750000000000000000
18789064.3007917664945125579833984375000000000000
8823391.5336162466555833816528320312500000000000
30875763.9257262758910655975341796875000000000000
-51929095.9709254428744316101074218750000000000000
-8761076.0990158822387456893920898437500000000000
-21665328.4650859907269477844238281250000000000000
-32159917.6350361630320549011230468750000000000000
-6389490.9659594101831316947937011718750000000000
33765058.9187440872192382812500000000000000000000
18608758.6129975430667400360107421875000000000000
21347376.0750244520604610443115234375000000000000
-19728934.5936730727553367614746093750000000000000
23512363.3211561925709247589111328125000000000000
7430914.1647952068597078323364257812500000000000
37392187.3325151354074478149414062500000000000000
8449908.3811936415731906890869140625000000000000
-47231212.2428741529583930969238281250000000000000
-3687236.9067855314351618289947509765625000000000
27402923.5903248600661754608154296875000000000000
-12645593.1837549395859241485595703125000000000000
-36408613.1869215741753578186035156250000000000000
-23644042.4311309456825256347656250000000000000000
25745742.6499045751988887786865234375000000000000
-13251730.0867082159966230392456054687500000000000
21227129.6702211163938045501708984375000000000000
9610245.8673101905733346939086914062500000000000
-54053585.6778115779161453247070312500000000000000
-34206661.3400522023439407348632812500000000000000
-6002988.5295568136498332023620605468750000000000
20483831.4593822844326496124267578125000000000000
51264296.5741642788052558898925781250000000000000
-5892822.4581766165792942047119140625000000000000
78794008.5658740550279617309570312500000000000000
-21762538.0739323571324348449707031250000000000000
-19427029.5958897545933723449707031250000000000000
-94206832.5479228049516677856445312500000000000000
-18712274.0686908401548862457275390625000000000000
28739127.0105029232800006866455078125000000000000
21723975.9749926403164863586425781250000000000000
3767999.7626288896426558494567871093750000000000
3906809.1393514536321163177490234375000000000000
59154179.6987151205539703369140625000000000000000
2942356.3564359485171735286712646484375000000000
991893.5649675788590684533119201660156250000000
11050894.1162282936275005340576171875000000000000
-9487555.0603834763169288635253906250000000000000
51986730.8966679722070693969726562500000000000000
-46390519.6667340248823165893554687500000000000000
-42856797.4854493588209152221679687500000000000000
-2600573.0381151740439236164093017578125000000000
40374685.2736896499991416931152343750000000000000
-10002483.2564125228673219680786132812500000000000
3092427.7369345440529286861419677734375000000000
47732408.6391190066933631896972656250000000000000
-1741453.1615297694224864244461059570312500000000
24843899.8748689703643321990966796875000000000000
-30724316.2785435877740383148193359375000000000000
-28817000.8366903364658355712890625000000000000000
-43916011.2666946873068809509277343750000000000000
-19922453.8734404407441616058349609375000000000000
-15818062.2444458212703466415405273437500000000000
-33681666.7232136204838752746582031250000000000000
5539261.4871470062062144279479980468750000000000
-2316501.8712113234214484691619873046875000000000
-10505174.4285348560661077499389648437500000000000
-58524100.5929584205150604248046875000000000000000
22327158.8095751814544200897216796875000000000000
14603895.2455164585262537002563476562500000000000
57407501.1716993525624275207519531250000000000000
39725075.7135581076145172119140625000000000000000
42132378.3071018904447555541992187500000000000000
-76399596.1900692135095596313476562500000000000000
17086743.2955240979790687561035156250000000000000
73015372.9169205278158187866210937500000000000000
-36132296.7879469096660614013671875000000000000000
34482403.6253130137920379638671875000000000000000
-6429954.4266773601993918418884277343750000000000
-38743291.1465643197298049926757812500000000000000
16129429.3497290853410959243774414062500000000000
95996170.6507664322853088378906250000000000000000
-49543170.4600585997104644775390625000000000000000
-49903405.0981479138135910034179687500000000000000
-30043045.0972408019006252288818359375000000000000
-51534937.7409219518303871154785156250000000000000
-56942404.1492927223443984985351562500000000000000
29233799.8036341220140457153320312500000000000000
87811883.5930123627185821533203125000000000000000
58895276.8879885748028755187988281250000000000000
-1899597.6616341627668589353561401367187500000000
57522357.2616890594363212585449218750000000000000
7012810.2313323114067316055297851562500000000000
-24586133.9626927748322486877441406250000000000000
26187507.2366039156913757324218750000000000000000
8608041.2687460537999868392944335937500000000000
-15060558.9057043753564357757568359375000000000000
-14351442.0225919168442487716674804687500000000000
18558074.0259270220994949340820312500000000000000
-75182952.1862940490245819091796875000000000000000
25918083.3685706071555614471435546875000000000000
17095504.5659735761582851409912109375000000000000
22883599.8026992641389369964599609375000000000000
-54338466.0155628547072410583496093750000000000000
-56618297.0245486721396446228027343750000000000000
-4661530.6116375084966421127319335937500000000000
53054489.0219679027795791625976562500000000000000
-37838703.6076617240905761718750000000000000000000
5210251.3549980418756604194641113281250000000000
-29479796.8722043782472610473632812500000000000000
10710091.0896515827625989913940429687500000000000
5936375.2826343383640050888061523437500000000000
1797836.3922085317317396402359008789062500000000
-14220460.2372416816651821136474609375000000000000
-74277485.0993730574846267700195312500000000000000
-24678389.0554271638393402099609375000000000000000
-44132664.3615778908133506774902343750000000000000
-31582414.4902019537985324859619140625000000000000
-120755756.3128107339143753051757812500000000000000
16795961.0576201789081096649169921875000000000000
-26504708.1516171135008335113525390625000000000000
7327773.1995696378871798515319824218750000000000
32397293.1950480490922927856445312500000000000000
-23051180.0731289573013782501220703125000000000000
22502776.4823441579937934875488281250000000000000
93674872.3945027887821197509765625000000000000000
-9761237.9560325965285301208496093750000000000000
38825030.7306184098124504089355468750000000000000
57804401.3457797765731811523437500000000000000000
-63691186.2325710952281951904296875000000000000000
57393959.5317100808024406433105468750000000000000
45018838.3338353037834167480468750000000000000000
79944399.2877783328294754028320312500000000000000
-17685755.2189893499016761779785156250000000000000
72944880.1598208397626876831054687500000000000000
-4786947.4044194864109158515930175781250000000000
-37338543.7177195549011230468750000000000000000000
85332735.3646724820137023925781250000000000000000
28620247.2300516404211521148681640625000000000000
-12831115.2742422260344028472900390625000000000000
94117733.4025079905986785888671875000000000000000
31061478.8821047022938728332519531250000000000000
3903938.4698004163801670074462890625000000000000
-20762947.3127169236540794372558593750000000000000
-14304761.8825390003621578216552734375000000000000
34744046.1552983522415161132812500000000000000000
-29890776.7918124012649059295654296875000000000000
61580993.2037457227706909179687500000000000000000
21544749.3940271027386188507080078125000000000000
-41498842.1288461536169052124023437500000000000000
6894057.5943006826564669609069824218750000000000
31657928.0423142760992050170898437500000000000000
-81111464.1367774903774261474609375000000000000000
-9300088.0642238631844520568847656250000000000000
-12868591.2365290392190217971801757812500000000000
-29313572.9761830493807792663574218750000000000000
-34560002.6659834608435630798339843750000000000000
-51045041.4443136900663375854492187500000000000000
-77583901.5662534087896347045898437500000000000000
-45194103.2459681853652000427246093750000000000000
12770203.6647092774510383605957031250000000000000
-48249285.9264920204877853393554687500000000000000
3039553.7817604821175336837768554687500000000000
38687986.4699031189084053039550781250000000000000
-54984008.9753646850585937500000000000000000000000
13715711.8794212397187948226928710937500000000000
49243352.5081599354743957519531250000000000000000
43453386.4652865305542945861816406250000000000000
-25322201.6104519553482532501220703125000000000000
-13880795.9755450449883937835693359375000000000000
7227837.0715904049575328826904296875000000000000
-142517140.8603061139583587646484375000000000000000
43172500.9918532222509384155273437500000000000000
-34498560.0426935032010078430175781250000000000000
76431799.4171185046434402465820312500000000000000
-24911756.5752241574227809906005859375000000000000
18804590.6049884781241416931152343750000000000000
3561794.1016929848119616508483886718750000000000
37920512.9391763880848884582519531250000000000000
-32708780.8530837595462799072265625000000000000000
24976663.5048898868262767791748046875000000000000
-35324155.9267192557454109191894531250000000000000
-25051748.2085612304508686065673828125000000000000
-26869314.5225113779306411743164062500000000000000
98193931.1549033075571060180664062500000000000000
-22019021.7136633284389972686767578125000000000000
-84962094.6562288850545883178710937500000000000000
-40970845.7750786095857620239257812500000000000000
18860257.5772536434233188629150390625000000000000
-13309139.3680392540991306304931640625000000000000
47862730.8640930056571960449218750000000000000000
56616996.2491402402520179748535156250000000000000
-22018763.8353372886776924133300781250000000000000
65052029.3833961561322212219238281250000000000000
14765678.1197180505841970443725585937500000000000
-7189353.6534285638481378555297851562500000000000
-124628676.1852093338966369628906250000000000000000
20616454.0519950240850448608398437500000000000000
-6807817.9097695164382457733154296875000000000000
46060785.2965346574783325195312500000000000000000
14363913.0180087499320507049560546875000000000000
-39962717.1986754983663558959960937500000000000000
-11174013.9978659488260746002197265625000000000000
-37287154.7991421297192573547363281250000000000000
64917727.8696766197681427001953125000000000000000
-28975355.6944962665438652038574218750000000000000
-39582645.7428238987922668457031250000000000000000
-11859720.9842053595930337905883789062500000000000
-21467398.6660265773534774780273437500000000000000
27812893.8410711772739887237548828125000000000000
-31523367.2062400840222835540771484375000000000000
53646763.0141210108995437622070312500000000000000
-3977025.0303329327143728733062744140625000000000
76562349.3563941270112991333007812500000000000000
70213909.4383495301008224487304687500000000000000
69075467.8050692975521087646484375000000000000000
46191968.1219662800431251525878906250000000000000
-21531067.5649904161691665649414062500000000000000
-22079713.6569072753190994262695312500000000000000
-441169.7266187358764000236988067626953125000000
-80979122.5443636626005172729492187500000000000000
34838.3772730923883500508964061737060546875000
15653695.1533022597432136535644531250000000000000
-51684363.4015164822340011596679687500000000000000
-2781821.0049685980193316936492919921875000000000
-34205512.7002710253000259399414062500000000000000
66131985.7108403965830802917480468750000000000000
-57945428.7940267547965049743652343750000000000000
45706907.6322585344314575195312500000000000000000
-10281740.4531078003346920013427734375000000000000
46155682.4111950844526290893554687500000000000000
-22795111.3201432377099990844726562500000000000000
128109499.8858384042978286743164062500000000000000
9409701.1428628098219633102416992187500000000000
-25453789.1646865196526050567626953125000000000000
38967756.8447341024875640869140625000000000000000
-6766718.4487031847238540649414062500000000000000
-48425710.8891711309552192687988281250000000000000
68402991.5866329222917556762695312500000000000000
19830491.8913630619645118713378906250000000000000
-109401868.4189886450767517089843750000000000000000
-3179782.2113982881419360637664794921875000000000
-5269252.3219828484579920768737792968750000000000
4853223.8974437760189175605773925781250000000000
-26133778.1548789218068122863769531250000000000000
82619336.4556011855602264404296875000000000000000
127449818.1264318674802780151367187500000000000000
-33409227.2102269865572452545166015625000000000000
21712342.3601836673915386199951171875000000000000
-49051966.7686486765742301940917968750000000000000
-43007062.7077442407608032226562500000000000000000
14288594.0434425733983516693115234375000000000000
-44766610.5697736516594886779785156250000000000000
-52735975.6957624778151512145996093750000000000000
-1984292.1649455702863633632659912109375000000000
48354091.3335366994142532348632812500000000000000
-35258034.0290148109197616577148437500000000000000
-25565110.3367398604750633239746093750000000000000
-11063286.3270153943449258804321289062500000000000
13946947.5243290960788726806640625000000000000000
13195754.1508441101759672164916992187500000000000
-25151068.7040501385927200317382812500000000000000
41860200.2264640033245086669921875000000000000000
13018206.3575921207666397094726562500000000000000
13296229.3578440491110086441040039062500000000000
47829689.3181416466832160949707031250000000000000
895165.2713902004761621356010437011718750000000
26783347.0459864996373653411865234375000000000000
1436274.3493021361064165830612182617187500000000
3909710.3096428937278687953948974609375000000000
51815824.6461212188005447387695312500000000000000
-97678656.8204943835735321044921875000000000000000
-4596518.1808313084766268730163574218750000000000
-5236004.5079848542809486389160156250000000000000
19765105.3885076940059661865234375000000000000000
18461800.6880679205060005187988281250000000000000
-4896302.9760662037879228591918945312500000000000
-77632216.7114653885364532470703125000000000000000
-38405696.8959921076893806457519531250000000000000
-33451335.1087265200912952423095703125000000000000
-61853763.6598771661520004272460937500000000000000
-58232927.6599704548716545104980468750000000000000
-25080338.8584932498633861541748046875000000000000
18836418.1565302535891532897949218750000000000000
2618459.9323997301980853080749511718750000000000
-59912290.1387610957026481628417968750000000000000
-43773744.5092477276921272277832031250000000000000
-39340794.5277045071125030517578125000000000000000
9969692.9690391179174184799194335937500000000000
30155714.9320080913603305816650390625000000000000
22570848.5315297432243824005126953125000000000000
3377286.7843410531058907508850097656250000000000
18042905.4451039731502532958984375000000000000000
26074522.5538541786372661590576171875000000000000
67722040.7159214317798614501953125000000000000000
-22799937.7397017702460289001464843750000000000000
53233768.0980873480439186096191406250000000000000
-50602127.0330500453710556030273437500000000000000
10005821.9022591467946767807006835937500000000000
10028853.3129941672086715698242187500000000000000
5217195.5925206756219267845153808593750000000000
20515501.2170692645013332366943359375000000000000
20831081.4772634543478488922119140625000000000000
91578124.0973860919475555419921875000000000000000
-41179692.7463341876864433288574218750000000000000
-15626798.0147422887384891510009765625000000000000
-50108512.0063014030456542968750000000000000000000
-25713620.7864985093474388122558593750000000000000
-39412876.4864256083965301513671875000000000000000
-6079992.0501287830993533134460449218750000000000
-56316176.1754308566451072692871093750000000000000
-44360740.9640724062919616699218750000000000000000
-12481908.2101975176483392715454101562500000000000
-14623723.1916825808584690093994140625000000000000
-8738760.0244718454778194427490234375000000000000
49348537.4154914170503616333007812500000000000000
-3541085.3112435410730540752410888671875000000000
-1386672.6280968410428613424301147460937500000000
-17750700.5467175468802452087402343750000000000000
72671684.7180561572313308715820312500000000000000
-23052706.4701992161571979522705078125000000000000
19673762.1020122990012168884277343750000000000000
27038188.6664664149284362792968750000000000000000
63365009.3394843637943267822265625000000000000000
7787711.2946648718789219856262207031250000000000
-47626740.8100382313132286071777343750000000000000
-508489.0108425676007755100727081298828125000000
-31391913.6515282541513442993164062500000000000000
-16111159.4763531051576137542724609375000000000000
39558580.6681590080261230468750000000000000000000
5532415.0903882319107651710510253906250000000000
19292228.6064421795308589935302734375000000000000
-27728200.6401548422873020172119140625000000000000
20140287.9725209102034568786621093750000000000000
12822898.5130682196468114852905273437500000000000
19812584.8914722688496112823486328125000000000000
22124309.5800156630575656890869140625000000000000
47522962.2627976462244987487792968750000000000000
-32290631.3192451298236846923828125000000000000000
96020514.0905935913324356079101562500000000000000
14327835.5896901525557041168212890625000000000000
8582243.0821730922907590866088867187500000000000
12618868.6725906822830438613891601562500000000000
27132753.9194242469966411590576171875000000000000
-22380906.8364603333175182342529296875000000000000
38232638.7321751043200492858886718750000000000000
12713689.1197043620049953460693359375000000000000
35558018.8247888684272766113281250000000000000000
4284068.0112819327041506767272949218750000000000
12173306.0886862501502037048339843750000000000000
2114376.6512698265723884105682373046875000000000
-53440279.5674124807119369506835937500000000000000
50765595.7818613275885581970214843750000000000000
-4269895.5855073407292366027832031250000000000000
-39572969.2755969464778900146484375000000000000000
-7782954.3824470136314630508422851562500000000000
36178819.6110550910234451293945312500000000000000
45691080.8866626024246215820312500000000000000000
-39174345.3916175067424774169921875000000000000000
-4312344.1585682807490229606628417968750000000000
-29109644.9271750673651695251464843750000000000000
-14442994.8011090420186519622802734375000000000000
13512223.5185074638575315475463867187500000000000
5463516.2153611499816179275512695312500000000000
-9683097.6244565676897764205932617187500000000000
-53066118.7027886807918548583984375000000000000000
-5040254.1919031431898474693298339843750000000000
44333926.6604872867465019226074218750000000000000
-26826340.5961864218115806579589843750000000000000
-47013317.6367006301879882812500000000000000000000
-46420115.7080716490745544433593750000000000000000
-2178564.1129702250473201274871826171875000000000
-15068593.7796255704015493392944335937500000000000
-1939520.2677789963781833648681640625000000000000
-1679850.6205394291318953037261962890625000000000
8787503.3011322133243083953857421875000000000000
44157099.9414167329668998718261718750000000000000
-24136939.9258752726018428802490234375000000000000
-9918488.6725043747574090957641601562500000000000
14810727.6509593874216079711914062500000000000000
6884864.3884882014244794845581054687500000000000
-8052380.0847791265696287155151367187500000000000
41888546.1204081699252128601074218750000000000000
-26581803.3642988763749599456787109375000000000000
1374157.7247897703200578689575195312500000000000
18810203.4684898704290390014648437500000000000000
-51099136.6056608110666275024414062500000000000000
-45564474.8143638372421264648437500000000000000000
24287274.0471751429140567779541015625000000000000
-46930479.8207898363471031188964843750000000000000
85649162.1246774643659591674804687500000000000000
14024886.7183141503483057022094726562500000000000
-33899168.9047166332602500915527343750000000000000
-20226893.3028830103576183319091796875000000000000
-15208342.6160879991948604583740234375000000000000
-38192017.4541969820857048034667968750000000000000
11933143.0512296259403228759765625000000000000000
-3785286.8403717051260173320770263671875000000000
-21019295.0777950026094913482666015625000000000000
-12995287.6488946899771690368652343750000000000000
-25288585.4380391091108322143554687500000000000000
-32521357.0436567589640617370605468750000000000000
3624765.4486401169560849666595458984375000000000
3680234.2994300350546836853027343750000000000000
1380750.2411682235542684793472290039062500000000
7111300.3068525372073054313659667968750000000000
7946111.2415094561874866485595703125000000000000
-79856341.9605270922183990478515625000000000000000
19892162.1112037152051925659179687500000000000000
4123460.6438901475630700588226318359375000000000
34813543.3923536762595176696777343750000000000000
28865076.3393102437257766723632812500000000000000
8626907.8340034261345863342285156250000000000000
-1025884.5335618798853829503059387207031250000000
-2753902.3259546859189867973327636718750000000000
-3257797.3407147685065865516662597656250000000000
-13655620.2795870769768953323364257812500000000000
-8542701.2274130843579769134521484375000000000000
8705219.6667546257376670837402343750000000000000
24695190.6846797019243240356445312500000000000000
-5414934.6124210599809885025024414062500000000000
6001096.7869311776012182235717773437500000000000
35242085.3378455564379692077636718750000000000000
26035993.7234566435217857360839843750000000000000
1018167.5254807103192433714866638183593750000000
4625829.1458514239639043807983398437500000000000
5782878.3313171966001391410827636718750000000000
-15192365.7772958185523748397827148437500000000000
25308383.6327305547893047332763671875000000000000
20557254.2930111587047576904296875000000000000000
9839425.8793878816068172454833984375000000000000
16041442.5038164258003234863281250000000000000000
-18011541.4082445390522480010986328125000000000000
1448110.8917057856451719999313354492187500000000
-34668122.3659888282418251037597656250000000000000
16352141.6990969032049179077148437500000000000000
6376575.3792211348190903663635253906250000000000
58999407.8726935982704162597656250000000000000000
-5829213.3607029942795634269714355468750000000000
-60781773.1189868450164794921875000000000000000000
-12230851.3661331050097942352294921875000000000000
-42264947.5844353362917900085449218750000000000000
27046026.3406165987253189086914062500000000000000
15859174.7891378570348024368286132812500000000000
24931552.0431691817939281463623046875000000000000
-63698464.0728060603141784667968750000000000000000
14057061.6234873719513416290283203125000000000000
15504356.9919039513915777206420898437500000000000
55048971.7713725045323371887207031250000000000000
1249221.2603015704080462455749511718750000000000
-22516983.0952120907604694366455078125000000000000
29317512.0849767997860908508300781250000000000000
25265544.7581952214241027832031250000000000000000
22682024.7392094284296035766601562500000000000000
-34038558.4540750980377197265625000000000000000000
21440422.0734100081026554107666015625000000000000
35171583.5657129138708114624023437500000000000000
8876890.1724131423979997634887695312500000000000
-47683086.1705795228481292724609375000000000000000
2149255.8916421495378017425537109375000000000000
-849316.9925093038473278284072875976562500000000
25826337.8096071556210517883300781250000000000000
-16623994.6081808563321828842163085937500000000000
-5873529.1041650911793112754821777343750000000000
-36415337.0636014118790626525878906250000000000000
9519442.4984201174229383468627929687500000000000
-5245341.2009156607091426849365234375000000000000
3625311.8629989749751985073089599609375000000000
984487.2223235396668314933776855468750000000000
-24450011.8108746111392974853515625000000000000000
-8478891.6392856352031230926513671875000000000000
-6085871.3481550049036741256713867187500000000000
2488748.0913463551551103591918945312500000000000
37095857.8160377293825149536132812500000000000000
-7919435.2449721833691000938415527343750000000000
-18400741.4799920208752155303955078125000000000000
25621212.2137989737093448638916015625000000000000
20209532.2638414651155471801757812500000000000000
-18368452.5187782309949398040771484375000000000000
-31385903.5577607266604900360107421875000000000000
-82375848.6684047579765319824218750000000000000000
1846168.6384778702631592750549316406250000000000
-29063137.9792042523622512817382812500000000000000
13280824.6760516576468944549560546875000000000000
11909699.1614385657012462615966796875000000000000
-9529710.5761636272072792053222656250000000000000
-20315160.0650221966207027435302734375000000000000
16232305.2434503752738237380981445312500000000000
27564845.4776060953736305236816406250000000000000
-49182510.2396709769964218139648437500000000000000
-12191340.6332480031996965408325195312500000000000
11384167.1644938345998525619506835937500000000000
16062314.2391410935670137405395507812500000000000
33839188.4894756525754928588867187500000000000000
1097727.6248499848879873752593994140625000000000
-22476250.8052203543484210968017578125000000000000
4604069.3103140657767653465270996093750000000000
-19078648.7329754196107387542724609375000000000000
-52967358.0331089049577713012695312500000000000000
39701480.0319096371531486511230468750000000000000
-5075010.7716655982658267021179199218750000000000
6540219.7984979581087827682495117187500000000000
14578406.1979703977704048156738281250000000000000
-1918576.7027838921640068292617797851562500000000
19750330.8337994292378425598144531250000000000000
2284309.6821308606304228305816650390625000000000
31982383.2579668015241622924804687500000000000000
-725675.0591268888674676418304443359375000000000
49678301.5286587774753570556640625000000000000000
8531049.2228282690048217773437500000000000000000
-2805053.9439127859659492969512939453125000000000
31684939.2034524008631706237792968750000000000000
-9943449.2165674529969692230224609375000000000000
-13731377.2011685166507959365844726562500000000000
23747926.1639237701892852783203125000000000000000
10265551.0377057772129774093627929687500000000000
6944691.7115806257352232933044433593750000000000
-1312566.2189468713477253913879394531250000000000
-24547108.5650066956877708435058593750000000000000
-20412885.4079641029238700866699218750000000000000
11613656.6951727755367755889892578125000000000000
20408872.2043644897639751434326171875000000000000
-34016799.6785780712962150573730468750000000000000
25109463.4090580269694328308105468750000000000000
6433959.3093426097184419631958007812500000000000
7304816.4254022669047117233276367187500000000000
-49211767.1870310157537460327148437500000000000000
13749895.6073564011603593826293945312500000000000
-1073658.1478339000605046749114990234375000000000
-2752459.1380284475162625312805175781250000000000
-22213571.5189361311495304107666015625000000000000
-7873644.8477328848093748092651367187500000000000
-13830908.9676298219710588455200195312500000000000
-7420289.0466999271884560585021972656250000000000
19973902.6774232722818851470947265625000000000000
40285702.4368120729923248291015625000000000000000
31144274.1011666767299175262451171875000000000000
-10685790.6343897301703691482543945312500000000000
-3688809.7141566150821745395660400390625000000000
-48112837.1540910974144935607910156250000000000000
31420655.7185552120208740234375000000000000000000
-32868220.5784627906978130340576171875000000000000
8651475.7272780239582061767578125000000000000000
3161313.5890410081483423709869384765625000000000
-40688958.0934094414114952087402343750000000000000
-6895756.3272261712700128555297851562500000000000
5548013.4858738519251346588134765625000000000000
-18487389.5528036914765834808349609375000000000000
-12551162.5036889370530843734741210937500000000000
13431123.2606722153723239898681640625000000000000
3265794.7436294639483094215393066406250000000000
8280706.3511517895385622978210449218750000000000
1001017.1857636891072615981101989746093750000000
-7791323.7617191197350621223449707031250000000000
12551547.2814834956079721450805664062500000000000
20529545.0341751575469970703125000000000000000000
4115911.6959823709912598133087158203125000000000
