-4.1902539537788072721014032140374183654785
1698.2727456630948381643975153565406799316406
-192668.4388468014367390424013137817382812500000
9792458.2883689999580383300781250000000000000000
-279959161.7066111564636230468750000000000000000000
5081356040.1838159561157226562500000000000000000000
-62841957023.5999755859375000000000000000000000000000
552751354772.4848632812500000000000000000000000000000
-3545062861417.0859375000000000000000000000000000000000
16758318972083.0312500000000000000000000000000000000000
-58214344846173.1328125000000000000000000000000000000000
145539676755966.5937500000000000000000000000000000000000
-249065109877051.3125000000000000000000000000000000000000
262019731246820.6250000000000000000000000000000000000000
-145602716938443.5625000000000000000000000000000000000000
158567725579655.9062500000000000000000000000000000000000
-539351260455847.8750000000000000000000000000000000000000
723919275311181.3750000000000000000000000000000000000000
-479350485052.3958129882812500000000000000000000000000
-621294416857369.6250000000000000000000000000000000000000
-46520000858612.0937500000000000000000000000000000000000
125355445673674.1093750000000000000000000000000000000000
1463736943669493.0000000000000000000000000000000000000000
-1374431658498431.5000000000000000000000000000000000000000
-385422734344195.7500000000000000000000000000000000000000
-56713001352886.3437500000000000000000000000000000000000
439135504008225.1875000000000000000000000000000000000000
714897709245669.0000000000000000000000000000000000000000
289511544265334.0000000000000000000000000000000000000000
-468020988167314.9375000000000000000000000000000000000000
-1344539462843694.7500000000000000000000000000000000000000
743103990156418.5000000000000000000000000000000000000000
-553077569891183.6875000000000000000000000000000000000000
57033584338987.1484375000000000000000000000000000000000
1776321885923610.5000000000000000000000000000000000000000
26102634278883.0703125000000000000000000000000000000000
-238448285412766.1250000000000000000000000000000000000000
-1448095454155782.7500000000000000000000000000000000000000
575467988579253.5000000000000000000000000000000000000000
-1047444741579090.6250000000000000000000000000000000000000
683971213140656.8750000000000000000000000000000000000000
-597947655151651.6250000000000000000000000000000000000000
1238621110407364.0000000000000000000000000000000000000000
336297841988533.8750000000000000000000000000000000000000
195213520276251.0312500000000000000000000000000000000000
-876639401007939.8750000000000000000000000000000000000000
581109625514869.1250000000000000000000000000000000000000
280827385325379.4062500000000000000000000000000000000000
120106240026568.0000000000000000000000000000000000000000
-1123750203007132.7500000000000000000000000000000000000000
-1259887031860038.5000000000000000000000000000000000000000
499038035008052.0625000000000000000000000000000000000000
-880466925729372.6250000000000000000000000000000000000000
1777176288785651.7500000000000000000000000000000000000000
641401601245286.6250000000000000000000000000000000000000
-5334753145744.9121093750000000000000000000000000000000
77659463760109.3593750000000000000000000000000000000000
37063412004615.7421875000000000000000000000000000000000
8372542889445.6318359375000000000000000000000000000000
275420811422650.2187500000000000000000000000000000000000
-545890048142767.4375000000000000000000000000000000000000
-141369592101907.3125000000000000000000000000000000000000
-330657148137060.3750000000000000000000000000000000000000
-237084479547497.6875000000000000000000000000000000000000
-354168030842278.7500000000000000000000000000000000000000
-343392400974295.4375000000000000000000000000000000000000
-87379132325043.6718750000000000000000000000000000000000
441015798688332.1875000000000000000000000000000000000000
-229740153393254.7500000000000000000000000000000000000000
245126970065290.1562500000000000000000000000000000000000
561559776265421.6250000000000000000000000000000000000000
351872745609105.1875000000000000000000000000000000000000
725746304268094.1250000000000000000000000000000000000000
-72448281964924.0625000000000000000000000000000000000000
250648514588589.7812500000000000000000000000000000000000
-78956824491098.0937500000000000000000000000000000000000
-227542982934815.7187500000000000000000000000000000000000
-136289456012639.3906250000000000000000000000000000000000
-289049457302083.9375000000000000000000000000000000000000
-163304647716702.2812500000000000000000000000000000000000
-383381640780146.5000000000000000000000000000000000000000
-547031826663219.2500000000000000000000000000000000000000
-159392032064156.1250000000000000000000000000000000000000
-268222132228846.3437500000000000000000000000000000000000
-229034897370813.2500000000000000000000000000000000000000
249805424458722.0625000000000000000000000000000000000000
304904170506258.1250000000000000000000000000000000000000
270567145300929.3750000000000000000000000000000000000000
-525481596341812.8125000000000000000000000000000000000000
244005588064599.5937500000000000000000000000000000000000
510584306508288.9375000000000000000000000000000000000000
212954037545436.2812500000000000000000000000000000000000
414386478722135.3750000000000000000000000000000000000000
431743954829231.6250000000000000000000000000000000000000
572029507932079.8750000000000000000000000000000000000000
25151557668020.9296875000000000000000000000000000000000
-138840968055648.5156250000000000000000000000000000000000
281958653413372.1875000000000000000000000000000000000000
-477321670886204.5625000000000000000000000000000000000000
77782714042610.9843750000000000000000000000000000000000
-65960056790621.3203125000000000000000000000000000000000
-527304242206547.0000000000000000000000000000000000000000
-307113371720412.3750000000000000000000000000000000000000
-972268118027012.6250000000000000000000000000000000000000
-240068445297234.6250000000000000000000000000000000000000
237755819361673.7187500000000000000000000000000000000000
-420815497901125.2500000000000000000000000000000000000000
22887568739754.8515625000000000000000000000000000000000
-254717091641469.9062500000000000000000000000000000000000
-415898469054287.8125000000000000000000000000000000000000
357051139518010.1250000000000000000000000000000000000000
98347145280109.9218750000000000000000000000000000000000
108603503588728.3750000000000000000000000000000000000000
86503034231766.0937500000000000000000000000000000000000
708911335070399.2500000000000000000000000000000000000000
151514042949153.7187500000000000000000000000000000000000
526724540139713.0000000000000000000000000000000000000000
171600069880951.5625000000000000000000000000000000000000
434908453112061.1250000000000000000000000000000000000000
363063824131479.2500000000000000000000000000000000000000
181801154714026.5625000000000000000000000000000000000000
168635961525717.6875000000000000000000000000000000000000
173801352105563.4062500000000000000000000000000000000000
-100863319748655.8593750000000000000000000000000000000000
95661035299005.5312500000000000000000000000000000000000
-261425838260118.1875000000000000000000000000000000000000
-215682807657125.6562500000000000000000000000000000000000
-446743775241968.2500000000000000000000000000000000000000
-613987008822732.5000000000000000000000000000000000000000
102468242504169.6406250000000000000000000000000000000000
-64622565342245.0312500000000000000000000000000000000000
-417680904938724.8125000000000000000000000000000000000000
-226417096597887.7187500000000000000000000000000000000000
-516698566439384.5000000000000000000000000000000000000000
157590262721689.5937500000000000000000000000000000000000
235928132713201.7187500000000000000000000000000000000000
-506567633743495.3750000000000000000000000000000000000000
-462976150784707.1875000000000000000000000000000000000000
-425791431214898.0000000000000000000000000000000000000000
-80890826469255.5781250000000000000000000000000000000000
376165342997130.6250000000000000000000000000000000000000
378853610755370.3125000000000000000000000000000000000000
-314540985274427.5000000000000000000000000000000000000000
592199443162626.5000000000000000000000000000000000000000
-161108969386368.5312500000000000000000000000000000000000
486726477480885.3750000000000000000000000000000000000000
438055599960749.4375000000000000000000000000000000000000
138938668058289.3750000000000000000000000000000000000000
212701738048660.6875000000000000000000000000000000000000
376392616187509.8750000000000000000000000000000000000000
687713689776319.0000000000000000000000000000000000000000
-579515267918726.6250000000000000000000000000000000000000
505390681296818.6250000000000000000000000000000000000000
49245186890085.7656250000000000000000000000000000000000
102769724928120.6250000000000000000000000000000000000000
-73138840534322.4375000000000000000000000000000000000000
-268265682696140.4687500000000000000000000000000000000000
312690610552780.5625000000000000000000000000000000000000
247213238136278.9687500000000000000000000000000000000000
594900038116176.6250000000000000000000000000000000000000
-256826751194857.4375000000000000000000000000000000000000
-486277385754477.5000000000000000000000000000000000000000
-34468220540993.9960937500000000000000000000000000000000
-588045857385920.8750000000000000000000000000000000000000
-176889487912192.0625000000000000000000000000000000000000
-332274028514906.9375000000000000000000000000000000000000
-726669644597536.5000000000000000000000000000000000000000
367700433522809.9375000000000000000000000000000000000000
-307778529229652.3125000000000000000000000000000000000000
-93452485423641.9062500000000000000000000000000000000000
-100932368609417.8125000000000000000000000000000000000000
-53042835497801.7812500000000000000000000000000000000000
-405695691321357.1250000000000000000000000000000000000000
216557530679894.7500000000000000000000000000000000000000
-795365004253220.2500000000000000000000000000000000000000
158556855899246.0625000000000000000000000000000000000000
613133886708197.1250000000000000000000000000000000000000
90496453958036.4687500000000000000000000000000000000000
-169734952543854.4687500000000000000000000000000000000000
-96160693920968.7343750000000000000000000000000000000000
-350291990306585.7500000000000000000000000000000000000000
38858481155361.9218750000000000000000000000000000000000
-118028581404159.8281250000000000000000000000000000000000
-115098323875889.7187500000000000000000000000000000000000
745092301495204.2500000000000000000000000000000000000000
425572642633021.5000000000000000000000000000000000000000
-146956358331754.2500000000000000000000000000000000000000
319213611362871.4375000000000000000000000000000000000000
194227098232877.5625000000000000000000000000000000000000
274224232152857.8125000000000000000000000000000000000000
-484624352972709.0625000000000000000000000000000000000000
218362150151250.9062500000000000000000000000000000000000
273653851063921.4375000000000000000000000000000000000000
201936066662304.6875000000000000000000000000000000000000
59213881156483.3515625000000000000000000000000000000000
442850551642944.3125000000000000000000000000000000000000
71667906155573.3906250000000000000000000000000000000000
403368868366212.1875000000000000000000000000000000000000
-313221328735557.7500000000000000000000000000000000000000
377791721202191.3750000000000000000000000000000000000000
245996274306091.6250000000000000000000000000000000000000
855890350164471.1250000000000000000000000000000000000000
-630232832797923.5000000000000000000000000000000000000000
374847454696000.5625000000000000000000000000000000000000
-821766978880179.1250000000000000000000000000000000000000
-19110202911587.1250000000000000000000000000000000000000
46401281465515.1953125000000000000000000000000000000000
595415931879173.7500000000000000000000000000000000000000
-979465029194756.6250000000000000000000000000000000000000
-347962878774806.0625000000000000000000000000000000000000
-429450236991282.6250000000000000000000000000000000000000
62527013073259.0234375000000000000000000000000000000000
-215745587930918.3437500000000000000000000000000000000000
-119293987771842.0312500000000000000000000000000000000000
-218932731099279.8125000000000000000000000000000000000000
-55572420874671.7734375000000000000000000000000000000000
-364596257347669.2500000000000000000000000000000000000000
-2256733526120.3237304687500000000000000000000000000000
-985861263041178.3750000000000000000000000000000000000000
86957647676218.9062500000000000000000000000000000000000
186116575946473.2187500000000000000000000000000000000000
-8723794259592.6904296875000000000000000000000000000000
-152000836691744.3437500000000000000000000000000000000000
-151558522577876.0000000000000000000000000000000000000000
-233510580715914.0000000000000000000000000000000000000000
-84579049980054.5781250000000000000000000000000000000000
-570508275666013.3750000000000000000000000000000000000000
-83784260965803.9375000000000000000000000000000000000000
882912512975427.3750000000000000000000000000000000000000
379219544829829.6875000000000000000000000000000000000000
-300340056674581.0625000000000000000000000000000000000000
333838691641078.1250000000000000000000000000000000000000
343946928858594.8125000000000000000000000000000000000000
321427544669267.8125000000000000000000000000000000000000
400646968335832.1875000000000000000000000000000000000000
-452647774000446.5000000000000000000000000000000000000000
1067101196169280.5000000000000000000000000000000000000000
344356535185327.8125000000000000000000000000000000000000
-287503313688898.6875000000000000000000000000000000000000
-72967161997398.9218750000000000000000000000000000000000
-619782659962036.2500000000000000000000000000000000000000
-116938209497638.5781250000000000000000000000000000000000
459142218105303.0625000000000000000000000000000000000000
270653501941189.5312500000000000000000000000000000000000
726499527167235.7500000000000000000000000000000000000000
222596090287107.0312500000000000000000000000000000000000
29759321551997.4765625000000000000000000000000000000000
402351127743191.4375000000000000000000000000000000000000
-29590505531437.8007812500000000000000000000000000000000
-85541934081221.2343750000000000000000000000000000000000
98946131609126.3750000000000000000000000000000000000000
-282479546436301.9375000000000000000000000000000000000000
-540563596226256.4375000000000000000000000000000000000000
202319929226797.8437500000000000000000000000000000000000
-343784894602886.9375000000000000000000000000000000000000
-174733659562389.8125000000000000000000000000000000000000
-241481343722364.0625000000000000000000000000000000000000
553443184963236.6875000000000000000000000000000000000000
-591599881110841.3750000000000000000000000000000000000000
-94635138646739.7187500000000000000000000000000000000000
-283997471196203.1250000000000000000000000000000000000000
439966513135705.0000000000000000000000000000000000000000
601431546603509.0000000000000000000000000000000000000000
-651314872084740.3750000000000000000000000000000000000000
78880899265735.9687500000000000000000000000000000000000
215447609609483.8437500000000000000000000000000000000000
-213386009920562.7812500000000000000000000000000000000000
-162533424693999.7187500000000000000000000000000000000000
-927259703127688.1250000000000000000000000000000000000000
386566353053773.5625000000000000000000000000000000000000
605380674473887.6250000000000000000000000000000000000000
-403021191949737.2500000000000000000000000000000000000000
318049039435834.1875000000000000000000000000000000000000
158960036055589.0000000000000000000000000000000000000000
-391732717837059.3125000000000000000000000000000000000000
-527798157347998.3125000000000000000000000000000000000000
714565245069653.1250000000000000000000000000000000000000
-137276596494298.7500000000000000000000000000000000000000
-161074806621629.8125000000000000000000000000000000000000
234142670947266.2187500000000000000000000000000000000000
239021401650259.4687500000000000000000000000000000000000
-11306797112302.1191406250000000000000000000000000000000
-594846124429860.5000000000000000000000000000000000000000
227267332842505.5000000000000000000000000000000000000000
-489811876637403.0000000000000000000000000000000000000000
-346368734097986.0625000000000000000000000000000000000000
-103566995725635.1875000000000000000000000000000000000000
-159571559038288.6250000000000000000000000000000000000000
-513309972299967.8125000000000000000000000000000000000000
14192405812183.1601562500000000000000000000000000000000
-36568688173014.1718750000000000000000000000000000000000
761011042573257.2500000000000000000000000000000000000000
-361452209123659.6250000000000000000000000000000000000000
663332595617003.5000000000000000000000000000000000000000
363492447134220.3125000000000000000000000000000000000000
705206246362480.3750000000000000000000000000000000000000
-1259821098380159.5000000000000000000000000000000000000000
-670071608441196.1250000000000000000000000000000000000000
450862686317799.5000000000000000000000000000000000000000
-633512816510267.7500000000000000000000000000000000000000
-208151839771431.3750000000000000000000000000000000000000
490563508685997.6875000000000000000000000000000000000000
968760312269250.1250000000000000000000000000000000000000
-992487656331898.1250000000000000000000000000000000000000
241630550003788.8125000000000000000000000000000000000000
422214831035927.4375000000000000000000000000000000000000
-303536243231625.8750000000000000000000000000000000000000
431344767443662.6250000000000000000000000000000000000000
834709272520150.5000000000000000000000000000000000000000
-301457071079322.0625000000000000000000000000000000000000
322917198474333.0625000000000000000000000000000000000000
510561488506312.3750000000000000000000000000000000000000
-575531455386516.7500000000000000000000000000000000000000
-128438545274482.2343750000000000000000000000000000000000
475472776385580.1875000000000000000000000000000000000000
25614543956179.0664062500000000000000000000000000000000
-364168528075275.2500000000000000000000000000000000000000
15222854750037.9648437500000000000000000000000000000000
-94089505510516.8437500000000000000000000000000000000000
165323564779371.5000000000000000000000000000000000000000
6589428478253.4521484375000000000000000000000000000000
191595288182570.0312500000000000000000000000000000000000
414479859594159.6875000000000000000000000000000000000000
-45453706384328.7421875000000000000000000000000000000000
368030474426051.6875000000000000000000000000000000000000
-45399836745695.9531250000000000000000000000000000000000
693250133081396.0000000000000000000000000000000000000000
136323089098745.1250000000000000000000000000000000000000
-98228835741513.4375000000000000000000000000000000000000
-77967436156940.6250000000000000000000000000000000000000
58157275401734.4062500000000000000000000000000000000000
-623926135903223.1250000000000000000000000000000000000000
96117044617630.1093750000000000000000000000000000000000
414587200305822.3125000000000000000000000000000000000000
-23336590260906.9609375000000000000000000000000000000000
21288563320045.5507812500000000000000000000000000000000
255227502209432.7187500000000000000000000000000000000000
-78225731621242.1562500000000000000000000000000000000000
319978382362827.8125000000000000000000000000000000000000
-189090592236868.1562500000000000000000000000000000000000
-440897132525119.0625000000000000000000000000000000000000
-592501077284139.5000000000000000000000000000000000000000
-323906967384668.4375000000000000000000000000000000000000
-275259992244873.4687500000000000000000000000000000000000
553873604806318.1875000000000000000000000000000000000000
-439282684803231.8750000000000000000000000000000000000000
-567642985203345.2500000000000000000000000000000000000000
-567102558724638.8750000000000000000000000000000000000000
-373015382761715.0625000000000000000000000000000000000000
-163205599234035.5000000000000000000000000000000000000000
435179356214870.6250000000000000000000000000000000000000
-183022839810885.1562500000000000000000000000000000000000
-568705874702442.5000000000000000000000000000000000000000
431605350595023.4375000000000000000000000000000000000000
-419921867545713.5625000000000000000000000000000000000000
-111432104544168.6093750000000000000000000000000000000000
298933555874863.3750000000000000000000000000000000000000
34774648878613.1445312500000000000000000000000000000000
84862169036624.7968750000000000000000000000000000000000
-526362323496233.0625000000000000000000000000000000000000
283978754711500.9375000000000000000000000000000000000000
-431061952523509.2500000000000000000000000000000000000000
393327145950771.5000000000000000000000000000000000000000
-514918259403463.7500000000000000000000000000000000000000
711786380065523.0000000000000000000000000000000000000000
-568564780305464.1250000000000000000000000000000000000000
-454746403549509.3125000000000000000000000000000000000000
560320898270608.5000000000000000000000000000000000000000
185161794464503.5312500000000000000000000000000000000000
-2029075579007.3339843750000000000000000000000000000000
638845891868203.2500000000000000000000000000000000000000
-187176468152024.3437500000000000000000000000000000000000
638916580399349.8750000000000000000000000000000000000000
-372572922413037.3125000000000000000000000000000000000000
-296541662563318.4375000000000000000000000000000000000000
474203612956973.7500000000000000000000000000000000000000
-754764907827000.5000000000000000000000000000000000000000
-156235570429807.3125000000000000000000000000000000000000
883016764191699.6250000000000000000000000000000000000000
117570084158689.3750000000000000000000000000000000000000
877200401383930.1250000000000000000000000000000000000000
-344095974092222.0000000000000000000000000000000000000000
-1325991993932318.7500000000000000000000000000000000000000
86173694488838.7500000000000000000000000000000000000000
332367538687112.3125000000000000000000000000000000000000
-181817879830395.3437500000000000000000000000000000000000
562850415033193.3750000000000000000000000000000000000000
508603649063455.5000000000000000000000000000000000000000
-481984192355763.8750000000000000000000000000000000000000
-132972829681536.4687500000000000000000000000000000000000
297034502291675.3125000000000000000000000000000000000000
-288859381724361.1250000000000000000000000000000000000000
223945402832397.0625000000000000000000000000000000000000
-693328299494052.7500000000000000000000000000000000000000
209838685078592.9687500000000000000000000000000000000000
262151410957655.9687500000000000000000000000000000000000
1050529520305425.6250000000000000000000000000000000000000
1114851516435352.0000000000000000000000000000000000000000
256736443290978.3125000000000000000000000000000000000000
-597267083783548.6250000000000000000000000000000000000000
-622231500330207.0000000000000000000000000000000000000000
554756925320505.8125000000000000000000000000000000000000
221145724947997.8437500000000000000000000000000000000000
514120490946668.6875000000000000000000000000000000000000
260203113963422.5625000000000000000000000000000000000000
396720312119461.6875000000000000000000000000000000000000
-34336311419812.1015625000000000000000000000000000000000
-242367530613235.3750000000000000000000000000000000000000
-796383362963661.3750000000000000000000000000000000000000
-75004749303221.2187500000000000000000000000000000000000
-29290898632925.4570312500000000000000000000000000000000
57152752566247.0625000000000000000000000000000000000000
274307216733971.1562500000000000000000000000000000000000
517586827134724.0625000000000000000000000000000000000000
535560941035769.8750000000000000000000000000000000000000
-917390217586446.0000000000000000000000000000000000000000
-667688952463064.2500000000000000000000000000000000000000
234731675370979.2500000000000000000000000000000000000000
-35732335403341.5703125000000000000000000000000000000000
-813312391245094.5000000000000000000000000000000000000000
-774858290342127.3750000000000000000000000000000000000000
404302603529910.3125000000000000000000000000000000000000
-512522593013817.6875000000000000000000000000000000000000
524735877036327.7500000000000000000000000000000000000000
-219222546609144.8125000000000000000000000000000000000000
-39587638461725.5156250000000000000000000000000000000000
718351890237656.1250000000000000000000000000000000000000
451129511554088.4375000000000000000000000000000000000000
-557154733423121.5000000000000000000000000000000000000000
787551877269727.7500000000000000000000000000000000000000
-1002749392283537.1250000000000000000000000000000000000000
834615380921966.5000000000000000000000000000000000000000
-20638946699857.3125000000000000000000000000000000000000
771724246018049.5000000000000000000000000000000000000000
-905495339241337.7500000000000000000000000000000000000000
-121352652159307.4218750000000000000000000000000000000000
-352436267446092.6875000000000000000000000000000000000000
659855163041631.7500000000000000000000000000000000000000
-1387472925715198.7500000000000000000000000000000000000000
24047067990822.1289062500000000000000000000000000000000
-705358479733102.6250000000000000000000000000000000000000
-603213911815716.2500000000000000000000000000000000000000
-637022364849025.0000000000000000000000000000000000000000
825504284017210.5000000000000000000000000000000000000000
-336064853657742.4375000000000000000000000000000000000000
12970400369344.8925781250000000000000000000000000000000
607454433933785.2500000000000000000000000000000000000000
-111056193009645.9218750000000000000000000000000000000000
-380034638664082.8125000000000000000000000000000000000000
-501635102234462.1250000000000000000000000000000000000000
395912852754481.5625000000000000000000000000000000000000
-106211279696703.5625000000000000000000000000000000000000
155559285356946.6562500000000000000000000000000000000000
-95004329021110.5781250000000000000000000000000000000000
69067625464805.4218750000000000000000000000000000000000
-177721395766352.8750000000000000000000000000000000000000
197348385516165.2500000000000000000000000000000000000000
536710503275904.5000000000000000000000000000000000000000
202442514980822.1875000000000000000000000000000000000000
400355933954604.8125000000000000000000000000000000000000
-422109857697876.2500000000000000000000000000000000000000
-366815382894826.4375000000000000000000000000000000000000
-681536913776725.3750000000000000000000000000000000000000
152475182299523.3437500000000000000000000000000000000000
153060661382638.2500000000000000000000000000000000000000
-224389074707706.7812500000000000000000000000000000000000
1558939179104484.7500000000000000000000000000000000000000
-233582349112046.8437500000000000000000000000000000000000
-208864931159718.3750000000000000000000000000000000000000
350988249883815.5000000000000000000000000000000000000000
302686527729817.5000000000000000000000000000000000000000
-1033159256813778.2500000000000000000000000000000000000000
9818861050329.0742187500000000000000000000000000000000
685447652112147.0000000000000000000000000000000000000000
-907977488756730.0000000000000000000000000000000000000000
686897992699878.6250000000000000000000000000000000000000
-149444339976676.5937500000000000000000000000000000000000
-267657562822414.6562500000000000000000000000000000000000
-755516902432775.7500000000000000000000000000000000000000
714621130567064.1250000000000000000000000000000000000000
124756034581579.8281250000000000000000000000000000000000
-667094749048583.0000000000000000000000000000000000000000
737226105636514.1250000000000000000000000000000000000000
-406864700921343.0000000000000000000000000000000000000000
-1134561191252215.7500000000000000000000000000000000000000
96389069419629.7031250000000000000000000000000000000000
390028991295334.7500000000000000000000000000000000000000
881176007199488.6250000000000000000000000000000000000000
373142084743020.1250000000000000000000000000000000000000
825586011341925.6250000000000000000000000000000000000000
110343034095448.8750000000000000000000000000000000000000
-299435385452295.5625000000000000000000000000000000000000
19434395653835.6757812500000000000000000000000000000000
812579710034468.0000000000000000000000000000000000000000
1475472625614568.7500000000000000000000000000000000000000
-396827451660486.6875000000000000000000000000000000000000
41969457285205.6406250000000000000000000000000000000000
-914618596904476.7500000000000000000000000000000000000000
113056805840568.1875000000000000000000000000000000000000
475840274250033.4375000000000000000000000000000000000000
-1057813465323456.6250000000000000000000000000000000000000
63028788305234.4140625000000000000000000000000000000000
506500410526145.8750000000000000000000000000000000000000
1188920098070889.5000000000000000000000000000000000000000
-189251778842401.8437500000000000000000000000000000000000
-133830778357345.9218750000000000000000000000000000000000
-21503991611943.6210937500000000000000000000000000000000
-633968739166508.1250000000000000000000000000000000000000
-370671935825591.5000000000000000000000000000000000000000
46477520707283.7031250000000000000000000000000000000000
-731355943368938.1250000000000000000000000000000000000000
1031480053763271.8750000000000000000000000000000000000000
102570751661422.4531250000000000000000000000000000000000
759283396758492.0000000000000000000000000000000000000000
47121291285081.8281250000000000000000000000000000000000
-1095732581737567.1250000000000000000000000000000000000000
850787810015980.7500000000000000000000000000000000000000
-1543237384943914.2500000000000000000000000000000000000000
650926439333816.2500000000000000000000000000000000000000
496303226909261.7500000000000000000000000000000000000000
322617164743959.3125000000000000000000000000000000000000
215530157226080.0312500000000000000000000000000000000000
-225546254904733.5937500000000000000000000000000000000000
40246204179739.8750000000000000000000000000000000000000
-686838502428443.5000000000000000000000000000000000000000
395724117078345.1250000000000000000000000000000000000000
-392778682367514.0000000000000000000000000000000000000000
-337043880005944.3750000000000000000000000000000000000000
-268760216790295.9687500000000000000000000000000000000000
40175186214241.7500000000000000000000000000000000000000
-340693464097432.2500000000000000000000000000000000000000
-250139475418639.0312500000000000000000000000000000000000
579441825012494.3750000000000000000000000000000000000000
124391656531192.0312500000000000000000000000000000000000
-598654950851958.1250000000000000000000000000000000000000
1058144525284667.0000000000000000000000000000000000000000
30204456614347.1015625000000000000000000000000000000000
-138645510670888.7343750000000000000000000000000000000000
-7625053780521.6318359375000000000000000000000000000000
385233883731146.0000000000000000000000000000000000000000
-224905792985571.0000000000000000000000000000000000000000
-895055367138474.1250000000000000000000000000000000000000
618791005238071.1250000000000000000000000000000000000000
597336899628615.5000000000000000000000000000000000000000
45551009743785.2812500000000000000000000000000000000000
-1557236150673200.2500000000000000000000000000000000000000
-1140327335592855.0000000000000000000000000000000000000000
94862660509688.7968750000000000000000000000000000000000
-371705323256959.1250000000000000000000000000000000000000
76864534354544.5781250000000000000000000000000000000000
-48061456242010.3046875000000000000000000000000000000000
-454171900384291.2500000000000000000000000000000000000000
1057935469823666.6250000000000000000000000000000000000000
-176796974232347.3750000000000000000000000000000000000000
407950208262597.5625000000000000000000000000000000000000
-187973866447546.6250000000000000000000000000000000000000
-475795744716672.0000000000000000000000000000000000000000
-289901429625210.0625000000000000000000000000000000000000
37290923924939.2109375000000000000000000000000000000000
90540526714239.6875000000000000000000000000000000000000
-771041044744219.0000000000000000000000000000000000000000
136615276534786.2812500000000000000000000000000000000000
14352846904810.1035156250000000000000000000000000000000
-204087843341330.2500000000000000000000000000000000000000
-751475460293391.8750000000000000000000000000000000000000
-35127508124095.7343750000000000000000000000000000000000
973429782126143.1250000000000000000000000000000000000000
-659355698111121.7500000000000000000000000000000000000000
1128748809080634.2500000000000000000000000000000000000000
-144943222524173.9375000000000000000000000000000000000000
-733612864875887.0000000000000000000000000000000000000000
614220954994067.5000000000000000000000000000000000000000
-858866547844790.8750000000000000000000000000000000000000
591712127581615.8750000000000000000000000000000000000000
69998874084122.1718750000000000000000000000000000000000
-141231018991947.3437500000000000000000000000000000000000
373265102090120.4375000000000000000000000000000000000000
-885177675525382.5000000000000000000000000000000000000000
432492732389466.7500000000000000000000000000000000000000
-301135028239154.0625000000000000000000000000000000000000
-205321822369163.2812500000000000000000000000000000000000
197303822873436.6250000000000000000000000000000000000000
-627056635878379.1250000000000000000000000000000000000000
276827919900642.0625000000000000000000000000000000000000
-90764375499408.7656250000000000000000000000000000000000
-327251849811681.0625000000000000000000000000000000000000
2161160906749539.0000000000000000000000000000000000000000
71030775451832.8906250000000000000000000000000000000000
872496271314361.6250000000000000000000000000000000000000
-468766331189800.2500000000000000000000000000000000000000
-491524776189978.0625000000000000000000000000000000000000
-114198125919302.0312500000000000000000000000000000000000
-720366698234626.8750000000000000000000000000000000000000
773402893458561.3750000000000000000000000000000000000000
301376976271853.0625000000000000000000000000000000000000
-1055781895585296.3750000000000000000000000000000000000000
1173483784297371.2500000000000000000000000000000000000000
305754472959162.0625000000000000000000000000000000000000
671093018785975.0000000000000000000000000000000000000000
759648905122948.5000000000000000000000000000000000000000
-228763017255851.3125000000000000000000000000000000000000
-527201977901956.8750000000000000000000000000000000000000
-1155534864808225.7500000000000000000000000000000000000000
1128116284728425.2500000000000000000000000000000000000000
50689269377634.9296875000000000000000000000000000000000
536595810559694.5000000000000000000000000000000000000000
179775632952080.7812500000000000000000000000000000000000
-320387906846117.5625000000000000000000000000000000000000
268189864058976.8125000000000000000000000000000000000000
923971882757990.7500000000000000000000000000000000000000
582944189447847.1250000000000000000000000000000000000000
-109664759202159.3437500000000000000000000000000000000000
131314730833076.2656250000000000000000000000000000000000
-670676980598922.6250000000000000000000000000000000000000
-198187853773814.6250000000000000000000000000000000000000
588516577974894.6250000000000000000000000000000000000000
204497994490784.2187500000000000000000000000000000000000
453664242669046.8125000000000000000000000000000000000000
-74615156949888.3125000000000000000000000000000000000000
324711803379209.9375000000000000000000000000000000000000
28078430675131.8945312500000000000000000000000000000000
921009978682863.8750000000000000000000000000000000000000
610401452358894.5000000000000000000000000000000000000000
-952164229837944.7500000000000000000000000000000000000000
7915340334035.1972656250000000000000000000000000000000
-490226286897919.1875000000000000000000000000000000000000
-737364107393256.8750000000000000000000000000000000000000
-451837547148140.8750000000000000000000000000000000000000
-488052582382353.4375000000000000000000000000000000000000
1369589109740379.7500000000000000000000000000000000000000
-539012252413169.8750000000000000000000000000000000000000
770341225383894.2500000000000000000000000000000000000000
657352263367020.8750000000000000000000000000000000000000
421274357634049.0625000000000000000000000000000000000000
41663384263019.3828125000000000000000000000000000000000
-331140214815801.4375000000000000000000000000000000000000
-851370461854668.7500000000000000000000000000000000000000
-1417547126191738.2500000000000000000000000000000000000000
-1082615265238397.3750000000000000000000000000000000000000
133651381807444.7656250000000000000000000000000000000000
-1727716175530128.0000000000000000000000000000000000000000
-693635814760529.0000000000000000000000000000000000000000
234489984536283.4062500000000000000000000000000000000000
1226034413225361.0000000000000000000000000000000000000000
-571424210823713.8750000000000000000000000000000000000000
-16644718762978.0039062500000000000000000000000000000000
-969503676168190.8750000000000000000000000000000000000000
361900487960547.1875000000000000000000000000000000000000
1492418581487629.5000000000000000000000000000000000000000
-297127094835399.6875000000000000000000000000000000000000
202237126183031.6875000000000000000000000000000000000000
332130526582768.7500000000000000000000000000000000000000
-318713793001512.6875000000000000000000000000000000000000
-459667299636278.8750000000000000000000000000000000000000
999499815857744.6250000000000000000000000000000000000000
-578058949276431.2500000000000000000000000000000000000000
132061452795743.7500000000000000000000000000000000000000
3702431427926.4711914062500000000000000000000000000000
-83839404360881.2031250000000000000000000000000000000000
517546598735775.9375000000000000000000000000000000000000
-544789552419639.2500000000000000000000000000000000000000
-1472070692092031.5000000000000000000000000000000000000000
-354994412905611.3750000000000000000000000000000000000000
-654747162584209.6250000000000000000000000000000000000000
1019601702228088.1250000000000000000000000000000000000000
541632746355415.6875000000000000000000000000000000000000
4988757092037.8632812500000000000000000000000000000000
-150884936287504.2187500000000000000000000000000000000000
-1031450494840099.0000000000000000000000000000000000000000
-488266438092635.6875000000000000000000000000000000000000
-95845316231274.8593750000000000000000000000000000000000
-597001328343613.5000000000000000000000000000000000000000
-229353623113595.4375000000000000000000000000000000000000
-111201801233185.7656250000000000000000000000000000000000
-170513638222477.0937500000000000000000000000000000000000
341423563623794.1875000000000000000000000000000000000000
728884737827494.7500000000000000000000000000000000000000
441242784402179.8750000000000000000000000000000000000000
1252505356862783.5000000000000000000000000000000000000000
-224208469973513.7812500000000000000000000000000000000000
850443688594694.2500000000000000000000000000000000000000
101308909904651.7187500000000000000000000000000000000000
107169955585402.4062500000000000000000000000000000000000
-576852243066075.8750000000000000000000000000000000000000
148984712666177.1562500000000000000000000000000000000000
-588661099176713.2500000000000000000000000000000000000000
450869242686276.2500000000000000000000000000000000000000
313557370434250.9375000000000000000000000000000000000000
141477648494899.1875000000000000000000000000000000000000
-446766583240226.3125000000000000000000000000000000000000
-461173306484140.6875000000000000000000000000000000000000
-21541623430457.2773437500000000000000000000000000000000
906733187876473.7500000000000000000000000000000000000000
51437251221974.7031250000000000000000000000000000000000
343969803279766.2500000000000000000000000000000000000000
-1017777574307100.7500000000000000000000000000000000000000
-937583187517139.7500000000000000000000000000000000000000
-1456482222766731.0000000000000000000000000000000000000000
769670888873652.3750000000000000000000000000000000000000
706575998133555.5000000000000000000000000000000000000000
-1342230240399634.2500000000000000000000000000000000000000
12249734683228.1972656250000000000000000000000000000000
-325797536492669.3125000000000000000000000000000000000000
480045622700867.4375000000000000000000000000000000000000
642827122517553.7500000000000000000000000000000000000000
45751652814965.0078125000000000000000000000000000000000
759281392501395.3750000000000000000000000000000000000000
143736879951082.1250000000000000000000000000000000000000
121700103188023.6875000000000000000000000000000000000000
-14192777036334.7500000000000000000000000000000000000000
-162066421998197.4687500000000000000000000000000000000000
-129299389129835.3593750000000000000000000000000000000000
1170763588572262.5000000000000000000000000000000000000000
169452344542400.4062500000000000000000000000000000000000
281538222977030.4375000000000000000000000000000000000000
8983968659228.5898437500000000000000000000000000000000
447831750952971.4375000000000000000000000000000000000000
592687611641520.6250000000000000000000000000000000000000
442005595028646.0625000000000000000000000000000000000000
1203197136938298.0000000000000000000000000000000000000000
910384198445727.7500000000000000000000000000000000000000
-1240357940603021.2500000000000000000000000000000000000000
838815956990817.7500000000000000000000000000000000000000
-914368729507510.0000000000000000000000000000000000000000
195335488279806.3437500000000000000000000000000000000000
220283042955723.6250000000000000000000000000000000000000
289703816196085.7500000000000000000000000000000000000000
39436970967160.7500000000000000000000000000000000000000
-887257138750246.1250000000000000000000000000000000000000
801276694748518.1250000000000000000000000000000000000000
-721192603247653.2500000000000000000000000000000000000000
-893609142962588.7500000000000000000000000000000000000000
342341374582920.3750000000000000000000000000000000000000
889856258907208.1250000000000000000000000000000000000000
-1182122727883702.5000000000000000000000000000000000000000
541455379746034.8125000000000000000000000000000000000000
-1111941665224184.0000000000000000000000000000000000000000
-183789369673182.4375000000000000000000000000000000000000
-714899864416209.1250000000000000000000000000000000000000
-107171399128336.5312500000000000000000000000000000000000
-628956119631373.5000000000000000000000000000000000000000
-155434592803228.6562500000000000000000000000000000000000
695307711444415.2500000000000000000000000000000000000000
1347771866731473.7500000000000000000000000000000000000000
195345174290047.6250000000000000000000000000000000000000
630817883131023.1250000000000000000000000000000000000000
869801815091991.6250000000000000000000000000000000000000
-1189864029255407.7500000000000000000000000000000000000000
1497519806039901.5000000000000000000000000000000000000000
572359816184711.1250000000000000000000000000000000000000
287428709415431.1250000000000000000000000000000000000000
-1686254771983838.2500000000000000000000000000000000000000
-408995141201776.1875000000000000000000000000000000000000
152889287758085.8437500000000000000000000000000000000000
336392951657920.6875000000000000000000000000000000000000
193886972836007.8125000000000000000000000000000000000000
-331987978497929.0000000000000000000000000000000000000000
-142504619661712.2187500000000000000000000000000000000000
-43730031028292.7968750000000000000000000000000000000000
822401730439299.5000000000000000000000000000000000000000
-254022767755984.2500000000000000000000000000000000000000
-351840961333856.1875000000000000000000000000000000000000
-1295513999907283.5000000000000000000000000000000000000000
-252408017305856.1250000000000000000000000000000000000000
-865618542598331.7500000000000000000000000000000000000000
-652075127619679.7500000000000000000000000000000000000000
435572681696290.0000000000000000000000000000000000000000
-1086632192705589.5000000000000000000000000000000000000000
-271504748098651.3125000000000000000000000000000000000000
244868134582416.6250000000000000000000000000000000000000
-161213440357260.8125000000000000000000000000000000000000
478693249619834.6250000000000000000000000000000000000000
1310877268617156.7500000000000000000000000000000000000000
729477530841620.2500000000000000000000000000000000000000
13376547489231.1367187500000000000000000000000000000000
795608171745985.7500000000000000000000000000000000000000
-1937532321099814.7500000000000000000000000000000000000000
-837181997198581.8750000000000000000000000000000000000000
142715146920071.8125000000000000000000000000000000000000
-1408665152592662.0000000000000000000000000000000000000000
761946562610018.0000000000000000000000000000000000000000
262160625113141.0312500000000000000000000000000000000000
164330939347524.3125000000000000000000000000000000000000
-89760861130262.5937500000000000000000000000000000000000
-320152191255677.2500000000000000000000000000000000000000
682790276571874.2500000000000000000000000000000000000000
423430452960735.9375000000000000000000000000000000000000
-12266319326897.7851562500000000000000000000000000000000
1001341848146044.2500000000000000000000000000000000000000
-632109731765606.7500000000000000000000000000000000000000
-1346914046887334.2500000000000000000000000000000000000000
-1295756167131821.0000000000000000000000000000000000000000
-330277925592146.3125000000000000000000000000000000000000
-83539553366147.6406250000000000000000000000000000000000
635004804430441.2500000000000000000000000000000000000000
56525386293292.5781250000000000000000000000000000000000
2488060003296125.5000000000000000000000000000000000000000
379431061789525.3125000000000000000000000000000000000000
-779468412535817.8750000000000000000000000000000000000000
-397174788507715.6875000000000000000000000000000000000000
516967783995351.2500000000000000000000000000000000000000
-582460340616510.8750000000000000000000000000000000000000
348942553335425.6875000000000000000000000000000000000000
-34088558851402.7578125000000000000000000000000000000000
-217220671622784.5000000000000000000000000000000000000000
-362340967025788.2500000000000000000000000000000000000000
-913972891641438.8750000000000000000000000000000000000000
-200853079394248.3437500000000000000000000000000000000000
-665152449757839.2500000000000000000000000000000000000000
-240258400147051.1875000000000000000000000000000000000000
-690998252710109.1250000000000000000000000000000000000000
1197528782090963.5000000000000000000000000000000000000000
-1217661746052464.5000000000000000000000000000000000000000
1070181656654925.6250000000000000000000000000000000000000
1478986745224475.7500000000000000000000000000000000000000
-193272258847023.2812500000000000000000000000000000000000
384102403120738.0625000000000000000000000000000000000000
421085225537222.4375000000000000000000000000000000000000
808455044522039.0000000000000000000000000000000000000000
387296999490885.0000000000000000000000000000000000000000
-246378897205766.5625000000000000000000000000000000000000
-635161338662164.8750000000000000000000000000000000000000
-528621735635873.5625000000000000000000000000000000000000
-86288061324758.9687500000000000000000000000000000000000
-723599068033669.7500000000000000000000000000000000000000
210768557783178.8437500000000000000000000000000000000000
-167462655099392.6875000000000000000000000000000000000000
350302537053518.9375000000000000000000000000000000000000
-95876819627980.5312500000000000000000000000000000000000
-444476160516853.8125000000000000000000000000000000000000
1014724120560873.7500000000000000000000000000000000000000
302622639237734.9375000000000000000000000000000000000000
-386467065259509.0000000000000000000000000000000000000000
713211820409130.7500000000000000000000000000000000000000
416645196664063.5000000000000000000000000000000000000000
1048474102447200.1250000000000000000000000000000000000000
88316511534255.5468750000000000000000000000000000000000
-1405558240679027.7500000000000000000000000000000000000000
514304796598119.8125000000000000000000000000000000000000
1205272092638505.0000000000000000000000000000000000000000
498080259182855.3750000000000000000000000000000000000000
579848471688287.0000000000000000000000000000000000000000
223798855097448.0312500000000000000000000000000000000000
2191159394975291.7500000000000000000000000000000000000000
-337501392359276.3750000000000000000000000000000000000000
-561814894989813.3750000000000000000000000000000000000000
695525529901673.6250000000000000000000000000000000000000
-461907631321407.2500000000000000000000000000000000000000
162326582068539.5312500000000000000000000000000000000000
-374922375417584.9375000000000000000000000000000000000000
-281277704406597.0625000000000000000000000000000000000000
-682158842389017.5000000000000000000000000000000000000000
-1934457989592951.2500000000000000000000000000000000000000
-235475695538494.5312500000000000000000000000000000000000
-531679035932732.9375000000000000000000000000000000000000
-165051416163465.3750000000000000000000000000000000000000
-477734445322949.6875000000000000000000000000000000000000
-609800604558910.3750000000000000000000000000000000000000
1816177202607748.2500000000000000000000000000000000000000
-1079178674742177.6250000000000000000000000000000000000000
556188572681813.8750000000000000000000000000000000000000
469786956406285.5625000000000000000000000000000000000000
961020255565693.8750000000000000000000000000000000000000
-919783497987585.6250000000000000000000000000000000000000
271525005656148.5312500000000000000000000000000000000000
-690135714408902.0000000000000000000000000000000000000000
-611152842647157.0000000000000000000000000000000000000000
-1219143479303943.2500000000000000000000000000000000000000
500906638958786.5000000000000000000000000000000000000000
157031065294465.0312500000000000000000000000000000000000
1531754130601316.0000000000000000000000000000000000000000
-593943109492189.3750000000000000000000000000000000000000
-615956312035945.1250000000000000000000000000000000000000
448964894629592.9375000000000000000000000000000000000000
-197028882273812.4687500000000000000000000000000000000000
-759823671656854.5000000000000000000000000000000000000000
-988793660489718.1250000000000000000000000000000000000000
371577879153032.5625000000000000000000000000000000000000
-310528608279234.5625000000000000000000000000000000000000
333504569026693.4375000000000000000000000000000000000000
-701600555664401.2500000000000000000000000000000000000000
919930481491441.8750000000000000000000000000000000000000
1298741816149627.5000000000000000000000000000000000000000
-272963145701837.0000000000000000000000000000000000000000
1547578375509652.0000000000000000000000000000000000000000
266650438012766.0625000000000000000000000000000000000000
-505590601317612.9375000000000000000000000000000000000000
-838795951630457.7500000000000000000000000000000000000000
-1182246037480951.5000000000000000000000000000000000000000
600958470136784.8750000000000000000000000000000000000000
315938366490558.0000000000000000000000000000000000000000
-422378862328578.4375000000000000000000000000000000000000
-926055321714655.5000000000000000000000000000000000000000
132770088567231.1562500000000000000000000000000000000000
801925659771850.8750000000000000000000000000000000000000
-372811662391447.4375000000000000000000000000000000000000
-405961987277366.7500000000000000000000000000000000000000
-131596430278360.5000000000000000000000000000000000000000
763803065408664.3750000000000000000000000000000000000000
63797222517662.7968750000000000000000000000000000000000
-873768184767860.0000000000000000000000000000000000000000
951158886437138.3750000000000000000000000000000000000000
50319599288430.3984375000000000000000000000000000000000
672787426245682.2500000000000000000000000000000000000000
-373722055057665.7500000000000000000000000000000000000000
-871677719521572.8750000000000000000000000000000000000000
-1686080717265846.5000000000000000000000000000000000000000
-660857014263715.7500000000000000000000000000000000000000
216670381754665.3437500000000000000000000000000000000000
1277048396711866.0000000000000000000000000000000000000000
377456524228002.9375000000000000000000000000000000000000
-688951436495732.3750000000000000000000000000000000000000
10775110308606.3769531250000000000000000000000000000000
715923612370339.8750000000000000000000000000000000000000
-376062618220783.7500000000000000000000000000000000000000
255489983197412.0000000000000000000000000000000000000000
389677810505453.8125000000000000000000000000000000000000
483000492516223.2500000000000000000000000000000000000000
-637247517146801.8750000000000000000000000000000000000000
1480239625268071.7500000000000000000000000000000000000000
-1147861635913855.2500000000000000000000000000000000000000
-814900402077453.3750000000000000000000000000000000000000
646843874805644.8750000000000000000000000000000000000000
-330423523942692.5625000000000000000000000000000000000000
629572326300551.2500000000000000000000000000000000000000
331321557879415.5000000000000000000000000000000000000000
720153318124604.6250000000000000000000000000000000000000
480052930471561.6875000000000000000000000000000000000000
-2453595043029.5097656250000000000000000000000000000000
1315874068919480.7500000000000000000000000000000000000000
156116711286479.0312500000000000000000000000000000000000
-188369604677935.9375000000000000000000000000000000000000
-352097783572061.3750000000000000000000000000000000000000
-266422424136609.8750000000000000000000000000000000000000
343258135479240.8125000000000000000000000000000000000000
-1679221706101857.5000000000000000000000000000000000000000
108204367474164.8906250000000000000000000000000000000000
147416064728088.1250000000000000000000000000000000000000
-926404236006532.2500000000000000000000000000000000000000
316944854899026.5000000000000000000000000000000000000000
-854825682867320.1250000000000000000000000000000000000000
-43082894112568.0156250000000000000000000000000000000000
-342862310854708.1875000000000000000000000000000000000000
-77283596682552.5937500000000000000000000000000000000000
839782271701339.6250000000000000000000000000000000000000
406189725868585.1250000000000000000000000000000000000000
2010175711260355.7500000000000000000000000000000000000000
597708713641815.3750000000000000000000000000000000000000
-424736604079095.0625000000000000000000000000000000000000
701258575434244.2500000000000000000000000000000000000000
-1440121308438262.7500000000000000000000000000000000000000
-865791322115314.2500000000000000000000000000000000000000
-66620745103461.8906250000000000000000000000000000000000
154692721104243.0625000000000000000000000000000000000000
-710344947783798.5000000000000000000000000000000000000000
105096675634893.7031250000000000000000000000000000000000
358570407871493.7500000000000000000000000000000000000000
-748103617809561.0000000000000000000000000000000000000000
-872115952740053.5000000000000000000000000000000000000000
977265806005025.1250000000000000000000000000000000000000
-1081019575454813.5000000000000000000000000000000000000000
135019557938385.4062500000000000000000000000000000000000
1809726688334812.2500000000000000000000000000000000000000
-132063386121166.0937500000000000000000000000000000000000
824059719578072.1250000000000000000000000000000000000000
-453765525408454.5625000000000000000000000000000000000000
1825127759445844.7500000000000000000000000000000000000000
-975109088242770.2500000000000000000000000000000000000000
433054193030261.0000000000000000000000000000000000000000
604947061168.2144775390625000000000000000000000000000
-6053642016286.4501953125000000000000000000000000000000
-969927120552571.8750000000000000000000000000000000000000
-29211917707374.3750000000000000000000000000000000000000
-1805304948588483.0000000000000000000000000000000000000000
-69117799881510.7890625000000000000000000000000000000000
146600750641019.8750000000000000000000000000000000000000
-516260379774673.1250000000000000000000000000000000000000
334458180436953.5000000000000000000000000000000000000000
740641836586595.7500000000000000000000000000000000000000
-119293876424709.7656250000000000000000000000000000000000
493471958424114.7500000000000000000000000000000000000000
-720742302918491.6250000000000000000000000000000000000000
-221354261263305.8125000000000000000000000000000000000000
69902247523299.8203125000000000000000000000000000000000
-1617583216651058.5000000000000000000000000000000000000000
1207173500927754.0000000000000000000000000000000000000000
-1212506812456494.5000000000000000000000000000000000000000
908056155149601.0000000000000000000000000000000000000000
-17171280332778.3378906250000000000000000000000000000000
-198967920903409.9687500000000000000000000000000000000000
-472735969549191.6875000000000000000000000000000000000000
823595251280863.2500000000000000000000000000000000000000
1128548710481682.0000000000000000000000000000000000000000
1173625952076652.2500000000000000000000000000000000000000
520219207177296.3125000000000000000000000000000000000000
-717160209161649.2500000000000000000000000000000000000000
405429334142236.6250000000000000000000000000000000000000
-600228082921867.6250000000000000000000000000000000000000
1281618367746839.2500000000000000000000000000000000000000
-907546018561088.0000000000000000000000000000000000000000
-1021223111275051.8750000000000000000000000000000000000000
