0.9832477101251068107856667666055727750063
-91.3769510575338017588364891707897186279297
2251.4081179507929846295155584812164306640625
-23694.1907901196391321718692779541015625000000
122359.2841230012272717431187629699707031250000
-292979.6245010875863954424858093261718750000000
95130.2553540227672783657908439636230468750000
1020591.5859104696428403258323669433593750000000
-1968079.5411959937773644924163818359375000000000
984646.6076223533600568771362304687500000000000
273180.1060009996290318667888641357421875000000
-15141.0429683416841726284474134445190429687500
502007.3545002074679359793663024902343750000000
-1248103.7765561570413410663604736328125000000000
491050.7164662710274569690227508544921875000000
-149109.7617025372455827891826629638671875000000
421900.0014847009442746639251708984375000000000
-1059659.5171389128081500530242919921875000000000
537046.2050001375610008835792541503906250000000
1173777.7099146677646785974502563476562500000000
-1323513.5267219755332916975021362304687500000000
300556.9112605111440643668174743652343750000000
679724.4142852546647191047668457031250000000000
1338726.8353760438039898872375488281250000000000
836441.7733515931759029626846313476562500000000
-2884340.0633838437497615814208984375000000000000
-4044363.7749523101374506950378417968750000000000
3551385.7590267085470259189605712890625000000000
1483718.5398066379129886627197265625000000000000
-3017239.4383294275030493736267089843750000000000
-1027411.4211165405577048659324645996093750000000
1916830.9533452417235821485519409179687500000000
2767234.7509401142597198486328125000000000000000
1471878.4769343680236488580703735351562500000000
217805.9737528506375383585691452026367187500000
-582371.2702491889940574765205383300781250000000
-1261331.9693328761495649814605712890625000000000
-2362184.3963861349038779735565185546875000000000
4146309.1556747565045952796936035156250000000000
530395.8566790180047973990440368652343750000000
-798433.8760514676105231046676635742187500000000
-10535342.5929893776774406433105468750000000000000
128740.5107880456780549138784408569335937500000
-1939443.5598542895168066024780273437500000000000
10916535.8713521044701337814331054687500000000000
-4730814.6288768537342548370361328125000000000000
2544744.8809467204846441745758056640625000000000
-469769.3980935984291136264801025390625000000000
8023456.5658063665032386779785156250000000000000
-1910820.4079436333850026130676269531250000000000
5913821.5248663751408457756042480468750000000000
-6516194.9546916671097278594970703125000000000000
2592277.4083529217168688774108886718750000000000
-2178617.1638480201363563537597656250000000000000
2802131.5750612174160778522491455078125000000000
-9253170.3175579179078340530395507812500000000000
-25650152.1344954110682010650634765625000000000000
32213611.7624453157186508178710937500000000000000
22208185.6675130575895309448242187500000000000000
-16787786.5893054641783237457275390625000000000000
-29153737.3682510070502758026123046875000000000000
-6838977.8393807979300618171691894531250000000000
6186592.6319978199899196624755859375000000000000
-18931050.8241224586963653564453125000000000000000
33378918.9402959868311882019042968750000000000000
4190701.8432088522240519523620605468750000000000
3062231.7157894046977162361145019531250000000000
-1209115.1175182051956653594970703125000000000000
-1818250.2404581648297607898712158203125000000000
45080138.5498884841799736022949218750000000000000
-26991259.1031548865139484405517578125000000000000
13031280.8026076406240463256835937500000000000000
-33263347.7113244868814945220947265625000000000000
-17360201.1847648620605468750000000000000000000000
15229686.9785827174782752990722656250000000000000
-7786920.0999427810311317443847656250000000000000
-21010473.1227858252823352813720703125000000000000
-9335958.6077950485050678253173828125000000000000
76512180.6051165759563446044921875000000000000000
-8468138.7593535296618938446044921875000000000000
40058025.7177488207817077636718750000000000000000
-19677224.3939529918134212493896484375000000000000
13059621.6673896536231040954589843750000000000000
-16823074.2734544202685356140136718750000000000000
-6385455.0066067231819033622741699218750000000000
-38575532.2812736779451370239257812500000000000000
4776801.7738262573257088661193847656250000000000
4189518.1276160692796111106872558593750000000000
14226564.2099482435733079910278320312500000000000
-17892583.0213957428932189941406250000000000000000
-10497483.1430642437189817428588867187500000000000
-15008829.2697163391858339309692382812500000000000
10082749.3395770154893398284912109375000000000000
-50556298.5840027034282684326171875000000000000000
-14498540.8882434796541929244995117187500000000000
10297567.4848965909332036972045898437500000000000
3208476.7862119013443589210510253906250000000000
-24303278.6825846470892429351806640625000000000000
21936503.0740172564983367919921875000000000000000
-19900701.3071171380579471588134765625000000000000
24051170.8367160595953464508056640625000000000000
-29151198.8307967372238636016845703125000000000000
3137311.9168187873438000679016113281250000000000
26131885.9495824500918388366699218750000000000000
41062403.9754427596926689147949218750000000000000
7000090.0075929649174213409423828125000000000000
62948605.5257548987865447998046875000000000000000
35187089.2349201440811157226562500000000000000000
-33649572.2291718348860740661621093750000000000000
33442866.2199614122509956359863281250000000000000
-3687195.4218751476146280765533447265625000000000
59379758.9527405202388763427734375000000000000000
-35234112.6056830659508705139160156250000000000000
23444966.9542265757918357849121093750000000000000
8592886.9961619544774293899536132812500000000000
-27024616.5018982589244842529296875000000000000000
7239402.8307421412318944931030273437500000000000
-23285724.9497257731854915618896484375000000000000
17604042.8233956508338451385498046875000000000000
-41610246.9573742374777793884277343750000000000000
5785380.6951964199542999267578125000000000000000
55086052.1788855046033859252929687500000000000000
-5569970.6130143189802765846252441406250000000000
-32918342.4982715100049972534179687500000000000000
-26126084.7275483123958110809326171875000000000000
-30856520.8272952139377593994140625000000000000000
-69481079.2882982790470123291015625000000000000000
-24581086.6846187748014926910400390625000000000000
-43488318.0671910867094993591308593750000000000000
-5194478.7247336739674210548400878906250000000000
-45183784.5419840961694717407226562500000000000000
-56398666.3111352175474166870117187500000000000000
-38917289.8394452482461929321289062500000000000000
-12109303.0559016149491071701049804687500000000000
1496164.4027518532238900661468505859375000000000
51082366.4449457302689552307128906250000000000000
58044110.9956316426396369934082031250000000000000
33442309.9447945766150951385498046875000000000000
68381185.6598474979400634765625000000000000000000
5896130.3723732000216841697692871093750000000000
-23753799.9655996486544609069824218750000000000000
-20399659.8372652158141136169433593750000000000000
36357370.4405940026044845581054687500000000000000
75656709.3264417052268981933593750000000000000000
36501535.1634852662682533264160156250000000000000
44264736.0176597237586975097656250000000000000000
58348218.3312216028571128845214843750000000000000
-34452483.9387051314115524291992187500000000000000
33556397.3743973001837730407714843750000000000000
6986793.8044141782447695732116699218750000000000
-53858208.9733197167515754699707031250000000000000
-55260248.3672076910734176635742187500000000000000
49785071.7610824629664421081542968750000000000000
-31648050.9614913649857044219970703125000000000000
-12293766.6824229005724191665649414062500000000000
-111882524.8352683335542678833007812500000000000000
-40067979.8451533615589141845703125000000000000000
-2360526.0886697885580360889434814453125000000000
38292372.9966795742511749267578125000000000000000
-43734251.5966555103659629821777343750000000000000
-19283711.8531515114009380340576171875000000000000
-20981716.8450641222298145294189453125000000000000
-42607966.4360916763544082641601562500000000000000
75119464.3566005378961563110351562500000000000000
110928544.0371568948030471801757812500000000000000
-2675564.9499496910721063613891601562500000000000
13913898.7811956852674484252929687500000000000000
31251302.9072189666330814361572265625000000000000
7537843.7743052616715431213378906250000000000000
32757389.0149059407413005828857421875000000000000
-32917843.1494930610060691833496093750000000000000
3311672.1268576304428279399871826171875000000000
89956443.1392080634832382202148437500000000000000
-29114511.1409290283918380737304687500000000000000
-42763506.2490564137697219848632812500000000000000
-23046835.6678253859281539916992187500000000000000
25560727.1733506843447685241699218750000000000000
1171044.5611518437508493661880493164062500000000
31823319.8191138245165348052978515625000000000000
-63415587.4595046192407608032226562500000000000000
15630316.3933031093329191207885742187500000000000
-988163.2124539669603109359741210937500000000000
-24388334.4708813689649105072021484375000000000000
50763469.2499558702111244201660156250000000000000
10410732.9061435479670763015747070312500000000000
-71070499.8305362761020660400390625000000000000000
20368430.3664149008691310882568359375000000000000
35743500.6524808034300804138183593750000000000000
-22776466.1854350790381431579589843750000000000000
-99432859.3727476894855499267578125000000000000000
-26405115.8956865929067134857177734375000000000000
6387503.6816738368943333625793457031250000000000
-2958136.5051343338564038276672363281250000000000
70913003.7802484780550003051757812500000000000000
70174975.5119699537754058837890625000000000000000
-52289490.6304577961564064025878906250000000000000
-20765725.8661194592714309692382812500000000000000
-26771593.9688781201839447021484375000000000000000
-114989496.6871552467346191406250000000000000000000
11880659.0953147150576114654541015625000000000000
22055626.4030763059854507446289062500000000000000
13434467.2684401180595159530639648437500000000000
45124913.4186172857880592346191406250000000000000
-13192738.0608779713511466979980468750000000000000
36244335.3034338057041168212890625000000000000000
-31286360.2007270529866218566894531250000000000000
2711904.1684201224707067012786865234375000000000
20121177.2298874743282794952392578125000000000000
-18000369.1814246177673339843750000000000000000000
44336647.3903696015477180480957031250000000000000
-9716649.0488180927932262420654296875000000000000
-15917999.3605180028825998306274414062500000000000
38973804.4851396754384040832519531250000000000000
11203689.7041830606758594512939453125000000000000
-54282708.9846812337636947631835937500000000000000
128546176.4989766925573348999023437500000000000000
28289502.5290811657905578613281250000000000000000
-76942537.8544030636548995971679687500000000000000
5558889.0747665418311953544616699218750000000000
-5623014.7147902781143784523010253906250000000000
-33186340.3435441143810749053955078125000000000000
-49446561.8362466171383857727050781250000000000000
-5296842.6470988886430859565734863281250000000000
-45537004.8095985054969787597656250000000000000000
-21648223.2793515026569366455078125000000000000000
-65733380.2010520696640014648437500000000000000000
-13801323.3002854678779840469360351562500000000000
-75628479.3257703930139541625976562500000000000000
11162091.4437020607292652130126953125000000000000
-34771863.5568165853619575500488281250000000000000
27086471.3173209838569164276123046875000000000000
73424985.9032496809959411621093750000000000000000
-34394996.4548871070146560668945312500000000000000
69517563.1899466961622238159179687500000000000000
28718262.8999136835336685180664062500000000000000
10085018.1634179893881082534790039062500000000000
50548084.8036811128258705139160156250000000000000
29445647.1723880469799041748046875000000000000000
-142922192.3864332437515258789062500000000000000000
41601055.5461581796407699584960937500000000000000
58440904.8313855603337287902832031250000000000000
-34310967.6160824596881866455078125000000000000000
58244134.2888583391904830932617187500000000000000
-60487650.2254175692796707153320312500000000000000
15751736.6411030795425176620483398437500000000000
23686788.2303548119962215423583984375000000000000
49057071.9717078432440757751464843750000000000000
13810995.7788118198513984680175781250000000000000
53103509.1878631934523582458496093750000000000000
12740755.4352132473140954971313476562500000000000
-89990619.1346874684095382690429687500000000000000
54684152.4692662283778190612792968750000000000000
39658945.1844683438539505004882812500000000000000
21665606.2172288112342357635498046875000000000000
78255756.6960837543010711669921875000000000000000
-22868302.1653223000466823577880859375000000000000
70534398.2665300965309143066406250000000000000000
-41687187.1907151564955711364746093750000000000000
-57114435.7927908673882484436035156250000000000000
-87000972.7320371717214584350585937500000000000000
-7341118.8888604706153273582458496093750000000000
-35260721.2024451792240142822265625000000000000000
-34722044.4585440605878829956054687500000000000000
113719827.8945762664079666137695312500000000000000
50008801.9814207255840301513671875000000000000000
64634544.4074945896863937377929687500000000000000
79574450.3735627681016921997070312500000000000000
28076069.3536272495985031127929687500000000000000
-56502220.0971365496516227722167968750000000000000
12602173.0005045812577009201049804687500000000000
30447457.9679860323667526245117187500000000000000
-12056054.7591527476906776428222656250000000000000
18376701.5464572980999946594238281250000000000000
23406599.5260519124567508697509765625000000000000
-73031081.2747109681367874145507812500000000000000
-150452233.5379869639873504638671875000000000000000
103387569.6557404845952987670898437500000000000000
33105622.5249703675508499145507812500000000000000
18068650.2357758730649948120117187500000000000000
-21126836.5876394957304000854492187500000000000000
-71979436.3211515992879867553710937500000000000000
-4122617.4796177791431546211242675781250000000000
8951263.4547153431922197341918945312500000000000
16347169.6279696989804506301879882812500000000000
28610225.5091820769011974334716796875000000000000
-74311998.0279918760061264038085937500000000000000
129109285.5225430428981781005859375000000000000000
30314511.4637082293629646301269531250000000000000
-155911411.2744504809379577636718750000000000000000
-54662233.8562494069337844848632812500000000000000
-29029381.1670059449970722198486328125000000000000
-32600106.3911676779389381408691406250000000000000
-453836.0324186821235343813896179199218750000000
-18663693.6239635236561298370361328125000000000000
-72630711.6781798452138900756835937500000000000000
-5168948.8818122120574116706848144531250000000000
-75570492.3607089370489120483398437500000000000000
24311635.2081348374485969543457031250000000000000
10835507.1759473700076341629028320312500000000000
41985873.0925404131412506103515625000000000000000
939693.8978517515351995825767517089843750000000
-17099744.8837690874934196472167968750000000000000
-76511666.0804805457592010498046875000000000000000
31788666.3997313492000102996826171875000000000000
-49493353.9795744419097900390625000000000000000000
30585961.1460038535296916961669921875000000000000
16058056.8006792347878217697143554687500000000000
50193589.5101380795240402221679687500000000000000
16611378.9838065393269062042236328125000000000000
119230163.6554126739501953125000000000000000000000
44819074.2757268846035003662109375000000000000000
-38842625.1124991327524185180664062500000000000000
-17375845.4418427683413028717041015625000000000000
-23596607.1083746775984764099121093750000000000000
-82325537.2278455644845962524414062500000000000000
49610935.8428806364536285400390625000000000000000
-12432267.2222118861973285675048828125000000000000
15441534.9787613246589899063110351562500000000000
-51365381.7429376468062400817871093750000000000000
-27079875.8652794696390628814697265625000000000000
52287139.4529128149151802062988281250000000000000
-101357406.1379716992378234863281250000000000000000
-96870995.5145700722932815551757812500000000000000
-70575193.9070076048374176025390625000000000000000
-11315569.3772574532777070999145507812500000000000
51297050.7514346987009048461914062500000000000000
-6092318.4901826307177543640136718750000000000000
-38357351.7196331396698951721191406250000000000000
21249005.5320913605391979217529296875000000000000
-7784584.6823213975876569747924804687500000000000
64486929.9456988722085952758789062500000000000000
-22732523.7220132723450660705566406250000000000000
-16118072.7936190478503704071044921875000000000000
10249523.6476335246115922927856445312500000000000
47384566.1802945733070373535156250000000000000000
-31804428.4880241379141807556152343750000000000000
44636964.8968984559178352355957031250000000000000
53744752.9392632618546485900878906250000000000000
-12131547.1008541379123926162719726562500000000000
-6692407.6903400300070643424987792968750000000000
80356390.6781478375196456909179687500000000000000
-20564756.9581806994974613189697265625000000000000
36681825.6788209900259971618652343750000000000000
-24724259.3117875196039676666259765625000000000000
-9384922.3285404145717620849609375000000000000000
-126684511.8511063605546951293945312500000000000000
605131.1371480181114748120307922363281250000000
34657535.4245207905769348144531250000000000000000
67769852.6012792587280273437500000000000000000000
-58108234.4528671726584434509277343750000000000000
28132806.1503321789205074310302734375000000000000
23686621.1581593230366706848144531250000000000000
64690288.0367426276206970214843750000000000000000
139288642.3813810348510742187500000000000000000000
60992635.1984067484736442565917968750000000000000
45966775.1234596148133277893066406250000000000000
-2258224.4857821064069867134094238281250000000000
27594959.3253270573914051055908203125000000000000
14268916.4709066636860370635986328125000000000000
7145602.6085052341222763061523437500000000000000
-14221586.9556018728762865066528320312500000000000
-31252290.5319236218929290771484375000000000000000
9704754.2600828316062688827514648437500000000000
18618368.0017030835151672363281250000000000000000
63156096.1762333512306213378906250000000000000000
27542282.2641883939504623413085937500000000000000
20896345.3167866878211498260498046875000000000000
19250155.6791614964604377746582031250000000000000
-18053809.7893869280815124511718750000000000000000
-66418281.3449628651142120361328125000000000000000
-18484581.8070713989436626434326171875000000000000
60033609.6878635883331298828125000000000000000000
-10266998.3789988551288843154907226562500000000000
-52519505.5345763713121414184570312500000000000000
80333337.0721409022808074951171875000000000000000
-41160404.0110077187418937683105468750000000000000
9330466.6109755709767341613769531250000000000000
-60363269.4055568426847457885742187500000000000000
6687414.4715226348489522933959960937500000000000
-60175617.8350834846496582031250000000000000000000
-26323077.3220860213041305541992187500000000000000
-71178239.1074765622615814208984375000000000000000
-70034942.3918637335300445556640625000000000000000
-25527029.4613358676433563232421875000000000000000
-14460741.0005045570433139801025390625000000000000
41335491.1801966428756713867187500000000000000000
1112337.4556008807849138975143432617187500000000
137987733.0793099999427795410156250000000000000000
-70875370.5915604382753372192382812500000000000000
-43486238.3098878860473632812500000000000000000000
16322851.0129809025675058364868164062500000000000
-53620800.6215060800313949584960937500000000000000
-9901291.8572582714259624481201171875000000000000
6430554.5714174881577491760253906250000000000000
114555396.9269734472036361694335937500000000000000
36036367.6149878650903701782226562500000000000000
25326134.9278457202017307281494140625000000000000
-29204932.5634073540568351745605468750000000000000
30278950.4820306263864040374755859375000000000000
88550790.4204014986753463745117187500000000000000
-4551089.0384763078764081001281738281250000000000
-51645333.6262060403823852539062500000000000000000
-66053640.6772518381476402282714843750000000000000
-26588158.4241889379918575286865234375000000000000
-11089511.7152023334056138992309570312500000000000
23549818.5918314382433891296386718750000000000000
-88155297.1562665998935699462890625000000000000000
-72850948.1983724981546401977539062500000000000000
-26075237.9248686395585536956787109375000000000000
6070974.6851997440680861473083496093750000000000
47201414.6289593949913978576660156250000000000000
-8258225.0750344730913639068603515625000000000000
-26295518.4773228578269481658935546875000000000000
25817620.2234258092939853668212890625000000000000
68595022.5766528695821762084960937500000000000000
-520906.8507936042151413857936859130859375000000
31817582.2789779119193553924560546875000000000000
-2648276.1712406114675104618072509765625000000000
-52108306.0590038150548934936523437500000000000000
101884396.3392353355884552001953125000000000000000
94746196.5181528329849243164062500000000000000000
47335589.7931386902928352355957031250000000000000
4591619.6314740329980850219726562500000000000000
55223678.4842984080314636230468750000000000000000
-70025938.9667023122310638427734375000000000000000
-105605564.4662649035453796386718750000000000000000
31789930.1232944689691066741943359375000000000000
29391443.3310233242809772491455078125000000000000
-3828170.3241456425748765468597412109375000000000
8867071.0258279778063297271728515625000000000000
5062200.7376948148012161254882812500000000000000
-52709191.4839280396699905395507812500000000000000
10593835.2550255376845598220825195312500000000000
22973274.7615540325641632080078125000000000000000
-72446498.5499275922775268554687500000000000000000
8620098.5302292462438344955444335937500000000000
-62293579.4935368746519088745117187500000000000000
52169195.7039626464247703552246093750000000000000
-35702229.3023061379790306091308593750000000000000
-23424018.2988746576011180877685546875000000000000
-59136820.5857531577348709106445312500000000000000
-86755860.4832129478454589843750000000000000000000
9931829.0522763822227716445922851562500000000000
20867750.1112438775599002838134765625000000000000
-29462208.5767122954130172729492187500000000000000
-60697172.8266777396202087402343750000000000000000
21584877.4992773756384849548339843750000000000000
-84498.7343088166089728474617004394531250000000
-47568959.4198269620537757873535156250000000000000
-8357750.5169384665787220001220703125000000000000
-6239663.4868521280586719512939453125000000000000
-49864991.1268811672925949096679687500000000000000
1586897.8736882682424038648605346679687500000000
-47647429.9885694757103919982910156250000000000000
64607897.6749501377344131469726562500000000000000
-25051829.1984206736087799072265625000000000000000
34298475.6246876269578933715820312500000000000000
12192962.7162191886454820632934570312500000000000
35647198.9561391472816467285156250000000000000000
74617474.6556551009416580200195312500000000000000
1462960.9035934358835220336914062500000000000000
47507856.3368178904056549072265625000000000000000
14324927.7313591837882995605468750000000000000000
-36537007.7860482335090637207031250000000000000000
-6795648.1015842501074075698852539062500000000000
29257295.1147915795445442199707031250000000000000
5488584.5022334819659590721130371093750000000000
15479412.0214085131883621215820312500000000000000
-2255499.1053803181275725364685058593750000000000
-16674250.2974922787398099899291992187500000000000
-28324500.0795045942068099975585937500000000000000
-83446381.0764559358358383178710937500000000000000
55769336.7712329849600791931152343750000000000000
2880310.1146252723410725593566894531250000000000
-36514468.6172605529427528381347656250000000000000
-1839264.7510010914411395788192749023437500000000
-14396999.8113283030688762664794921875000000000000
8861683.6838327758014202117919921875000000000000
3812648.1902655661106109619140625000000000000000
26347166.9043301790952682495117187500000000000000
-42297903.0809931308031082153320312500000000000000
-46327839.0696222856640815734863281250000000000000
32104584.9304297827184200286865234375000000000000
14813817.3862118069082498550415039062500000000000
-4811706.3135981429368257522583007812500000000000
6772278.2630611667409539222717285156250000000000
-33317764.3393151834607124328613281250000000000000
5425751.3328496199101209640502929687500000000000
-87699904.2307209223508834838867187500000000000000
-20976478.7058496996760368347167968750000000000000
102278306.9478232711553573608398437500000000000000
46630453.4469006583094596862792968750000000000000
-32499930.0936059951782226562500000000000000000000
-54980718.3364174887537956237792968750000000000000
25993938.6134619787335395812988281250000000000000
-62288610.8571135774254798889160156250000000000000
43737588.8374275416135787963867187500000000000000
9178571.0825892593711614608764648437500000000000
67270126.6453845947980880737304687500000000000000
1095307.7257947605103254318237304687500000000000
90363343.8186255693435668945312500000000000000000
16937677.6949031166732311248779296875000000000000
23270206.2193641588091850280761718750000000000000
12173066.2577833458781242370605468750000000000000
7814944.8420974034816026687622070312500000000000
21163679.1399068869650363922119140625000000000000
-3469591.4976656488142907619476318359375000000000
45744304.4306043460965156555175781250000000000000
45202243.8064531683921813964843750000000000000000
14014608.8467657230794429779052734375000000000000
-45510167.0304810330271720886230468750000000000000
26822607.6359095238149166107177734375000000000000
8478326.2616430502384901046752929687500000000000
-13722808.0693608857691287994384765625000000000000
1799691.2958595557138323783874511718750000000000
-92546647.7657903879880905151367187500000000000000
7244917.4623575033619999885559082031250000000000
18926903.0072584487497806549072265625000000000000
58929267.6320203095674514770507812500000000000000
-49186826.8672932311892509460449218750000000000000
-26465479.7697473242878913879394531250000000000000
30862304.1582973971962928771972656250000000000000
-42891448.7173439115285873413085937500000000000000
32663532.5821720026433467864990234375000000000000
-11196719.7731832265853881835937500000000000000000
3893075.6240443219430744647979736328125000000000
15642241.2513034287840127944946289062500000000000
38261244.5093985199928283691406250000000000000000
19509592.9815592728555202484130859375000000000000
-77210809.5003416389226913452148437500000000000000
25613138.8570060245692729949951171875000000000000
-17942180.9480156116187572479248046875000000000000
-17767576.7258629165589809417724609375000000000000
37225933.5860672220587730407714843750000000000000
12760624.3529273383319377899169921875000000000000
-40133681.5677478387951850891113281250000000000000
5651871.5943155903369188308715820312500000000000
-49259019.3071915507316589355468750000000000000000
-17837496.0923611111938953399658203125000000000000
67512874.3075622469186782836914062500000000000000
116560.0285591355350334197282791137695312500000
43770481.2135234400629997253417968750000000000000
-2938503.3210613392293453216552734375000000000000
-10005247.9789373241364955902099609375000000000000
2673412.6718087862245738506317138671875000000000
-69471950.0486509203910827636718750000000000000000
22579114.6307473778724670410156250000000000000000
-15068583.7899790909141302108764648437500000000000
42841136.3667952418327331542968750000000000000000
-17606644.7323033288121223449707031250000000000000
69888250.7610718309879302978515625000000000000000
53131490.7030531018972396850585937500000000000000
23821185.2773501761257648468017578125000000000000
-9299117.5010099094361066818237304687500000000000
25934949.8207558877766132354736328125000000000000
-5880919.9744045352563261985778808593750000000000
6623731.6406067255884408950805664062500000000000
-21179999.0963873751461505889892578125000000000000
596911.9952229553600773215293884277343750000000
-6566607.9562524529173970222473144531250000000000
-39578966.9700571000576019287109375000000000000000
49486590.1009191796183586120605468750000000000000
26531330.3011139780282974243164062500000000000000
30131091.9941938072443008422851562500000000000000
-21316122.0034233592450618743896484375000000000000
50015470.9539202600717544555664062500000000000000
-41217760.9299356564879417419433593750000000000000
22796599.2400516308844089508056640625000000000000
12784234.8335466831922531127929687500000000000000
-28272904.6168308891355991363525390625000000000000
39051097.8028895929455757141113281250000000000000
40109113.8993173316121101379394531250000000000000
-27832421.5465013608336448669433593750000000000000
-12138401.4089581519365310668945312500000000000000
17842474.4621515795588493347167968750000000000000
-2898493.3792516579851508140563964843750000000000
434336.0897017604438588023185729980468750000000
-10010791.1923109758645296096801757812500000000000
3377681.3954236758872866630554199218750000000000
-75328224.9107218831777572631835937500000000000000
32436854.7438416443765163421630859375000000000000
45962842.8302667737007141113281250000000000000000
-8580142.2252087164670228958129882812500000000000
18100843.2257645279169082641601562500000000000000
-31832972.1863958537578582763671875000000000000000
-13306414.5132812373340129852294921875000000000000
-15618278.8640484940260648727416992187500000000000
-61330142.9637977853417396545410156250000000000000
-40998329.4787774458527565002441406250000000000000
-79899115.6833803057670593261718750000000000000000
-8551465.2954465672373771667480468750000000000000
-1611517.3505473169498145580291748046875000000000
17669392.7654839418828487396240234375000000000000
-52597436.7939027100801467895507812500000000000000
-28689818.6458645090460777282714843750000000000000
-17027332.4884199798107147216796875000000000000000
-30587782.5288015715777873992919921875000000000000
33761794.9907062724232673645019531250000000000000
-29584824.8493584990501403808593750000000000000000
-1209119.8463577593211084604263305664062500000000
-103599136.8973281383514404296875000000000000000000
2212195.2778193317353725433349609375000000000000
21007458.6292975246906280517578125000000000000000
1297900.6644579162821173667907714843750000000000
-46229536.5811177343130111694335937500000000000000
21591021.0161604173481464385986328125000000000000
22733777.8009650781750679016113281250000000000000
-88969749.4368217140436172485351562500000000000000
2701743.2063322765752673149108886718750000000000
1390205.2650463012978434562683105468750000000000
2538098.7532143257558345794677734375000000000000
12882997.9386588018387556076049804687500000000000
43998006.9047417715191841125488281250000000000000
-18653067.9750255681574344635009765625000000000000
-55202595.9388133212924003601074218750000000000000
-27668297.9183974266052246093750000000000000000000
-40201207.3460618108510971069335937500000000000000
28471569.7689478397369384765625000000000000000000
5358142.2807477917522192001342773437500000000000
68624354.6047257333993911743164062500000000000000
14171781.4544171560555696487426757812500000000000
5305733.1942994007840752601623535156250000000000
14358078.2373853120952844619750976562500000000000
51235395.6604923754930496215820312500000000000000
-39938276.4960170835256576538085937500000000000000
15467224.5533316973596811294555664062500000000000
16850240.4188431724905967712402343750000000000000
-67440941.8271482139825820922851562500000000000000
-7733956.3786375578492879867553710937500000000000
6910718.3691722350195050239562988281250000000000
2679057.0762778902426362037658691406250000000000
12505687.1582905407994985580444335937500000000000
3444697.8655353887006640434265136718750000000000
47930509.2324949800968170166015625000000000000000
-2497708.3420963669195771217346191406250000000000
9164408.6251230221241712570190429687500000000000
-5667602.9366502603515982627868652343750000000000
40136315.1703543663024902343750000000000000000000
-55046362.2831995189189910888671875000000000000000
13363443.8634980004280805587768554687500000000000
-6228247.1848952602595090866088867187500000000000
28383350.3599307388067245483398437500000000000000
19586897.7170609310269355773925781250000000000000
22171257.2786852978169918060302734375000000000000
8343161.5136014837771654129028320312500000000000
6005188.2590688792988657951354980468750000000000
-8393184.7598121706396341323852539062500000000000
23955650.3012777082622051239013671875000000000000
-38792079.6959506273269653320312500000000000000000
-16008863.7728900872170925140380859375000000000000
38689500.0336102023720741271972656250000000000000
-15832551.3711456079035997390747070312500000000000
-38955757.0934986025094985961914062500000000000000
36524689.1051819249987602233886718750000000000000
19679736.8433324284851551055908203125000000000000
7575133.3151103006675839424133300781250000000000
-12692201.8342444468289613723754882812500000000000
7451155.3080685809254646301269531250000000000000
15083918.5403660554438829421997070312500000000000
24841861.8081782720983028411865234375000000000000
25152432.8854714557528495788574218750000000000000
17188822.6212509535253047943115234375000000000000
-10376337.2746378555893898010253906250000000000000
8232261.1895723696798086166381835937500000000000
24396922.4864114932715892791748046875000000000000
4578169.3111105663701891899108886718750000000000
6132194.7321667596697807312011718750000000000000
25654466.3997888378798961639404296875000000000000
20874901.9956306479871273040771484375000000000000
-31113558.3956763930618762969970703125000000000000
-17995444.0895873531699180603027343750000000000000
6312942.5050736721605062484741210937500000000000
6152013.6287068948149681091308593750000000000000
9840657.4366549924015998840332031250000000000000
-8726724.0968762226402759552001953125000000000000
13861267.8180986642837524414062500000000000000000
5711793.7331134099513292312622070312500000000000
44458075.8124561086297035217285156250000000000000
-9830175.8429944720119237899780273437500000000000
8547100.7765665743499994277954101562500000000000
-4087735.0256623108871281147003173828125000000000
31417367.5676614679396152496337890625000000000000
-38886168.1041281148791313171386718750000000000000
-34982650.5524507910013198852539062500000000000000
-9369136.7296056356281042098999023437500000000000
35365396.8088206723332405090332031250000000000000
5088908.1472147628664970397949218750000000000000
-11054481.7639686837792396545410156250000000000000
-42499868.1308276802301406860351562500000000000000
-39624622.7550861611962318420410156250000000000000
28352025.9835190959274768829345703125000000000000
-59211338.4391593113541603088378906250000000000000
3456073.5083440826274454593658447265625000000000
-2549292.3806104608811438083648681640625000000000
-12866788.2622936163097620010375976562500000000000
14332248.8116580229252576828002929687500000000000
-47875181.9255709573626518249511718750000000000000
-23948520.9662157706916332244873046875000000000000
47969421.6725003421306610107421875000000000000000
26032913.3338030613958835601806640625000000000000
-23500436.0020151622593402862548828125000000000000
-1498250.7059570834971964359283447265625000000000
20193665.6685533188283443450927734375000000000000
23421636.9230376929044723510742187500000000000000
17260685.6116462275385856628417968750000000000000
-14598079.3623546697199344635009765625000000000000
22116726.0601832941174507141113281250000000000000
-12851338.2795481830835342407226562500000000000000
30412637.7971899732947349548339843750000000000000
-22651621.8042030520737171173095703125000000000000
27561773.7477857284247875213623046875000000000000
13723683.5434459652751684188842773437500000000000
36910137.0403445884585380554199218750000000000000
8988299.0066945124417543411254882812500000000000
-14428405.2305396683514118194580078125000000000000
17127837.8877177722752094268798828125000000000000
-18221052.6896259486675262451171875000000000000000
-2495276.8333638613112270832061767578125000000000
15977594.7131581958383321762084960937500000000000
-6402832.7108537200838327407836914062500000000000
-8486360.0164892803877592086791992187500000000000
-16692263.9455846846103668212890625000000000000000
-8856491.6524201482534408569335937500000000000000
34727921.6359534338116645812988281250000000000000
-7422973.6296547427773475646972656250000000000000
14863539.8688909541815519332885742187500000000000
405780.9482079473673366010189056396484375000000
-41926205.6624755635857582092285156250000000000000
-49751961.9735224246978759765625000000000000000000
-19095643.3719780929386615753173828125000000000000
5443955.6788730667904019355773925781250000000000
-10033625.2889648005366325378417968750000000000000
-17042179.1852801851928234100341796875000000000000
9101832.2347112018615007400512695312500000000000
5096426.6482765097171068191528320312500000000000
-10786188.1873652506619691848754882812500000000000
1917364.8823546948842704296112060546875000000000
43192504.8871204704046249389648437500000000000000
28950199.4164152257144451141357421875000000000000
10370946.3335345573723316192626953125000000000000
-31546661.9968933425843715667724609375000000000000
-11665456.0069632306694984436035156250000000000000
11097832.5816620271652936935424804687500000000000
2412644.3169652856886386871337890625000000000000
-4961639.0307408208027482032775878906250000000000
-8982477.8776110783219337463378906250000000000000
8876455.3949676137417554855346679687500000000000
22360760.3597494401037693023681640625000000000000
-2580457.9983350797556340694427490234375000000000
13377215.0266115870326757431030273437500000000000
-24289981.6096909493207931518554687500000000000000
-17616125.6296094432473182678222656250000000000000
-24057448.5222878046333789825439453125000000000000
12344281.6468372158706188201904296875000000000000
6610435.3666380085051059722900390625000000000000
17333457.0654642172157764434814453125000000000000
1405531.1336558205075562000274658203125000000000
-2761896.8351476076059043407440185546875000000000
922093.2148879831656813621520996093750000000000
-12360676.4592279028147459030151367187500000000000
-45139494.0040601566433906555175781250000000000000
-10052962.8583490792661905288696289062500000000000
-29957037.3663263544440269470214843750000000000000
-5238873.8361529307439923286437988281250000000000
-24887369.7493131607770919799804687500000000000000
25213992.6713476032018661499023437500000000000000
-46490414.1148894503712654113769531250000000000000
9681993.0162697583436965942382812500000000000000
-9634130.3415091671049594879150390625000000000000
-11253861.8313785623759031295776367187500000000000
11345297.1119663622230291366577148437500000000000
11035944.7350719030946493148803710937500000000000
13738853.3482699804008007049560546875000000000000
-19479361.3250924870371818542480468750000000000000
-23708317.3139587491750717163085937500000000000000
4991301.7926762327551841735839843750000000000000
-24377516.0751037523150444030761718750000000000000
18959139.7122947536408901214599609375000000000000
-20748866.4186986424028873443603515625000000000000
27342105.3890548683702945709228515625000000000000
7014166.8981969393789768218994140625000000000000
15622279.8803783096373081207275390625000000000000
-35961351.5335644111037254333496093750000000000000
3877578.9234259193763136863708496093750000000000
797027.8394648564280942082405090332031250000000
2429505.4850186505354940891265869140625000000000
28399890.4524508193135261535644531250000000000000
11089442.5037805885076522827148437500000000000000
37452855.9782225042581558227539062500000000000000
-3108975.2082932936027646064758300781250000000000
-156721.4229422764037735760211944580078125000000
12714620.0521271396428346633911132812500000000000
-1505965.4376544028054922819137573242187500000000
19771696.5949170924723148345947265625000000000000
8630410.4047640115022659301757812500000000000000
39982858.4317593723535537719726562500000000000000
-2393160.0856273593381047248840332031250000000000
-9994351.0738314520567655563354492187500000000000
-11763092.5858467761427164077758789062500000000000
27127107.7632349766790866851806640625000000000000
10552002.5667348131537437438964843750000000000000
-10498575.9112241938710212707519531250000000000000
-2641464.6080683725886046886444091796875000000000
4578540.3713322551921010017395019531250000000000
-2292099.5671451007947325706481933593750000000000
24373216.9934235326945781707763671875000000000000
-11786105.2469741515815258026123046875000000000000
10215368.3671726174652576446533203125000000000000
-16991298.4880982674658298492431640625000000000000
646954.5972871965495869517326354980468750000000
7439380.2425641668960452079772949218750000000000
8808011.5292707551270723342895507812500000000000
23479370.9452841505408287048339843750000000000000
-23822805.4131313040852546691894531250000000000000
9315026.1880328878760337829589843750000000000000
-23359960.9758657254278659820556640625000000000000
-6982025.8331739902496337890625000000000000000000
23660864.0825197733938694000244140625000000000000
-13062740.3139675855636596679687500000000000000000
-8451911.0300512164831161499023437500000000000000
24036381.8069180957973003387451171875000000000000
4708501.8240008577704429626464843750000000000000
9692057.4688010197132825851440429687500000000000
7089868.9173724977299571037292480468750000000000
-20212339.3243167959153652191162109375000000000000
4988753.8813353693112730979919433593750000000000
-28395422.5910574533045291900634765625000000000000
8459013.8030953537672758102416992187500000000000
2011226.0960940374061465263366699218750000000000
-24770124.2398388423025608062744140625000000000000
1834684.3515657575335353612899780273437500000000
-3856909.4827910503372550010681152343750000000000
-27273453.1591092273592948913574218750000000000000
-9662857.3409669902175664901733398437500000000000
15383854.3054303545504808425903320312500000000000
-6011113.8309923866763710975646972656250000000000
5019326.9751434708014130592346191406250000000000
727123.0968723783735185861587524414062500000000
10642817.1886311080306768417358398437500000000000
7183279.8850575573742389678955078125000000000000
8826411.8808455690741539001464843750000000000000
-14979368.4752414803951978683471679687500000000000
-11466589.8691855315119028091430664062500000000000
3279453.8985633892007172107696533203125000000000
-23493813.8301439434289932250976562500000000000000
-5791569.4315885649994015693664550781250000000000
-8646163.5120838303118944168090820312500000000000
-14464112.5201059188693761825561523437500000000000
9639099.8604471590369939804077148437500000000000
-2099136.2236900152638554573059082031250000000000
-13142108.7018816843628883361816406250000000000000
12871156.5493370629847049713134765625000000000000
3213660.8018500702455639839172363281250000000000
-6347301.3415254270657896995544433593750000000000
-4067536.8964898283593356609344482421875000000000
1375884.4084216938354074954986572265625000000000
22011585.6295617967844009399414062500000000000000
-124062.5698125172639265656471252441406250000000
17210483.5375384911894798278808593750000000000000
-10317970.3074939139187335968017578125000000000000
-9317676.4632504247128963470458984375000000000000
14426514.9393158853054046630859375000000000000000
-18260636.9611356146633625030517578125000000000000
12155438.5783831514418125152587890625000000000000
5618015.4396502394229173660278320312500000000000
16998643.5924479067325592041015625000000000000000
15249763.6158171724528074264526367187500000000000
2880300.1307237739674746990203857421875000000000
14788197.8117075953632593154907226562500000000000
-3481095.9278693329542875289916992187500000000000
2607243.0527002667076885700225830078125000000000
-11187385.2847990952432155609130859375000000000000
-12050452.7098738793283700942993164062500000000000
-7813583.4541173288598656654357910156250000000000
4586157.7922451589256525039672851562500000000000
14355778.3473825789988040924072265625000000000000
-11935194.7056205924600362777709960937500000000000
1678317.0663613274227827787399291992187500000000
-13517567.7003398966044187545776367187500000000000
-2923135.8067758446559309959411621093750000000000
16868588.5682027786970138549804687500000000000000
-7447142.6631281487643718719482421875000000000000
-2871685.0503408266231417655944824218750000000000
-2826160.4169323989190161228179931640625000000000
-3680830.5157118807546794414520263671875000000000
-6872971.5905574718490242958068847656250000000000
19522335.7059537693858146667480468750000000000000
5931700.3855294929817318916320800781250000000000
5793438.3180014574900269508361816406250000000000
-8196841.8175252946093678474426269531250000000000
20912645.2811876833438873291015625000000000000000
-16753736.7673915494233369827270507812500000000000
-34900695.2396604195237159729003906250000000000000
-3267904.3844831469468772411346435546875000000000
-2705742.1243781656958162784576416015625000000000
20531911.4976652190089225769042968750000000000000
890539.3226748175220564007759094238281250000000
14512493.2375441100448369979858398437500000000000
-8411148.5198047682642936706542968750000000000000
15802521.7915002871304750442504882812500000000000
-2762708.4150774357840418815612792968750000000000
-2683869.8461542725563049316406250000000000000000
13756683.8358968496322631835937500000000000000000
-11486718.5548399649560451507568359375000000000000
-5238254.6121902568265795707702636718750000000000
-1607779.6492763168644160032272338867187500000000
4367970.3864457337185740470886230468750000000000
-19656271.3485381081700325012207031250000000000000
5912503.7134069893509149551391601562500000000000
6734656.3562694694846868515014648437500000000000
11615749.8376033529639244079589843750000000000000
-2752322.1823140024207532405853271484375000000000
-20622897.7542897164821624755859375000000000000000
9120454.9162316471338272094726562500000000000000
6219783.1854218831285834312438964843750000000000
3336414.8831299440935254096984863281250000000000
-10386777.1285371761769056320190429687500000000000
5817109.0939054656773805618286132812500000000000
-20190971.1055550649762153625488281250000000000000
-12117112.3476137071847915649414062500000000000000
7204163.5832692394033074378967285156250000000000
-320294.9026210022275336086750030517578125000000
-8287558.9969478994607925415039062500000000000000
1006848.9535660335095599293708801269531250000000
16594830.4423075821250677108764648437500000000000
-9561691.2004174739122390747070312500000000000000
2305023.0031912173144519329071044921875000000000
15628135.8032804746180772781372070312500000000000
-1062928.1766896951012313365936279296875000000000
-6221710.4797406960278749465942382812500000000000
-29031326.6325140260159969329833984375000000000000
14819849.5130129046738147735595703125000000000000
838456.3848171614808961749076843261718750000000
1927608.3540223222225904464721679687500000000000
-2524912.6176916258409619331359863281250000000000
3313058.3463324969634413719177246093750000000000
10313667.5737998392432928085327148437500000000000
-3922311.4918432133272290229797363281250000000000
4840331.5659992825239896774291992187500000000000
-6558033.1589560909196734428405761718750000000000
5314567.5636021792888641357421875000000000000000
-5548998.7277165092527866363525390625000000000000
3547256.2781294374726712703704833984375000000000
-13176433.1253427527844905853271484375000000000000
6173258.6548954825848340988159179687500000000000
5038826.2035047514364123344421386718750000000000
-9595845.0368859115988016128540039062500000000000
9790955.5706659946590662002563476562500000000000
21087705.1107431054115295410156250000000000000000
-12075451.3904865626245737075805664062500000000000
-196183.1811178296920843422412872314453125000000
1885621.0018075874540954828262329101562500000000
-2563650.2866467251442372798919677734375000000000
35590445.2468930333852767944335937500000000000000
3731210.1324093877337872982025146484375000000000
-8793903.7797582298517227172851562500000000000000
-2018394.8430073235649615526199340820312500000000
6735663.0377476708963513374328613281250000000000
7692493.7129505733028054237365722656250000000000
6585613.0865696147084236145019531250000000000000
-4326887.1262876857072114944458007812500000000000
-13817212.8126389458775520324707031250000000000000
4638282.7429667264223098754882812500000000000000
-13892984.0717055313289165496826171875000000000000
-4489688.1747149620205163955688476562500000000000
-27377502.4619533345103263854980468750000000000000
7466452.7779849767684936523437500000000000000000
8681125.3752420283854007720947265625000000000000
-12092262.5462616942822933197021484375000000000000
-3371445.1243537217378616333007812500000000000000
-14364572.3647377379238605499267578125000000000000
9107074.3063967339694499969482421875000000000000
12813346.8505585175007581710815429687500000000000
16663834.9286841638386249542236328125000000000000
5479512.6587238712236285209655761718750000000000
10973623.5897475313395261764526367187500000000000
-11065914.1399830915033817291259765625000000000000
6299442.5458126245066523551940917968750000000000
3671085.7521726540289819240570068359375000000000
-17207116.1256623715162277221679687500000000000000
-1473406.2380760344676673412322998046875000000000
-13386487.1971812937408685684204101562500000000000
2258728.6833609724417328834533691406250000000000
-5128442.7428565407171845436096191406250000000000
9671475.4788436610251665115356445312500000000000
-29191503.0714130960404872894287109375000000000000
9164540.2729635555297136306762695312500000000000
2857374.5948466015979647636413574218750000000000
-2502696.1483366852626204490661621093750000000000
10858079.5499261450022459030151367187500000000000
14355703.3877346944063901901245117187500000000000
-14771426.1118090413510799407958984375000000000000
9491152.1194846145808696746826171875000000000000
5474951.2838957095518708229064941406250000000000
-18276317.0032864362001419067382812500000000000000
5428261.6274531278759241104125976562500000000000
529401.6758181441109627485275268554687500000000
-853915.7914850477827712893486022949218750000000
2387810.6223714314401149749755859375000000000000
-320107.7168118575937114655971527099609375000000
3928202.6802229792810976505279541015625000000000
