0.2592151662299032599534598375612404197454
-24.6970845473823032989457715302705764770508
630.6274846772146247531054541468620300292969
-6998.4164974703280677204020321369171142578125
39351.0524232573079643771052360534667968750000
-112033.0481904113839846104383468627929687500000
112792.4692045242554740980267524719238281250000
182427.0032083246915135532617568969726562500000
-567339.6815722405444830656051635742187500000000
368066.8068757575820200145244598388671875000000
171510.6571044817392248660326004028320312500000
-149914.2278978258837014436721801757812500000000
-14732.3658000355135300196707248687744140625000
-91877.2148714701324934139847755432128906250000
20526.8017730764368025120347738265991210937500
-8263.2962795324128819629549980163574218750000
-98581.1160296498856041580438613891601562500000
121654.9404946551221655681729316711425781250000
144655.2748818633554037660360336303710937500000
154696.5498184336174745112657546997070312500000
-294658.0266312783933244645595550537109375000000
314865.4273996821139007806777954101562500000000
-12305.8911731488751684082671999931335449218750
-799123.0595361270243301987648010253906250000000
289839.2742542316555045545101165771484375000000
-99966.6857532188005279749631881713867187500000
260503.2664472009928431361913681030273437500000
-26948.3070718568560550920665264129638671875000
658557.6643817251315340399742126464843750000000
-207908.3075263063656166195869445800781250000000
-439838.4795291718910448253154754638671875000000
-6524.8995374104624715982936322689056396484375
-274078.3134477039566263556480407714843750000000
432213.1288221686263568699359893798828125000000
-1029227.2562479522312059998512268066406250000000
1061109.8284521177411079406738281250000000000000
1020582.8180633747251704335212707519531250000000
-214316.4207635716593358665704727172851562500000
83616.1186081264895619824528694152832031250000
-484824.9131989689194597303867340087890625000000
-297284.8609663281240500509738922119140625000000
-2392879.0570879075676202774047851562500000000000
1224705.2424815986305475234985351562500000000000
631324.1289901549462229013442993164062500000000
464590.8573664355790242552757263183593750000000
-555958.2593342106556519865989685058593750000000
657605.5390968740684911608695983886718750000000
386609.7963585541001521050930023193359375000000
-437348.7077072166721336543560028076171875000000
-1057464.5851581201422959566116333007812500000000
-807180.2024939813418313860893249511718750000000
1212997.1441629258915781974792480468750000000000
1030723.9069045349024236202239990234375000000000
-733283.0499671631259843707084655761718750000000
1746379.8800086453557014465332031250000000000000
-1319788.8459592096041887998580932617187500000000
-2773052.6443292400799691677093505859375000000000
3580266.7219196623191237449645996093750000000000
5051569.5670161154121160507202148437500000000000
-5014339.2614458082243800163269042968750000000000
5580482.8717414215207099914550781250000000000000
-6623661.5456917397677898406982421875000000000000
3774101.6394592542201280593872070312500000000000
-7856549.8643953688442707061767578125000000000000
-2557954.1055398783646523952484130859375000000000
1214957.3757714105304330587387084960937500000000
583539.6935879915254190564155578613281250000000
-1436608.3895024696830660104751586914062500000000
1392424.4987938036210834980010986328125000000000
-478043.1372244293452240526676177978515625000000
7498861.6281317891553044319152832031250000000000
6528933.9580195592716336250305175781250000000000
-1547444.2252640603110194206237792968750000000000
-1112983.7460667523555457592010498046875000000000
-1174881.6439733803272247314453125000000000000000
2704213.8884146786294877529144287109375000000000
-2374069.0043320101685822010040283203125000000000
2712017.2056007268838584423065185546875000000000
-8384634.9614001624286174774169921875000000000000
-7351374.8321255519986152648925781250000000000000
-2680485.1434816117398440837860107421875000000000
9305702.6140574291348457336425781250000000000000
-7875048.2081747855991125106811523437500000000000
-6526834.0235237786546349525451660156250000000000
203521.9375832350924611091613769531250000000000
11551571.0097217969596385955810546875000000000000
4442385.9842337779700756072998046875000000000000
-6296229.6977488091215491294860839843750000000000
8188386.0563775124028325080871582031250000000000
8909377.0966923572123050689697265625000000000000
-1668638.2070137092377990484237670898437500000000
-4147038.1119661643169820308685302734375000000000
1876008.7690918706357479095458984375000000000000
-5155696.5189092606306076049804687500000000000000
4556566.0970784341916441917419433593750000000000
6283110.2102500274777412414550781250000000000000
3459080.9078559735789895057678222656250000000000
-12477988.3463821746408939361572265625000000000000
2998211.8263255278579890727996826171875000000000
-3740148.4812353653833270072937011718750000000000
-3402183.5017922534607350826263427734375000000000
-347077.3303934520808979868888854980468750000000
1180347.6441740787122398614883422851562500000000
-2910342.7438217047601938247680664062500000000000
4625791.5875503206625580787658691406250000000000
-6261926.6892527388408780097961425781250000000000
-7486098.0325892828404903411865234375000000000000
-16968642.2427031695842742919921875000000000000000
-4876115.0859652273356914520263671875000000000000
23648069.9869171977043151855468750000000000000000
8347991.1845015138387680053710937500000000000000
-3922530.9671504897996783256530761718750000000000
-2309865.2731772526167333126068115234375000000000
1682481.5834319223649799823760986328125000000000
-4779890.6367151429876685142517089843750000000000
8006871.2991216732189059257507324218750000000000
8536356.7061957828700542449951171875000000000000
-4834577.9828800763934850692749023437500000000000
3438405.0524792172946035861968994140625000000000
-2770778.1647105528973042964935302734375000000000
5542302.3179436065256595611572265625000000000000
2472852.3570377342402935028076171875000000000000
-5352702.7940271310508251190185546875000000000000
-7317278.7338286126032471656799316406250000000000
7508210.6641731401905417442321777343750000000000
3671099.5654954183846712112426757812500000000000
8353580.9976491034030914306640625000000000000000
-7249980.5428229458630084991455078125000000000000
173383.0383198148920200765132904052734375000000
-59512.7135046913172118365764617919921875000000
3312181.1038358611986041069030761718750000000000
-9841806.7400615382939577102661132812500000000000
-10906503.2753021530807018280029296875000000000000
6169428.2171047581359744071960449218750000000000
18158616.1562896110117435455322265625000000000000
4915603.5670218206942081451416015625000000000000
-9439691.0206581093370914459228515625000000000000
-3247573.3221755223348736763000488281250000000000
5039861.2574826618656516075134277343750000000000
-22623226.3499269224703311920166015625000000000000
2772397.2019499838352203369140625000000000000000
5122945.6701358864083886146545410156250000000000
1057657.7819490081164985895156860351562500000000
-9967919.2156824842095375061035156250000000000000
881310.8667834443040192127227783203125000000000
-7847603.1307189092040061950683593750000000000000
-6581360.8557064477354288101196289062500000000000
6267426.4188766079023480415344238281250000000000
6512791.6954860845580697059631347656250000000000
771090.4840895113302394747734069824218750000000
7895817.5306428596377372741699218750000000000000
1169523.7525994651950895786285400390625000000000
15772973.8786711562424898147583007812500000000000
-25735638.1017864048480987548828125000000000000000
-440559.4348598914803005754947662353515625000000
-3350391.6084201382473111152648925781250000000000
-5911491.6161814499646425247192382812500000000000
-2665716.0876127388328313827514648437500000000000
695049.3875841390108689665794372558593750000000
-1053746.6601142284926027059555053710937500000000
-5535983.0307359984144568443298339843750000000000
15488343.9399788714945316314697265625000000000000
10241150.0723286680877208709716796875000000000000
4219138.1017953855916857719421386718750000000000
-8667421.9374475609511137008666992187500000000000
14217286.1410774402320384979248046875000000000000
-761809.2083700520452111959457397460937500000000
959421.3847775696776807308197021484375000000000
11646606.2451157476752996444702148437500000000000
-7263396.5757235353812575340270996093750000000000
-651129.9415329616749659180641174316406250000000
16081296.1582317538559436798095703125000000000000
1759172.6579355685971677303314208984375000000000
-9999809.3885812554508447647094726562500000000000
2213382.5442654644139111042022705078125000000000
-2340175.1068005510605871677398681640625000000000
1676264.9748563540633767843246459960937500000000
-10176568.4312023539096117019653320312500000000000
6692173.9860112490132451057434082031250000000000
4445834.5034920088946819305419921875000000000000
-7927730.9785356456413865089416503906250000000000
-6642713.6620837682858109474182128906250000000000
1249704.6503177704289555549621582031250000000000
-7212082.8796600531786680221557617187500000000000
-5251489.0297366697341203689575195312500000000000
-4938364.7221731301397085189819335937500000000000
-6878624.5634409310296177864074707031250000000000
965209.1187204396119341254234313964843750000000
3658526.0813842075876891613006591796875000000000
6880638.8645159639418125152587890625000000000000
-7648810.9297347469255328178405761718750000000000
16483460.9463038686662912368774414062500000000000
8497578.3847246225923299789428710937500000000000
-3458495.0769613548181951045989990234375000000000
-10598188.9134489055722951889038085937500000000000
523768.8211335110827349126338958740234375000000
8599911.3624521270394325256347656250000000000000
1405976.9949477575719356536865234375000000000000
3710533.5603985222987830638885498046875000000000
3055867.7617204817943274974822998046875000000000
5387455.7178950859233736991882324218750000000000
8826119.5388334747403860092163085937500000000000
-3701135.0319536090828478336334228515625000000000
-16628508.6901289839297533035278320312500000000000
-21104090.4865819551050662994384765625000000000000
13368378.0036639124155044555664062500000000000000
4883048.0877468418329954147338867187500000000000
6223917.3590197106823325157165527343750000000000
2457539.0693954466842114925384521484375000000000
6111494.4346698792651295661926269531250000000000
-4936575.8711740868166089057922363281250000000000
-14276085.4756589010357856750488281250000000000000
-13449362.2272325977683067321777343750000000000000
-7451916.0299051459878683090209960937500000000000
-6504571.2091268366202712059020996093750000000000
8568682.9019208755344152450561523437500000000000
-1116312.9167746421881020069122314453125000000000
5383111.8900048928335309028625488281250000000000
1251326.4816514607518911361694335937500000000000
5101252.2441114503890275955200195312500000000000
2925400.9767281170934438705444335937500000000000
-2101223.8443224783986806869506835937500000000000
-6433553.9068975290283560752868652343750000000000
-21596826.5674354508519172668457031250000000000000
-1514425.6853068650234490633010864257812500000000
-11487314.7140752319246530532836914062500000000000
-11021161.6669949572533369064331054687500000000000
10701851.4146029558032751083374023437500000000000
-4108779.5629878290928900241851806640625000000000
-10199746.3213957846164703369140625000000000000000
18774921.3722785450518131256103515625000000000000
16538129.3396888170391321182250976562500000000000
9004963.6188398562371730804443359375000000000000
-2844073.1535189375281333923339843750000000000000
-17952447.3523204103112220764160156250000000000000
8867157.8229157440364360809326171875000000000000
8923987.0365558769553899765014648437500000000000
26825510.3967919908463954925537109375000000000000
307900.9166317153139971196651458740234375000000
28570933.1527197733521461486816406250000000000000
-2951354.7464850516989827156066894531250000000000
-6405755.4340255334973335266113281250000000000000
2065442.6917995330877602100372314453125000000000
573047.5034247051225975155830383300781250000000
-6936042.8013709262013435363769531250000000000000
1652990.9375213766470551490783691406250000000000
8617492.8128876797854900360107421875000000000000
11035387.2496137358248233795166015625000000000000
-12695014.8563403189182281494140625000000000000000
-23494911.2598014697432518005371093750000000000000
14385269.9900333359837532043457031250000000000000
-12690976.5221375152468681335449218750000000000000
3614121.7764501105993986129760742187500000000000
-16538258.1032787095755338668823242187500000000000
-5846621.9176247576251626014709472656250000000000
2862587.8357279119081795215606689453125000000000
-4675155.2254539849236607551574707031250000000000
5773022.9922972219064831733703613281250000000000
10470412.1347244977951049804687500000000000000000
-1191401.4717378569766879081726074218750000000000
13178182.0088873859494924545288085937500000000000
-9773639.8542244788259267807006835937500000000000
18135938.8877108991146087646484375000000000000000
-11375028.3118495121598243713378906250000000000000
3050924.0566179202869534492492675781250000000000
-11330845.9404606986790895462036132812500000000000
2190310.2243317500688135623931884765625000000000
14783728.5211844481527805328369140625000000000000
14001396.6287475321441888809204101562500000000000
-895319.5544725342188030481338500976562500000000
8158714.3464984754100441932678222656250000000000
-13572859.6518829111009836196899414062500000000000
1341871.6932430758606642484664916992187500000000
2924236.5593978781253099441528320312500000000000
-2538963.2339953770861029624938964843750000000000
-24659375.8337173201143741607666015625000000000000
-4331114.5151441926136612892150878906250000000000
-5472196.6171790705993771553039550781250000000000
-3065282.5443331580609083175659179687500000000000
-1010343.7803615145385265350341796875000000000000
-9268735.9863130003213882446289062500000000000000
9277987.8829221967607736587524414062500000000000
-9821939.6069640908390283584594726562500000000000
-6365555.1046842606738209724426269531250000000000
12513193.7305241655558347702026367187500000000000
6899369.6519273594021797180175781250000000000000
-3582871.0976126971654593944549560546875000000000
-9543336.3098064679652452468872070312500000000000
52935.4424628284759819507598876953125000000000
9505268.8985268287360668182373046875000000000000
-12609483.1745793707668781280517578125000000000000
-10559180.5423589181154966354370117187500000000000
20079602.9402605779469013214111328125000000000000
15205580.6652623489499092102050781250000000000000
14236071.1823128499090671539306640625000000000000
-18703383.2329536341130733489990234375000000000000
-9363057.9576668422669172286987304687500000000000
245223.8501028578029945492744445800781250000000
426534.5975924753001891076564788818359375000000
-8717443.5077779367566108703613281250000000000000
-1000515.2281878500944003462791442871093750000000
-5107040.2921411134302616119384765625000000000000
25967773.7863351702690124511718750000000000000000
15704558.9321868214756250381469726562500000000000
-9245195.8842167295515537261962890625000000000000
-3983135.8032756200991570949554443359375000000000
2378191.9506874284707009792327880859375000000000
-17405496.7172989137470722198486328125000000000000
-20236493.9970186725258827209472656250000000000000
-9011949.7005871068686246871948242187500000000000
4605776.3247964018955826759338378906250000000000
-3345247.5359824714250862598419189453125000000000
9519003.5755669008940458297729492187500000000000
18878350.4353811405599117279052734375000000000000
11692322.7490279488265514373779296875000000000000
1638849.7322567598894238471984863281250000000000
-4023204.3887973646633327007293701171875000000000
-5873401.9981338372454047203063964843750000000000
10676919.2791103944182395935058593750000000000000
-8451437.2917388733476400375366210937500000000000
16883142.0026505403220653533935546875000000000000
-1280902.4162300555035471916198730468750000000000
11059271.2719689849764108657836914062500000000000
5976038.8036584537476301193237304687500000000000
1291647.7864071291405707597732543945312500000000
8283830.9477444738149642944335937500000000000000
4350677.6683319387957453727722167968750000000000
-13242173.6575491148978471755981445312500000000000
-3759079.1245056679472327232360839843750000000000
-874880.2609430891461670398712158203125000000000
-10495178.6583480294793844223022460937500000000000
1789196.2274296893738210201263427734375000000000
2822389.1602635639719665050506591796875000000000
-6466415.6370769888162612915039062500000000000000
-15167494.3514834009110927581787109375000000000000
-3220586.2453675619326531887054443359375000000000
14295116.1961187608540058135986328125000000000000
-1618120.2770824062172323465347290039062500000000
-12346356.6382005866616964340209960937500000000000
-11399011.9936780594289302825927734375000000000000
-4753783.1051710452884435653686523437500000000000
-7352185.4766425760462880134582519531250000000000
7223216.3106620367616415023803710937500000000000
-13422894.4916320051997900009155273437500000000000
2119852.8024873924441635608673095703125000000000
17985024.3556644245982170104980468750000000000000
-824661.0508628552779555320739746093750000000000
12057539.6599170435220003128051757812500000000000
16488466.9885495565831661224365234375000000000000
-10778556.5929028838872909545898437500000000000000
7471570.3136853426694869995117187500000000000000
-1990951.1769677952397614717483520507812500000000
10267615.0395837016403675079345703125000000000000
-972920.2080578024033457040786743164062500000000
-10273587.9581991713494062423706054687500000000000
-3862771.3238857355900108814239501953125000000000
-31186481.9775832928717136383056640625000000000000
4466746.5140515798702836036682128906250000000000
14247540.0136211104691028594970703125000000000000
16621570.5981029234826564788818359375000000000000
-17590021.4119220785796642303466796875000000000000
-1006107.1816748944111168384552001953125000000000
913613.2222607358125969767570495605468750000000
10457285.8462682422250509262084960937500000000000
-3713561.0627800677902996540069580078125000000000
-8916615.0086969491094350814819335937500000000000
824607.7314512467710301280021667480468750000000
3293686.9977032402530312538146972656250000000000
3627722.6536273718811571598052978515625000000000
-2257855.5095595684833824634552001953125000000000
-1543354.7423102445900440216064453125000000000000
2222872.5360439196228981018066406250000000000000
-10805734.6120940241962671279907226562500000000000
690175.9437585482373833656311035156250000000000
-15747098.0984450094401836395263671875000000000000
-13342430.7204990796744823455810546875000000000000
-448811.4835432553081773221492767333984375000000
11212858.7782645765691995620727539062500000000000
-12309775.0253982674330472946166992187500000000000
21760653.5788077823817729949951171875000000000000
3940197.0556460036896169185638427734375000000000
-7020969.6038680048659443855285644531250000000000
-5513394.6324252821505069732666015625000000000000
2192508.3766790837980806827545166015625000000000
8155183.8921538097783923149108886718750000000000
4240161.7486980650573968887329101562500000000000
6657834.6514352662488818168640136718750000000000
-2929899.0667207594960927963256835937500000000000
10207845.8071233071386814117431640625000000000000
1087346.1070087132975459098815917968750000000000
-11183420.0096724983304738998413085937500000000000
7789049.7910799356177449226379394531250000000000
17442486.9371838271617889404296875000000000000000
1993864.4092396530322730541229248046875000000000
20290289.5650561563670635223388671875000000000000
-10328153.2029295302927494049072265625000000000000
-40555.7472412220304249785840511322021484375000
-12072588.9859133902937173843383789062500000000000
11747047.1321036349982023239135742187500000000000
2244585.9453252032399177551269531250000000000000
-6722698.4333793977275490760803222656250000000000
-3055783.3440978676080703735351562500000000000000
12235931.2965420521795749664306640625000000000000
17021947.2652613371610641479492187500000000000000
-10358468.3374329693615436553955078125000000000000
4993521.9303204407915472984313964843750000000000
-7721715.0684446580708026885986328125000000000000
2654046.4593819468282163143157958984375000000000
2187711.0719184493646025657653808593750000000000
-1454369.3662701053544878959655761718750000000000
8724974.3689122721552848815917968750000000000000
4501189.0657659117132425308227539062500000000000
-7894905.3387076621875166893005371093750000000000
-12496662.8994704522192478179931640625000000000000
-4563743.0423088688403367996215820312500000000000
1675456.8913541366346180438995361328125000000000
12116440.2497978825122117996215820312500000000000
-830930.9356219809269532561302185058593750000000
-27087250.5915042906999588012695312500000000000000
-4174422.1793459276668727397918701171875000000000
-8688570.9586119893938302993774414062500000000000
-137862.7745260623341891914606094360351562500000
-9197786.5860343016684055328369140625000000000000
1515672.1952836008276790380477905273437500000000
2116364.4563068170100450515747070312500000000000
-1643456.5743842064402997493743896484375000000000
-686515.6278565045213326811790466308593750000000
5181190.0504703307524323463439941406250000000000
9654045.7121563833206892013549804687500000000000
6530232.4296088814735412597656250000000000000000
9671493.6027021147310733795166015625000000000000
2367328.0671242368407547473907470703125000000000
-34339692.2615084722638130187988281250000000000000
2085113.5467569557949900627136230468750000000000
6120120.0386508917436003684997558593750000000000
13062463.3215219918638467788696289062500000000000
-4517438.1304281000047922134399414062500000000000
16401762.7497645281255245208740234375000000000000
1863781.2081087164115160703659057617187500000000
-3510812.0289920759387314319610595703125000000000
8918492.5667149815708398818969726562500000000000
6511769.3654635176062583923339843750000000000000
-6328630.5115093104541301727294921875000000000000
-6563417.5126547776162624359130859375000000000000
-17263675.8277759626507759094238281250000000000000
12092507.2343008089810609817504882812500000000000
3275698.1281094732694327831268310546875000000000
-9175226.1493953652679920196533203125000000000000
1095605.8359249040950089693069458007812500000000
-6745406.6417471654713153839111328125000000000000
615645.3050623947056010365486145019531250000000
-9255453.1602028943598270416259765625000000000000
-9249867.6702415999025106430053710937500000000000
-7179686.0999407283961772918701171875000000000000
-6254418.9758713180199265480041503906250000000000
-7021299.6582106202840805053710937500000000000000
1320653.6117287178058177232742309570312500000000
11494810.9416948463767766952514648437500000000000
-3388974.3477192404679954051971435546875000000000
3603890.9528752407059073448181152343750000000000
4587037.5141946142539381980895996093750000000000
17294326.0656530708074569702148437500000000000000
-7891203.8792540626600384712219238281250000000000
-1049651.3771096002310514450073242187500000000000
3378647.8054046910256147384643554687500000000000
-423951.1035428616451099514961242675781250000000
-186377.0050922158407047390937805175781250000000
6544754.6547563541680574417114257812500000000000
-3535296.3262446476146578788757324218750000000000
-4857874.2745613129809498786926269531250000000000
8149656.9441692195832729339599609375000000000000
-4503489.0805597295984625816345214843750000000000
-2810785.4048551646992564201354980468750000000000
-8879723.8214679118245840072631835937500000000000
1203097.5185997826047241687774658203125000000000
-982533.3199898510938510298728942871093750000000
238963.2943529059994034469127655029296875000000
7086424.7151655629277229309082031250000000000000
-6412166.4445132110267877578735351562500000000000
12069540.7960625421255826950073242187500000000000
-2307974.4883390259929001331329345703125000000000
-4712277.6990112122148275375366210937500000000000
13229702.3514045421034097671508789062500000000000
-2579990.8490311051718890666961669921875000000000
-833545.2295068313833326101303100585937500000000
167320.9550885401258710771799087524414062500000
-12188555.3994086962193250656127929687500000000000
6093124.7277773050591349601745605468750000000000
1494395.2367165163159370422363281250000000000000
-737738.5216690133092924952507019042968750000000
-5406794.2949792724102735519409179687500000000000
3734322.8113636011257767677307128906250000000000
-20012477.6289812363684177398681640625000000000000
7513292.2951435642316937446594238281250000000000
-11480047.9593214280903339385986328125000000000000
8749530.2738402988761663436889648437500000000000
13858886.5855196751654148101806640625000000000000
6866946.5647530490532517433166503906250000000000
1753732.2510127173736691474914550781250000000000
19576068.9254849776625633239746093750000000000000
9803556.8563146702945232391357421875000000000000
-6140824.1069942032918334007263183593750000000000
8234425.8652044991031289100646972656250000000000
-546312.5460682333214208483695983886718750000000
-3300036.2610072186216711997985839843750000000000
-6266062.8354388568550348281860351562500000000000
-6736234.2532197767868638038635253906250000000000
12601634.5509888511151075363159179687500000000000
18591891.2768018208444118499755859375000000000000
-7885572.4018678208813071250915527343750000000000
-10904235.8004991319030523300170898437500000000000
-3656406.4471540548838675022125244140625000000000
1164534.0454933410510420799255371093750000000000
9977402.9379998501390218734741210937500000000000
1952491.9438029278535395860671997070312500000000
-11358274.0160236489027738571166992187500000000000
-8683754.9942551869899034500122070312500000000000
7749690.0644357679411768913269042968750000000000
6169114.2141821309924125671386718750000000000000
-4710662.8132122624665498733520507812500000000000
4392587.1092243036255240440368652343750000000000
-15946295.2679061554372310638427734375000000000000
1935665.0075208547059446573257446289062500000000
-1139088.0445623034611344337463378906250000000000
-9178182.6582168303430080413818359375000000000000
8089685.2457053558900952339172363281250000000000
-648739.4060581076191738247871398925781250000000
-689171.1078738031210377812385559082031250000000
-12143495.7719460427761077880859375000000000000000
-4716498.1523127742111682891845703125000000000000
1039713.7294521073345094919204711914062500000000
1742667.8795911232009530067443847656250000000000
4809255.4287785943597555160522460937500000000000
10690271.7744730841368436813354492187500000000000
2977800.0954788946546614170074462890625000000000
-7566504.9472018694505095481872558593750000000000
-12490576.1480689980089664459228515625000000000000
5708428.0732756983488798141479492187500000000000
-5553557.2876858441159129142761230468750000000000
16095654.9741492364555597305297851562500000000000
3476902.6978106447495520114898681640625000000000
-2143594.1507170987315475940704345703125000000000
-4949572.5504802782088518142700195312500000000000
3348499.7670389921404421329498291015625000000000
-6612694.5943601867184042930603027343750000000000
-10150216.4470182489603757858276367187500000000000
8451568.5895444881170988082885742187500000000000
-15336733.4500100966542959213256835937500000000000
5447435.6830526757985353469848632812500000000000
2310332.2591745061799883842468261718750000000000
-5810418.1586672496050596237182617187500000000000
-1916695.4093160652555525302886962890625000000000
-3756534.4701259722933173179626464843750000000000
-23657670.0818135999143123626708984375000000000000
13005388.2909734826534986495971679687500000000000
-8572395.4997850209474563598632812500000000000000
6485250.0655041607096791267395019531250000000000
-4857918.2145538423210382461547851562500000000000
-16174046.9562621414661407470703125000000000000000
1786416.3430529895704239606857299804687500000000
10034371.3206775896251201629638671875000000000000
-8764773.6462138127535581588745117187500000000000
-6856387.1112888315692543983459472656250000000000
-13641610.3465767968446016311645507812500000000000
2538218.0264042415656149387359619140625000000000
-14314567.3109106123447418212890625000000000000000
8446002.7599622327834367752075195312500000000000
1729919.8199844744522124528884887695312500000000
16048003.0178608931601047515869140625000000000000
8822135.8294262029230594635009765625000000000000
8771491.1968342363834381103515625000000000000000
-494460.8973700504866428673267364501953125000000
3708532.1271987156942486763000488281250000000000
-79126.2762308906967518851161003112792968750000
10139517.9654128924012184143066406250000000000000
-6323298.5657164091244339942932128906250000000000
-6893077.6905385795980691909790039062500000000000
-4730.0019406648834774387069046497344970703125
10747870.8186696711927652359008789062500000000000
7857630.6866522682830691337585449218750000000000
3777428.8893539034761488437652587890625000000000
-564086.1337248093914240598678588867187500000000
-4149532.8427415983751416206359863281250000000000
-600332.6023489119252189993858337402343750000000
2001946.9774934947490692138671875000000000000000
-16022388.9487450458109378814697265625000000000000
10763323.6239217054098844528198242187500000000000
-578616.7775461116107180714607238769531250000000
6097214.7003420945256948471069335937500000000000
-4234539.5204702354967594146728515625000000000000
18780272.2594335898756980895996093750000000000000
4107387.2911484050564467906951904296875000000000
-5783454.1889580236747860908508300781250000000000
3276695.2554827248677611351013183593750000000000
5742511.1515582390129566192626953125000000000000
1381941.6336810865905135869979858398437500000000
-5013629.5650159548968076705932617187500000000000
-7443579.3072854820638895034790039062500000000000
-2159204.1835451140068471431732177734375000000000
-8718012.2362618669867515563964843750000000000000
3289123.1075146533548831939697265625000000000000
-440935.2703149913577362895011901855468750000000
7603129.8220157129690051078796386718750000000000
14296027.6030013542622327804565429687500000000000
1291408.5354235921986401081085205078125000000000
132136.8739925402041990309953689575195312500000
40933.6630993821672745980322360992431640625000
1451625.1391118119936436414718627929687500000000
4881520.2546608047559857368469238281250000000000
-9491839.8758930619806051254272460937500000000000
20053639.8484195284545421600341796875000000000000
-1369327.0148341360036283731460571289062500000000
2220361.7137613119557499885559082031250000000000
8269647.2124836184084415435791015625000000000000
593626.8386652825865894556045532226562500000000
-8046467.1356614567339420318603515625000000000000
-666052.4614829188212752342224121093750000000000
-7612044.5885566072538495063781738281250000000000
-4216155.6060146028175950050354003906250000000000
-2209194.6571335680782794952392578125000000000000
-2479240.0551239983178675174713134765625000000000
5500065.1815487984567880630493164062500000000000
-7716001.7411121847108006477355957031250000000000
-7415506.6788837732747197151184082031250000000000
7795084.8314420077949762344360351562500000000000
5276619.9801926957443356513977050781250000000000
12629615.6907176338136196136474609375000000000000
5388945.1406083209440112113952636718750000000000
-3576327.8806305634789168834686279296875000000000
1688822.0425859258975833654403686523437500000000
4946930.8128758482635021209716796875000000000000
-2930429.4659273261204361915588378906250000000000
-8192979.8231595149263739585876464843750000000000
4121017.0728083448484539985656738281250000000000
668238.3939993374515324831008911132812500000000
10017203.2197065651416778564453125000000000000000
1309877.6676597681362181901931762695312500000000
5286276.4151034764945507049560546875000000000000
2385155.1629106872715055942535400390625000000000
-3762302.2389919995330274105072021484375000000000
-7203664.7689566519111394882202148437500000000000
2922940.2292245938442647457122802734375000000000
-11575295.8611586894840002059936523437500000000000
8821361.1562030538916587829589843750000000000000
978050.3854785705916583538055419921875000000000
-1198401.3462157354224473237991333007812500000000
7725297.6890837131068110466003417968750000000000
5803051.3720849724486470222473144531250000000000
1007605.5186859270324930548667907714843750000000
-4328878.3345323316752910614013671875000000000000
-6687711.9091284014284610748291015625000000000000
-5196461.5673049241304397583007812500000000000000
-6825031.8980913544073700904846191406250000000000
4591424.2312954310327768325805664062500000000000
1846481.8601059948559850454330444335937500000000
-4898223.7642953824251890182495117187500000000000
4422464.2571236500516533851623535156250000000000
-607437.5208470607176423072814941406250000000000
-7351031.1195166390389204025268554687500000000000
-11727388.6862999033182859420776367187500000000000
-2145351.3842562558129429817199707031250000000000
-5736306.2305516200140118598937988281250000000000
-1300945.8579550196882337331771850585937500000000
-2948618.8512800703756511211395263671875000000000
-12863664.8196281231939792633056640625000000000000
-4992493.8951530884951353073120117187500000000000
-5835913.7836882071569561958312988281250000000000
1536694.0838356581516563892364501953125000000000
-1290468.8108356671873480081558227539062500000000
-2990230.8988210791721940040588378906250000000000
-10765473.6891423594206571578979492187500000000000
2362666.3906248072162270545959472656250000000000
-39609.8496765170930302701890468597412109375000
5214650.6092561287805438041687011718750000000000
-370446.1844988240045495331287384033203125000000
8758002.3380433917045593261718750000000000000000
2180314.9940581619739532470703125000000000000000
6187449.2214386248961091041564941406250000000000
-4628236.3286585593596100807189941406250000000000
-2905871.8587678587064146995544433593750000000000
1690797.6552821728400886058807373046875000000000
-6920535.8327011866495013236999511718750000000000
-3855825.6333595071919262409210205078125000000000
4144473.6872853753156960010528564453125000000000
-164080.8882847837812732905149459838867187500000
-6706741.6155908517539501190185546875000000000000
1142122.0270182786043733358383178710937500000000
3264039.7520505362190306186676025390625000000000
2832390.4358965260908007621765136718750000000000
3248586.9830322852358222007751464843750000000000
-5083412.3923112675547599792480468750000000000000
30939.8445596644996840041130781173706054687500
-1506034.4777126691769808530807495117187500000000
1375215.3387124664150178432464599609375000000000
6656003.9249606756493449211120605468750000000000
15002357.0584328994154930114746093750000000000000
-4835914.4164005117490887641906738281250000000000
6656624.6536670587956905364990234375000000000000
-5769246.2958470396697521209716796875000000000000
-4929075.8364696456119418144226074218750000000000
1555057.3379774142522364854812622070312500000000
3719908.6839602855034172534942626953125000000000
316242.1957973611424677073955535888671875000000
4319900.5546156223863363265991210937500000000000
-6744334.3579105809330940246582031250000000000000
-14696491.2377829793840646743774414062500000000000
-2439207.1051956904120743274688720703125000000000
1310866.8945214115083217620849609375000000000000
-6238841.9102423852309584617614746093750000000000
6039312.1334295971319079399108886718750000000000
-4587794.5405869772657752037048339843750000000000
-3382100.1968516977503895759582519531250000000000
-1298080.5818386161699891090393066406250000000000
5604939.3527703909203410148620605468750000000000
-2082514.0587850888259708881378173828125000000000
-4240386.2459686063230037689208984375000000000000
7866515.7462752629071474075317382812500000000000
1962223.7167714417446404695510864257812500000000
7656951.0273461472243070602416992187500000000000
7714808.0385052589699625968933105468750000000000
-1426831.6638592917006462812423706054687500000000
80706.6622890674188965931534767150878906250000
-3639514.1820244314149022102355957031250000000000
1536470.7827078159898519515991210937500000000000
8486757.3208857849240303039550781250000000000000
-12710657.3359033185988664627075195312500000000000
-1214677.0338822912890464067459106445312500000000
5133849.7204795712605118751525878906250000000000
7616072.4292861744761466979980468750000000000000
3808617.3288794835098087787628173828125000000000
266267.7156475728843361139297485351562500000000
4833338.3892097640782594680786132812500000000000
1797926.4207700365222990512847900390625000000000
-5066291.8670112034305930137634277343750000000000
-333488.9101085142465308308601379394531250000000
5733881.3144851410761475563049316406250000000000
5495984.7683247271925210952758789062500000000000
-5498150.9222748959437012672424316406250000000000
-331869.8706565070315264165401458740234375000000
1718468.1235640756785869598388671875000000000000
2307087.7228569327853620052337646484375000000000
-5865954.9746188577264547348022460937500000000000
3768134.3897247882559895515441894531250000000000
2318523.9766493616625666618347167968750000000000
-2556434.2379842819646000862121582031250000000000
-9931059.5651816111057996749877929687500000000000
5105028.9243125570937991142272949218750000000000
-11508815.2859707456082105636596679687500000000000
501234.9507793179946020245552062988281250000000
-4609940.4941308246925473213195800781250000000000
157251.4871082812896929681301116943359375000000
-3989864.4387294994667172431945800781250000000000
3068884.1315919514745473861694335937500000000000
2991943.5121743618510663509368896484375000000000
-4005546.1455211108550429344177246093750000000000
702828.1845877985469996929168701171875000000000
7537261.8435422778129577636718750000000000000000
-779609.7139555793255567550659179687500000000000
3451685.9927996797487139701843261718750000000000
-6220459.7836048798635601997375488281250000000000
8098012.8315402325242757797241210937500000000000
-1867270.1348940790630877017974853515625000000000
5086933.0103992223739624023437500000000000000000
2939129.6495161177590489387512207031250000000000
-2201680.5425699683837592601776123046875000000000
1025480.2840429089264944195747375488281250000000
8804006.6118216160684823989868164062500000000000
-925891.8860873542726039886474609375000000000000
-1601753.7629795921966433525085449218750000000000
3364787.8714932869188487529754638671875000000000
2385879.9832891905680298805236816406250000000000
5461025.2290511159226298332214355468750000000000
-4916780.9914365159347653388977050781250000000000
9086589.6388803813606500625610351562500000000000
-2642873.4630825784988701343536376953125000000000
3125670.1788821090012788772583007812500000000000
-1213689.2714618474710732698440551757812500000000
-5799793.9145513791590929031372070312500000000000
-5700400.3747425731271505355834960937500000000000
1749543.2335289560724049806594848632812500000000
-7938771.5542082134634256362915039062500000000000
2063777.0501451571471989154815673828125000000000
1980585.0048548295162618160247802734375000000000
-15707096.0473438408225774765014648437500000000000
859295.4156148079782724380493164062500000000000
1710774.8902203899342566728591918945312500000000
-6521713.1610778365284204483032226562500000000000
2023658.1926666568033397197723388671875000000000
364950.7380847108433954417705535888671875000000
292629.4183439076878130435943603515625000000000
-7568485.9373048646375536918640136718750000000000
2269176.2985160262323915958404541015625000000000
2258931.9712422718293964862823486328125000000000
-2417108.4710120633244514465332031250000000000000
1371771.8407148686237633228302001953125000000000
1878927.7337199302855879068374633789062500000000
6567101.1316546006128191947937011718750000000000
4197616.0977351292967796325683593750000000000000
-10226729.6084207035601139068603515625000000000000
-4772053.2434252630919218063354492187500000000000
2063267.6945381658151745796203613281250000000000
1484728.6762028129305690526962280273437500000000
5846615.0517860595136880874633789062500000000000
-4482954.2677407478913664817810058593750000000000
8012286.4332891199737787246704101562500000000000
3354151.4499498899094760417938232421875000000000
-1806587.2243319987319409847259521484375000000000
-3598501.3203168939799070358276367187500000000000
-1764656.4293073685839772224426269531250000000000
4022163.3459831643849611282348632812500000000000
5550228.1002862351015210151672363281250000000000
-3174192.0409394456073641777038574218750000000000
-938243.9100519558414816856384277343750000000000
-153633.7426726623089052736759185791015625000000
-1459616.8970564997289329767227172851562500000000
2040831.9361296247225254774093627929687500000000
-3188028.3334100041538476943969726562500000000000
-1231435.0975225162692368030548095703125000000000
2060861.1898036343045532703399658203125000000000
-5204186.0081137437373399734497070312500000000000
3972812.7345729232765734195709228515625000000000
5644856.0457698591053485870361328125000000000000
4359900.2300563463941216468811035156250000000000
-2302931.5701044858433306217193603515625000000000
-1670016.7726905997842550277709960937500000000000
-806497.8625640404643490910530090332031250000000
1319341.7631950695067644119262695312500000000000
999711.9253256943775340914726257324218750000000
2088724.6939061984885483980178833007812500000000
-337704.6286785663105547428131103515625000000000
-2300805.8000190327875316143035888671875000000000
4147316.5105590173043310642242431640625000000000
-6660888.0250985668972134590148925781250000000000
-1274033.1982173079159110784530639648437500000000
710670.5783299416070803999900817871093750000000
1807625.3678488461300730705261230468750000000000
-616817.6528990800725296139717102050781250000000
1697989.9538493270520120859146118164062500000000
618235.4532158368965610861778259277343750000000
1691205.0253854356706142425537109375000000000000
-8515635.0126307774335145950317382812500000000000
-673561.9795591564616188406944274902343750000000
3118175.6131828501820564270019531250000000000000
-2453878.3897510077804327011108398437500000000000
-1652263.6457196320407092571258544921875000000000
5536461.8695839466527104377746582031250000000000
-4956681.8321718070656061172485351562500000000000
-349176.7610060356673784554004669189453125000000
-380499.6542371818795800209045410156250000000000
3284209.1721454365178942680358886718750000000000
-1353985.5297383584547787904739379882812500000000
3315519.6177165121771395206451416015625000000000
-7755957.0585183994844555854797363281250000000000
-2650174.7901294990442693233489990234375000000000
-227197.1188875207153614610433578491210937500000
2295318.4658662215806543827056884765625000000000
9004331.7858274709433317184448242187500000000000
6245232.9408908914774656295776367187500000000000
633393.7340257174801081418991088867187500000000
1194485.4018788917455822229385375976562500000000
-2344439.6031033396720886230468750000000000000000
-6791659.8335885163396596908569335937500000000000
4195193.0132415238767862319946289062500000000000
-3569463.0855510444380342960357666015625000000000
-3635435.6369161643087863922119140625000000000000
876528.9279728208202868700027465820312500000000
-126373.7973842048668302595615386962890625000000
-6040991.1394644351676106452941894531250000000000
-4646504.9508241405710577964782714843750000000000
398383.1474240291281603276729583740234375000000
1125110.5773711500223726034164428710937500000000
-283996.9647287091938778758049011230468750000000
-1382598.1424053092487156391143798828125000000000
-5313841.6636853804811835289001464843750000000000
-2450978.1435052757151424884796142578125000000000
1586941.6607786279637366533279418945312500000000
-361859.7266510390327312052249908447265625000000
3550375.1170495520345866680145263671875000000000
4583148.2340919747948646545410156250000000000000
-517119.3051027703331783413887023925781250000000
-3857296.8733434658497571945190429687500000000000
-888197.7456635404378175735473632812500000000000
4648663.4095692215487360954284667968750000000000
1908421.1843650594819337129592895507812500000000
2399046.3415488912723958492279052734375000000000
-1657314.9495341703295707702636718750000000000000
-1159605.1547881825827062129974365234375000000000
699495.0640102549223229289054870605468750000000
586289.5223699681228026747703552246093750000000
6875235.1870053336024284362792968750000000000000
-1800117.8488504695706069469451904296875000000000
5082913.8568354723975062370300292968750000000000
-376896.3510594991385005414485931396484375000000
-3257006.6568946894258260726928710937500000000000
-1400402.0071744876913726329803466796875000000000
1762790.9181114567909389734268188476562500000000
3165838.3074427410028874874114990234375000000000
-1490335.0463755817618221044540405273437500000000
2564655.5685309325344860553741455078125000000000
-1622431.4083692640997469425201416015625000000000
844675.5199317062506452202796936035156250000000
2443505.6742971674539148807525634765625000000000
2138378.8716150890104472637176513671875000000000
-8081381.1621719356626272201538085937500000000000
-785165.9808547414140775799751281738281250000000
-1547904.2133467951789498329162597656250000000000
820282.2804371581878513097763061523437500000000
1168139.7031252253800630569458007812500000000000
-486083.9468533666222356259822845458984375000000
3567777.4793223012238740921020507812500000000000
-1477964.3150338646955788135528564453125000000000
-3327316.3364350437186658382415771484375000000000
2723468.5220297919586300849914550781250000000000
2889330.3779625496827065944671630859375000000000
2031663.2181034439709037542343139648437500000000
-369167.2273453564266674220561981201171875000000
2815863.6711125313304364681243896484375000000000
2115259.8570959782227873802185058593750000000000
2597305.3821767768822610378265380859375000000000
-1462717.5380693303886801004409790039062500000000
969981.4518776281038299202919006347656250000000
821468.3683029122184962034225463867187500000000
-3293087.9360255133360624313354492187500000000000
1876376.5665472666732966899871826171875000000000
1721470.3917818749323487281799316406250000000000
-1675080.3274794146418571472167968750000000000000
-2467234.0250787665136158466339111328125000000000
-3794725.7620063661597669124603271484375000000000
4643606.0362585326656699180603027343750000000000
-2724456.7681285007856786251068115234375000000000
-808234.3089868196984753012657165527343750000000
261063.4624598183436319231986999511718750000000
5104644.9399590771645307540893554687500000000000
2877219.4825820974074304103851318359375000000000
-4225884.6741620963439345359802246093750000000000
2633208.2110493141226470470428466796875000000000
86151.5310009003878803923726081848144531250000
-1195394.0752150686457753181457519531250000000000
-7711614.5021616034209728240966796875000000000000
-4574459.1828757124021649360656738281250000000000
-9444403.0165192671120166778564453125000000000000
-1063369.6218664071056991815567016601562500000000
-1973335.4832970371935516595840454101562500000000
-1908773.4569896343164145946502685546875000000000
178786.7362382775754667818546295166015625000000
-5440502.1473534060642123222351074218750000000000
-2144577.0226749600842595100402832031250000000000
730722.1005194104509428143501281738281250000000
1225336.7210565991699695587158203125000000000000
2999050.8877403195947408676147460937500000000000
-1474711.8959361175075173377990722656250000000000
804629.5848766160197556018829345703125000000000
-340672.7932597632170654833316802978515625000000
-332981.5082460436969995498657226562500000000000
-4705762.6284903828054666519165039062500000000000
4678668.0090423040091991424560546875000000000000
6749590.0264687687158584594726562500000000000000
3242292.4449867042712867259979248046875000000000
2394810.2566133388318121433258056640625000000000
5770209.1597021361812949180603027343750000000000
-1471851.6949533273000270128250122070312500000000
2115256.3030658373609185218811035156250000000000
-27809.8642628306006372440606355667114257812500
521432.5949864677968434989452362060546875000000
1603066.4379262286238372325897216796875000000000
889587.5964047489687800407409667968750000000000
-3157578.6942619960755109786987304687500000000000
-1406515.9857816847506910562515258789062500000000
-1115886.5028152682352811098098754882812500000000
1089774.6616664815228432416915893554687500000000
1467118.1170531830284744501113891601562500000000
2400952.8732862719334661960601806640625000000000
132487.8476790043059736490249633789062500000000
1499227.4825448156334459781646728515625000000000
1975967.8699531718157231807708740234375000000000
-793506.3017580768791958689689636230468750000000
-2758840.9711005040444433689117431640625000000000
-2189529.7122764703817665576934814453125000000000
-6507966.1661099828779697418212890625000000000000
-2164879.3423910960555076599121093750000000000000
723237.7441038509132340550422668457031250000000
5193033.4643325060606002807617187500000000000000
3880271.8144603744149208068847656250000000000000
-6682262.6763320425525307655334472656250000000000
-1417867.3724158371333032846450805664062500000000
1114023.6449749644380062818527221679687500000000
3752931.9805354764685034751892089843750000000000
2051012.0353809939697384834289550781250000000000
-102447.7814708282094215974211692810058593750000
1898036.4394505356904119253158569335937500000000
-2435461.9768821801990270614624023437500000000000
2079186.6958160568028688430786132812500000000000
4918676.8731156783178448677062988281250000000000
1464726.0510382752399891614913940429687500000000
-2312905.6058166646398603916168212890625000000000
-1418659.6209684824571013450622558593750000000000
-334444.6414835015893913805484771728515625000000
-2414800.7333077788352966308593750000000000000000
1141880.3276533188764005899429321289062500000000
-2535582.2145267841406166553497314453125000000000
-1305441.5240718428976833820343017578125000000000
