-0.2789237918851795172692220603494206443429
626.4656208376192125797388143837451934814453
-104827.0322745356534142047166824340820312500000
6551492.1003000456839799880981445312500000000000
-216383359.1558860540390014648437500000000000000000
4398710358.4700498580932617187500000000000000000000
-59828780191.2283325195312500000000000000000000000000
572500688338.4539794921875000000000000000000000000000
-3973458998194.0200195312500000000000000000000000000000
20334800913126.2539062500000000000000000000000000000000
-77037507096411.2968750000000000000000000000000000000000
213694164222451.8437500000000000000000000000000000000000
-418705242710357.2500000000000000000000000000000000000000
525096979274525.0625000000000000000000000000000000000000
-278309017830176.3437500000000000000000000000000000000000
-259411044333100.0937500000000000000000000000000000000000
504729896579493.3125000000000000000000000000000000000000
-119702906884638.6875000000000000000000000000000000000000
-210278912157330.0937500000000000000000000000000000000000
-158048771205089.6250000000000000000000000000000000000000
478075987165801.8750000000000000000000000000000000000000
-57174117856273.0937500000000000000000000000000000000000
-184633557886844.2812500000000000000000000000000000000000
-257323392065557.7500000000000000000000000000000000000000
316926652188132.8125000000000000000000000000000000000000
98499797046711.3437500000000000000000000000000000000000
-95429899048449.9687500000000000000000000000000000000000
85470202023898.5000000000000000000000000000000000000000
-246163046135187.3750000000000000000000000000000000000000
-4284681032080.5756835937500000000000000000000000000000
-75508762749020.5156250000000000000000000000000000000000
342117848564021.7500000000000000000000000000000000000000
61324710331011.2656250000000000000000000000000000000000
-24569843214638.7578125000000000000000000000000000000000
-68676145367885.2500000000000000000000000000000000000000
-374135805369565.8750000000000000000000000000000000000000
166946224406741.8125000000000000000000000000000000000000
-94868570833572.2500000000000000000000000000000000000000
-48520038104324.6875000000000000000000000000000000000000
256697038238074.2500000000000000000000000000000000000000
307141715833936.5000000000000000000000000000000000000000
53990493560138.8046875000000000000000000000000000000000
-11117286372301.9238281250000000000000000000000000000000
-448690893695825.8750000000000000000000000000000000000000
-67234645030789.3671875000000000000000000000000000000000
-153646939922247.5937500000000000000000000000000000000000
-15693925698295.8671875000000000000000000000000000000000
358973825891746.5625000000000000000000000000000000000000
-328733404843044.5625000000000000000000000000000000000000
63105913772292.1953125000000000000000000000000000000000
402518664145891.7500000000000000000000000000000000000000
66626707422152.4687500000000000000000000000000000000000
71738092712317.4687500000000000000000000000000000000000
-1878058476126.4948730468750000000000000000000000000000
114876172049512.9687500000000000000000000000000000000000
-217717713598115.8750000000000000000000000000000000000000
-210453343494532.1250000000000000000000000000000000000000
-212605226929741.7187500000000000000000000000000000000000
-143390027570873.4062500000000000000000000000000000000000
-79284030846540.3281250000000000000000000000000000000000
2852869517776.0771484375000000000000000000000000000000
144229345130302.1562500000000000000000000000000000000000
35397690270584.5000000000000000000000000000000000000000
169423216832535.1562500000000000000000000000000000000000
160205431065138.4687500000000000000000000000000000000000
117731916836420.8437500000000000000000000000000000000000
171232204083830.7500000000000000000000000000000000000000
140315249797717.6718750000000000000000000000000000000000
-21442992731507.4062500000000000000000000000000000000000
-37203645789218.7343750000000000000000000000000000000000
-88870623101536.3906250000000000000000000000000000000000
-183801537702475.8437500000000000000000000000000000000000
-66123484874085.9921875000000000000000000000000000000000
-186952150324397.2500000000000000000000000000000000000000
-201416252287643.9375000000000000000000000000000000000000
-155225150643663.8125000000000000000000000000000000000000
-145087555612472.8750000000000000000000000000000000000000
-96436760566837.6093750000000000000000000000000000000000
38148453127513.6875000000000000000000000000000000000000
95715472983093.4375000000000000000000000000000000000000
205202901763725.9687500000000000000000000000000000000000
226139674186162.2187500000000000000000000000000000000000
145042818961185.3750000000000000000000000000000000000000
200669526703241.6875000000000000000000000000000000000000
185806557388447.4375000000000000000000000000000000000000
254403120535794.9062500000000000000000000000000000000000
19481159682047.7226562500000000000000000000000000000000
3599243028161.5585937500000000000000000000000000000000
-60612560441565.2265625000000000000000000000000000000000
-23299356204638.0039062500000000000000000000000000000000
-192285970865326.1875000000000000000000000000000000000000
-91670224580601.6406250000000000000000000000000000000000
-139163563609167.5156250000000000000000000000000000000000
-313498410136980.3125000000000000000000000000000000000000
-186975935866669.3750000000000000000000000000000000000000
-133879268265974.3593750000000000000000000000000000000000
-252889436809646.9375000000000000000000000000000000000000
-98666147336424.9375000000000000000000000000000000000000
-26990095686451.3789062500000000000000000000000000000000
72529493384745.4218750000000000000000000000000000000000
120412358947542.5781250000000000000000000000000000000000
82962957472256.2968750000000000000000000000000000000000
219006264171774.5937500000000000000000000000000000000000
-39590724386880.1875000000000000000000000000000000000000
184191317460628.6250000000000000000000000000000000000000
204875178802038.5000000000000000000000000000000000000000
203342700128985.2812500000000000000000000000000000000000
132458036752784.7500000000000000000000000000000000000000
168221847563806.7187500000000000000000000000000000000000
314498638843512.3125000000000000000000000000000000000000
135307767650583.0468750000000000000000000000000000000000
23121079652820.0312500000000000000000000000000000000000
-179050228948884.2187500000000000000000000000000000000000
-63882364997809.3125000000000000000000000000000000000000
-224283726133529.5312500000000000000000000000000000000000
-100745353898520.8593750000000000000000000000000000000000
-183770883366870.4687500000000000000000000000000000000000
-16500236438058.6464843750000000000000000000000000000000
-248299007915209.2500000000000000000000000000000000000000
-60217897652302.2968750000000000000000000000000000000000
-198858507127161.6875000000000000000000000000000000000000
-134938757145798.8750000000000000000000000000000000000000
6916680351735.4638671875000000000000000000000000000000
-317369228741230.1250000000000000000000000000000000000000
-76468161845693.9843750000000000000000000000000000000000
-132497018179620.8906250000000000000000000000000000000000
66329527114995.8359375000000000000000000000000000000000
71067842659901.0937500000000000000000000000000000000000
-70843177796835.6562500000000000000000000000000000000000
225024226752321.3437500000000000000000000000000000000000
100778749837894.1562500000000000000000000000000000000000
283417098054618.3125000000000000000000000000000000000000
-2292100503175.8232421875000000000000000000000000000000
-42444074848103.5000000000000000000000000000000000000000
331989790668201.7500000000000000000000000000000000000000
-13933164101412.4179687500000000000000000000000000000000
230274639236501.0000000000000000000000000000000000000000
400218296875386.9375000000000000000000000000000000000000
27373436936198.7226562500000000000000000000000000000000
176746478100472.5312500000000000000000000000000000000000
-57435728122283.6875000000000000000000000000000000000000
-16482343949982.4824218750000000000000000000000000000000
9280501395536.7421875000000000000000000000000000000000
42697805138069.9843750000000000000000000000000000000000
59405165674863.7656250000000000000000000000000000000000
144616524231829.7187500000000000000000000000000000000000
-163626665193819.4687500000000000000000000000000000000000
-23056569574287.8476562500000000000000000000000000000000
-144967420130985.5000000000000000000000000000000000000000
-278708868432211.9375000000000000000000000000000000000000
-189987627382589.6875000000000000000000000000000000000000
-181443423576855.1562500000000000000000000000000000000000
-211305164959574.7812500000000000000000000000000000000000
-453658379570548.7500000000000000000000000000000000000000
-218008986034275.7812500000000000000000000000000000000000
-58257118217706.5468750000000000000000000000000000000000
-33193272752503.7421875000000000000000000000000000000000
-61470249593864.3203125000000000000000000000000000000000
-26826501872179.5000000000000000000000000000000000000000
-39093857000600.7187500000000000000000000000000000000000
28335517971626.0273437500000000000000000000000000000000
-47506334687712.1093750000000000000000000000000000000000
202137873720402.2187500000000000000000000000000000000000
62413119445257.4609375000000000000000000000000000000000
159008837222574.9375000000000000000000000000000000000000
224474853687951.4062500000000000000000000000000000000000
2121269735006.4592285156250000000000000000000000000000
67942595784261.2890625000000000000000000000000000000000
81778977578341.7343750000000000000000000000000000000000
262017985384301.9062500000000000000000000000000000000000
178189800625260.0625000000000000000000000000000000000000
158848972299352.1875000000000000000000000000000000000000
105096617752070.1718750000000000000000000000000000000000
103665621911627.6093750000000000000000000000000000000000
171558935845546.3750000000000000000000000000000000000000
-85915270343604.7343750000000000000000000000000000000000
13493808249854.7011718750000000000000000000000000000000
106592877289091.7500000000000000000000000000000000000000
145959380535603.8125000000000000000000000000000000000000
218536204880796.1875000000000000000000000000000000000000
-104877712655314.8437500000000000000000000000000000000000
224362811850547.0937500000000000000000000000000000000000
-211495699485374.6562500000000000000000000000000000000000
102341696126389.8750000000000000000000000000000000000000
-299136382532319.0625000000000000000000000000000000000000
-186752321143508.8125000000000000000000000000000000000000
-292713690324675.0000000000000000000000000000000000000000
34008972422131.7929687500000000000000000000000000000000
-354726989107966.3125000000000000000000000000000000000000
-37602728296739.7656250000000000000000000000000000000000
-204893410683347.3750000000000000000000000000000000000000
-66322684735071.0234375000000000000000000000000000000000
-73350459193070.7656250000000000000000000000000000000000
57538491849893.1250000000000000000000000000000000000000
-72438257302742.6562500000000000000000000000000000000000
-3335594134630.3842773437500000000000000000000000000000
-299470862829026.4375000000000000000000000000000000000000
68692090473839.8359375000000000000000000000000000000000
-138256328859119.6562500000000000000000000000000000000000
-115003718610824.9843750000000000000000000000000000000000
-43498947497420.4218750000000000000000000000000000000000
-201102569611211.9375000000000000000000000000000000000000
251523558512290.0937500000000000000000000000000000000000
-38787217326450.2109375000000000000000000000000000000000
101585454292420.9375000000000000000000000000000000000000
-74190551722470.5468750000000000000000000000000000000000
-4799439651321.2939453125000000000000000000000000000000
129798528666647.9687500000000000000000000000000000000000
184110908327725.7187500000000000000000000000000000000000
189268660298945.4062500000000000000000000000000000000000
381398153269094.8750000000000000000000000000000000000000
-210453906227436.2500000000000000000000000000000000000000
200221516151053.4687500000000000000000000000000000000000
32699734867614.3164062500000000000000000000000000000000
52109822265798.7187500000000000000000000000000000000000
161750796871904.1875000000000000000000000000000000000000
-3217501758206.7407226562500000000000000000000000000000
143936217747149.9687500000000000000000000000000000000000
260501581028327.0000000000000000000000000000000000000000
-85745981962406.6093750000000000000000000000000000000000
33178237949109.4687500000000000000000000000000000000000
96937010908806.8906250000000000000000000000000000000000
117653392771862.7187500000000000000000000000000000000000
34752270974139.2656250000000000000000000000000000000000
-71461308754227.9843750000000000000000000000000000000000
-106236039259190.8593750000000000000000000000000000000000
-131431654257137.3281250000000000000000000000000000000000
317461325491011.2500000000000000000000000000000000000000
-330688475649110.6875000000000000000000000000000000000000
-42397499211098.7734375000000000000000000000000000000000
145551360925704.1250000000000000000000000000000000000000
110700636937529.7500000000000000000000000000000000000000
8173097784188.0078125000000000000000000000000000000000
-29581386982839.9531250000000000000000000000000000000000
-84065110395219.0000000000000000000000000000000000000000
-386418793130848.6250000000000000000000000000000000000000
-91185877692598.2812500000000000000000000000000000000000
175051647660424.9687500000000000000000000000000000000000
-117682037481282.8281250000000000000000000000000000000000
-97094810111189.4062500000000000000000000000000000000000
-22027296775657.9843750000000000000000000000000000000000
17830955833327.5312500000000000000000000000000000000000
-104020017355951.9375000000000000000000000000000000000000
-450185588776257.1250000000000000000000000000000000000000
-61645382855752.1015625000000000000000000000000000000000
-58364766826940.2031250000000000000000000000000000000000
-49196526700837.0703125000000000000000000000000000000000
-89168581419755.4218750000000000000000000000000000000000
-142480660791428.9687500000000000000000000000000000000000
124918637297294.2500000000000000000000000000000000000000
-44483749578765.5078125000000000000000000000000000000000
-223649449968307.3125000000000000000000000000000000000000
-67840629782695.4375000000000000000000000000000000000000
72387893532481.9062500000000000000000000000000000000000
-40857995976508.5625000000000000000000000000000000000000
-281103417085146.2500000000000000000000000000000000000000
-21889443813817.0234375000000000000000000000000000000000
662052452185272.7500000000000000000000000000000000000000
30977434259666.3359375000000000000000000000000000000000
230542419907050.9375000000000000000000000000000000000000
113424751153744.8281250000000000000000000000000000000000
252933373931994.5937500000000000000000000000000000000000
-109193869375244.1093750000000000000000000000000000000000
-51877905430048.1250000000000000000000000000000000000000
-73958167027661.7500000000000000000000000000000000000000
293670784091833.9375000000000000000000000000000000000000
-14139176061672.4746093750000000000000000000000000000000
137022367550912.1875000000000000000000000000000000000000
154170436601405.7812500000000000000000000000000000000000
140108916098076.4375000000000000000000000000000000000000
313202738133938.8750000000000000000000000000000000000000
-377842535605589.3125000000000000000000000000000000000000
-32885800612907.8085937500000000000000000000000000000000
102325082981980.4687500000000000000000000000000000000000
-65832185108908.4921875000000000000000000000000000000000
290785071393425.1250000000000000000000000000000000000000
-74368452850354.1250000000000000000000000000000000000000
155201275829160.0000000000000000000000000000000000000000
-77178824038568.8593750000000000000000000000000000000000
87156728199097.3593750000000000000000000000000000000000
84471842845807.1562500000000000000000000000000000000000
-98475130933842.2968750000000000000000000000000000000000
-41662473212107.9218750000000000000000000000000000000000
76508302367303.8125000000000000000000000000000000000000
-23618913636733.5625000000000000000000000000000000000000
-39926369444631.6171875000000000000000000000000000000000
57526381238688.5000000000000000000000000000000000000000
-127919107537589.6562500000000000000000000000000000000000
-22890142812535.8867187500000000000000000000000000000000
-273898582715906.9062500000000000000000000000000000000000
39426957397314.9609375000000000000000000000000000000000
158938905956406.2812500000000000000000000000000000000000
41156476472705.9453125000000000000000000000000000000000
-448941924329979.8750000000000000000000000000000000000000
-229505591250200.0000000000000000000000000000000000000000
-13887068994374.3027343750000000000000000000000000000000
-48549399294549.3359375000000000000000000000000000000000
253503844464566.7500000000000000000000000000000000000000
-277112281651053.8125000000000000000000000000000000000000
-328998612536236.6250000000000000000000000000000000000000
86519651909673.5312500000000000000000000000000000000000
-90624421357012.7500000000000000000000000000000000000000
-61825129415504.6250000000000000000000000000000000000000
-233787679379095.9687500000000000000000000000000000000000
138516464965069.2343750000000000000000000000000000000000
-208537789908137.5312500000000000000000000000000000000000
140332221878604.0468750000000000000000000000000000000000
117277931604471.0468750000000000000000000000000000000000
-134050632625448.8281250000000000000000000000000000000000
-149341177318219.6250000000000000000000000000000000000000
336604628523543.7500000000000000000000000000000000000000
-284481348437393.0000000000000000000000000000000000000000
126691813152608.3906250000000000000000000000000000000000
-36308385508638.2343750000000000000000000000000000000000
59341916070508.7734375000000000000000000000000000000000
86861039377160.6093750000000000000000000000000000000000
190285176902110.5000000000000000000000000000000000000000
257822924185320.6875000000000000000000000000000000000000
-213463661050125.7187500000000000000000000000000000000000
-67877007587720.8828125000000000000000000000000000000000
247086914210209.1875000000000000000000000000000000000000
49195728264446.7812500000000000000000000000000000000000
-43756189592893.9140625000000000000000000000000000000000
-106318588292904.0468750000000000000000000000000000000000
-364778591084028.9375000000000000000000000000000000000000
110824852068826.3906250000000000000000000000000000000000
343774693686521.3750000000000000000000000000000000000000
130205394160425.4687500000000000000000000000000000000000
44749179108669.5468750000000000000000000000000000000000
400510428876794.2500000000000000000000000000000000000000
27142285265342.3281250000000000000000000000000000000000
249039802120641.5937500000000000000000000000000000000000
-152294438511787.9375000000000000000000000000000000000000
374641513427775.6250000000000000000000000000000000000000
-43149244629844.8984375000000000000000000000000000000000
-5843212576057.8359375000000000000000000000000000000000
175084779338715.8125000000000000000000000000000000000000
-188859335369007.7187500000000000000000000000000000000000
280761754306345.9687500000000000000000000000000000000000
-23255682130555.3046875000000000000000000000000000000000
-320112719950686.6250000000000000000000000000000000000000
-192802834113063.1562500000000000000000000000000000000000
340207742799520.6250000000000000000000000000000000000000
-148597568514350.0312500000000000000000000000000000000000
-56441997609084.0312500000000000000000000000000000000000
-262166245254982.0625000000000000000000000000000000000000
-259818132777692.7500000000000000000000000000000000000000
-126262337211462.4062500000000000000000000000000000000000
61922555675608.9531250000000000000000000000000000000000
-24929308393593.0937500000000000000000000000000000000000
-219117742188059.3125000000000000000000000000000000000000
201076929899525.1875000000000000000000000000000000000000
151000449545813.5625000000000000000000000000000000000000
102297153910348.5000000000000000000000000000000000000000
-86343811507783.5156250000000000000000000000000000000000
402631888284713.3750000000000000000000000000000000000000
-92258771369291.7968750000000000000000000000000000000000
-262765211853744.8437500000000000000000000000000000000000
-25477515040697.9492187500000000000000000000000000000000
182134670744524.0312500000000000000000000000000000000000
-316140815850648.0000000000000000000000000000000000000000
-216772535937895.0000000000000000000000000000000000000000
-377633455002641.9375000000000000000000000000000000000000
-119077482034825.8593750000000000000000000000000000000000
-103180916760123.1718750000000000000000000000000000000000
-188479762423734.7500000000000000000000000000000000000000
-87434659228944.1875000000000000000000000000000000000000
222464075876640.6562500000000000000000000000000000000000
-154989105272643.4062500000000000000000000000000000000000
204907717360712.1875000000000000000000000000000000000000
45914710186429.9921875000000000000000000000000000000000
-38171131171755.9140625000000000000000000000000000000000
-23561773790417.2812500000000000000000000000000000000000
106514477435911.7500000000000000000000000000000000000000
142774912059920.4687500000000000000000000000000000000000
-146490457519646.9687500000000000000000000000000000000000
134791262687287.1875000000000000000000000000000000000000
143530109695475.7500000000000000000000000000000000000000
-261912725787959.9062500000000000000000000000000000000000
-248924399631731.9062500000000000000000000000000000000000
192762322774888.8750000000000000000000000000000000000000
158613710767659.2500000000000000000000000000000000000000
326025075626107.5625000000000000000000000000000000000000
-87862014555669.0781250000000000000000000000000000000000
509788402836733.1250000000000000000000000000000000000000
-303995328967604.0625000000000000000000000000000000000000
-15508065568516.0937500000000000000000000000000000000000
-111469767556092.2500000000000000000000000000000000000000
428931863919405.1875000000000000000000000000000000000000
49496452206503.7343750000000000000000000000000000000000
207234579937324.0937500000000000000000000000000000000000
14200748703878.3828125000000000000000000000000000000000
63352738943903.4296875000000000000000000000000000000000
14113695122796.4472656250000000000000000000000000000000
-241144294909899.9375000000000000000000000000000000000000
237674721838195.5312500000000000000000000000000000000000
-144248191749729.0937500000000000000000000000000000000000
-357848954246489.2500000000000000000000000000000000000000
-3217843764401.9960937500000000000000000000000000000000
369101943805186.0625000000000000000000000000000000000000
283718818512130.3125000000000000000000000000000000000000
125616395620912.6875000000000000000000000000000000000000
-70831200419688.8125000000000000000000000000000000000000
-111448384457073.1093750000000000000000000000000000000000
101110650570868.7343750000000000000000000000000000000000
-213317925804310.4062500000000000000000000000000000000000
-198762358419994.8125000000000000000000000000000000000000
-55831808305863.0625000000000000000000000000000000000000
346970234814821.8750000000000000000000000000000000000000
-45896865287925.0156250000000000000000000000000000000000
9536680296819.6777343750000000000000000000000000000000
-410419222239905.1875000000000000000000000000000000000000
-182987673771211.3125000000000000000000000000000000000000
-155603146657395.8125000000000000000000000000000000000000
-268607719689319.4375000000000000000000000000000000000000
153219631909413.3750000000000000000000000000000000000000
22352055498111.5546875000000000000000000000000000000000
-156025924099373.0312500000000000000000000000000000000000
97828431564344.9375000000000000000000000000000000000000
27710903625354.6640625000000000000000000000000000000000
-157065460953886.7500000000000000000000000000000000000000
235807876654730.2500000000000000000000000000000000000000
125346232701414.5937500000000000000000000000000000000000
191426055349730.9375000000000000000000000000000000000000
261222813130365.9687500000000000000000000000000000000000
-495627588865320.6250000000000000000000000000000000000000
275805712285077.1875000000000000000000000000000000000000
-62974237665229.3046875000000000000000000000000000000000
-364604862854795.3750000000000000000000000000000000000000
88287670802302.2500000000000000000000000000000000000000
-145802097968063.9062500000000000000000000000000000000000
-212624549553064.0625000000000000000000000000000000000000
-114824555205679.3593750000000000000000000000000000000000
115118198675197.1562500000000000000000000000000000000000
-192628285391208.6250000000000000000000000000000000000000
104674474135456.0312500000000000000000000000000000000000
-540007409831863.4375000000000000000000000000000000000000
60270282953510.4218750000000000000000000000000000000000
161789108481098.1250000000000000000000000000000000000000
-145935695755173.5937500000000000000000000000000000000000
-89886255852306.5312500000000000000000000000000000000000
355621226897941.0000000000000000000000000000000000000000
93606538717690.9375000000000000000000000000000000000000
269804591395899.5937500000000000000000000000000000000000
673955853694341.5000000000000000000000000000000000000000
234044980989298.2187500000000000000000000000000000000000
-55382967767889.6328125000000000000000000000000000000000
261134858736836.0000000000000000000000000000000000000000
328684778865436.0625000000000000000000000000000000000000
-65997721264303.9375000000000000000000000000000000000000
-111683607470691.6250000000000000000000000000000000000000
-42371807546188.6093750000000000000000000000000000000000
237730887296461.6562500000000000000000000000000000000000
36064318035609.0234375000000000000000000000000000000000
-468066812961369.1875000000000000000000000000000000000000
-48040938817350.3906250000000000000000000000000000000000
-38123893472695.1484375000000000000000000000000000000000
-4678722969098.9287109375000000000000000000000000000000
-235772935882795.5312500000000000000000000000000000000000
3152704668871.7226562500000000000000000000000000000000
106344577060152.8593750000000000000000000000000000000000
14205271279295.6210937500000000000000000000000000000000
178377122668079.5937500000000000000000000000000000000000
116249015303735.1718750000000000000000000000000000000000
-356290593505852.3750000000000000000000000000000000000000
-226854150595225.0000000000000000000000000000000000000000
-229353991594670.9062500000000000000000000000000000000000
-119917990559778.8281250000000000000000000000000000000000
-198262077457575.4687500000000000000000000000000000000000
-604921555425443.5000000000000000000000000000000000000000
-80781766197799.8281250000000000000000000000000000000000
228319874678099.3437500000000000000000000000000000000000
342026872370624.8125000000000000000000000000000000000000
314767307881084.9375000000000000000000000000000000000000
-75130515715624.4375000000000000000000000000000000000000
-330705077368995.3750000000000000000000000000000000000000
-24175360325452.6562500000000000000000000000000000000000
387749751637358.9375000000000000000000000000000000000000
155397111742914.3750000000000000000000000000000000000000
-114474627703197.9531250000000000000000000000000000000000
155012997150613.9375000000000000000000000000000000000000
248306331516631.9375000000000000000000000000000000000000
-61339669445199.0234375000000000000000000000000000000000
556135122809952.1250000000000000000000000000000000000000
-395258684797873.6250000000000000000000000000000000000000
18316996498460.2890625000000000000000000000000000000000
-150387875196580.4062500000000000000000000000000000000000
-360949736523785.5000000000000000000000000000000000000000
386242425026273.8750000000000000000000000000000000000000
422807431854200.8125000000000000000000000000000000000000
66125937688401.2500000000000000000000000000000000000000
-540933750698291.6875000000000000000000000000000000000000
85330021817362.5781250000000000000000000000000000000000
133721116525730.7343750000000000000000000000000000000000
-309570897924568.9375000000000000000000000000000000000000
-191074634996737.6562500000000000000000000000000000000000
187726992259464.5937500000000000000000000000000000000000
-498870230930996.6875000000000000000000000000000000000000
181296516566752.5312500000000000000000000000000000000000
426892919134482.8125000000000000000000000000000000000000
-108082021827609.8593750000000000000000000000000000000000
