2.2958031155447340410091783269308507442474
-416.6035152746056269279506523162126541137695
11741.2074045884346560342237353324890136718750
641955.6278888256056234240531921386718750000000
-48012566.2652774676680564880371093750000000000000
1382341612.4748880863189697265625000000000000000000
-23579471614.4597015380859375000000000000000000000000
269327054759.7490539550781250000000000000000000000000
-2180896461703.3955078125000000000000000000000000000000
12896626878837.7597656250000000000000000000000000000000
-56407828823881.4687500000000000000000000000000000000000
182111980880259.8437500000000000000000000000000000000000
-425085205087135.3750000000000000000000000000000000000000
678918363100134.8750000000000000000000000000000000000000
-635921346197755.3750000000000000000000000000000000000000
133240764935686.5937500000000000000000000000000000000000
339916781742211.1250000000000000000000000000000000000000
-139038636698628.0000000000000000000000000000000000000000
-246365715292507.3125000000000000000000000000000000000000
-145813348294837.1562500000000000000000000000000000000000
595865824988760.5000000000000000000000000000000000000000
-97715005670591.3125000000000000000000000000000000000000
-62305491948967.1406250000000000000000000000000000000000
-554187191576789.4375000000000000000000000000000000000000
69864324732447.8046875000000000000000000000000000000000
646977524355678.5000000000000000000000000000000000000000
79381971057840.4843750000000000000000000000000000000000
-251651629792803.3125000000000000000000000000000000000000
-271448294626065.1875000000000000000000000000000000000000
-13569492414520.3750000000000000000000000000000000000000
-152790528231068.7812500000000000000000000000000000000000
290494812280328.1875000000000000000000000000000000000000
21102558965673.8320312500000000000000000000000000000000
356915809054885.4375000000000000000000000000000000000000
-49782374998317.4765625000000000000000000000000000000000
-338531482435044.1250000000000000000000000000000000000000
118892903104898.3906250000000000000000000000000000000000
-157531283219784.6250000000000000000000000000000000000000
-365790038308670.8750000000000000000000000000000000000000
-252443684158113.2812500000000000000000000000000000000000
1022160517070359.0000000000000000000000000000000000000000
-181810435818726.1562500000000000000000000000000000000000
270792450213510.6250000000000000000000000000000000000000
-272662361081531.1875000000000000000000000000000000000000
-97592530295355.1875000000000000000000000000000000000000
-40527618948107.4687500000000000000000000000000000000000
211261092263799.6250000000000000000000000000000000000000
17211163193297.2578125000000000000000000000000000000000
-659329384078631.5000000000000000000000000000000000000000
-171892998715714.7187500000000000000000000000000000000000
384560631338422.9375000000000000000000000000000000000000
-137365887326343.3906250000000000000000000000000000000000
297744880146086.6875000000000000000000000000000000000000
101403663656948.8281250000000000000000000000000000000000
368796693586898.0625000000000000000000000000000000000000
-63031025343776.0625000000000000000000000000000000000000
37137568053940.0468750000000000000000000000000000000000
21574950414453.7070312500000000000000000000000000000000
-96500282384834.9531250000000000000000000000000000000000
-130859933513064.9687500000000000000000000000000000000000
-244693581639589.0937500000000000000000000000000000000000
-359920182362948.5000000000000000000000000000000000000000
-257717250113447.0625000000000000000000000000000000000000
61795952475780.9843750000000000000000000000000000000000
118988857174172.1093750000000000000000000000000000000000
193720023964059.1875000000000000000000000000000000000000
56709018308757.0859375000000000000000000000000000000000
251553746520555.6875000000000000000000000000000000000000
271049194040178.2812500000000000000000000000000000000000
151197516582407.4375000000000000000000000000000000000000
35121690077796.8125000000000000000000000000000000000000
-3299227429460.8798828125000000000000000000000000000000
122288808271197.8125000000000000000000000000000000000000
-72418706458756.3906250000000000000000000000000000000000
-82899547276803.3125000000000000000000000000000000000000
-206566388613781.6875000000000000000000000000000000000000
-248238595552687.2500000000000000000000000000000000000000
-250937889340283.9062500000000000000000000000000000000000
-104446012490532.8906250000000000000000000000000000000000
-104718002646653.5937500000000000000000000000000000000000
-63345252756241.8828125000000000000000000000000000000000
-116978215511355.5781250000000000000000000000000000000000
-52194735338276.8046875000000000000000000000000000000000
106132583094490.8125000000000000000000000000000000000000
182889192953752.5312500000000000000000000000000000000000
305313908331145.8125000000000000000000000000000000000000
118548142515097.9062500000000000000000000000000000000000
229723152433577.5000000000000000000000000000000000000000
146824711331283.1562500000000000000000000000000000000000
154553591977707.8125000000000000000000000000000000000000
-35128530394687.5507812500000000000000000000000000000000
256557737981682.4687500000000000000000000000000000000000
-46775236445044.4843750000000000000000000000000000000000
98421472167519.5000000000000000000000000000000000000000
-156834074089245.8437500000000000000000000000000000000000
-48634004939960.0234375000000000000000000000000000000000
-371683510871782.1875000000000000000000000000000000000000
-123478722667308.2031250000000000000000000000000000000000
-173170273354303.6875000000000000000000000000000000000000
-238644626106680.3750000000000000000000000000000000000000
-116335065312056.9062500000000000000000000000000000000000
-195845006060576.8125000000000000000000000000000000000000
-10256102665712.9492187500000000000000000000000000000000
-310710372277167.0000000000000000000000000000000000000000
-100283713842731.9375000000000000000000000000000000000000
108229060958871.5625000000000000000000000000000000000000
246103082608427.3125000000000000000000000000000000000000
34431923329875.7265625000000000000000000000000000000000
76080443230630.0312500000000000000000000000000000000000
259048510922057.2812500000000000000000000000000000000000
519195940173754.1875000000000000000000000000000000000000
78794503673563.0625000000000000000000000000000000000000
92526261385700.2187500000000000000000000000000000000000
219166879739193.6250000000000000000000000000000000000000
258627781473340.2187500000000000000000000000000000000000
17199876940574.3613281250000000000000000000000000000000
-71671093977055.1250000000000000000000000000000000000000
252733645912131.1250000000000000000000000000000000000000
-181267588178810.9687500000000000000000000000000000000000
1132815480681.0173339843750000000000000000000000000000
-245789509472735.6250000000000000000000000000000000000000
-21888407204945.7304687500000000000000000000000000000000
91368537189763.0625000000000000000000000000000000000000
-321902775154317.0000000000000000000000000000000000000000
-185033626595088.4687500000000000000000000000000000000000
-215509819042747.1250000000000000000000000000000000000000
-380463949596432.8750000000000000000000000000000000000000
-258798836268736.8437500000000000000000000000000000000000
-76332287430501.0312500000000000000000000000000000000000
-24997762630757.9140625000000000000000000000000000000000
-238708527005542.5937500000000000000000000000000000000000
93868119730727.4843750000000000000000000000000000000000
-253266405217987.5937500000000000000000000000000000000000
97144949800507.9375000000000000000000000000000000000000
96424713514148.0468750000000000000000000000000000000000
1662204965452.3369140625000000000000000000000000000000
5101913600144.4003906250000000000000000000000000000000
244840353124740.1562500000000000000000000000000000000000
420879281177218.6875000000000000000000000000000000000000
14458290645853.3984375000000000000000000000000000000000
317311408306978.7500000000000000000000000000000000000000
264614441444258.7500000000000000000000000000000000000000
197062213821061.1562500000000000000000000000000000000000
181420468819068.3750000000000000000000000000000000000000
92792348218101.2968750000000000000000000000000000000000
282107724905236.6250000000000000000000000000000000000000
-67565606698930.8281250000000000000000000000000000000000
15835308734090.1328125000000000000000000000000000000000
37989665276666.7500000000000000000000000000000000000000
65603753352698.1250000000000000000000000000000000000000
144001403144590.6562500000000000000000000000000000000000
-298883363007923.2500000000000000000000000000000000000000
58011676414613.1093750000000000000000000000000000000000
-57051177885634.6093750000000000000000000000000000000000
-316492229656989.6250000000000000000000000000000000000000
-98610472272677.7968750000000000000000000000000000000000
-39597190571910.3984375000000000000000000000000000000000
-370918696104713.6875000000000000000000000000000000000000
-348211648789597.2500000000000000000000000000000000000000
-215981500409922.9062500000000000000000000000000000000000
31196869980413.7890625000000000000000000000000000000000
-337894463646822.2500000000000000000000000000000000000000
-347374075844781.5000000000000000000000000000000000000000
-35420361181794.2109375000000000000000000000000000000000
50009273244099.1171875000000000000000000000000000000000
27179690349759.4375000000000000000000000000000000000000
43757923802866.9296875000000000000000000000000000000000
53871438285266.4453125000000000000000000000000000000000
-195925828333863.5625000000000000000000000000000000000000
276266137562.2914428710937500000000000000000000000000
235800418022582.2500000000000000000000000000000000000000
151300177489699.1562500000000000000000000000000000000000
298874822963707.2500000000000000000000000000000000000000
-36946771201672.9453125000000000000000000000000000000000
44717075086702.6796875000000000000000000000000000000000
130349143329140.8437500000000000000000000000000000000000
72978928332755.5156250000000000000000000000000000000000
361185962239516.6875000000000000000000000000000000000000
-25077237990968.4296875000000000000000000000000000000000
431383864978820.5000000000000000000000000000000000000000
-2685779930686.6342773437500000000000000000000000000000
237844700616369.4062500000000000000000000000000000000000
122158645323621.3593750000000000000000000000000000000000
-142337645147159.4375000000000000000000000000000000000000
190277620054416.5312500000000000000000000000000000000000
-238933379389117.8437500000000000000000000000000000000000
164481598221978.8437500000000000000000000000000000000000
-109076880152280.3750000000000000000000000000000000000000
97857502779805.4218750000000000000000000000000000000000
155346449477356.4375000000000000000000000000000000000000
219404941724925.9062500000000000000000000000000000000000
-17530918821702.6816406250000000000000000000000000000000
-259338631736852.5625000000000000000000000000000000000000
101185054456481.3593750000000000000000000000000000000000
103951093883386.5000000000000000000000000000000000000000
-186034492374992.9062500000000000000000000000000000000000
-540436692967701.7500000000000000000000000000000000000000
-212255737886577.4062500000000000000000000000000000000000
-182551073460778.9375000000000000000000000000000000000000
32453753690678.4843750000000000000000000000000000000000
-245153810327405.9062500000000000000000000000000000000000
-274474026047400.5312500000000000000000000000000000000000
-93987838987465.4687500000000000000000000000000000000000
-89666951816499.3750000000000000000000000000000000000000
-467465939500532.1875000000000000000000000000000000000000
139520259006008.5312500000000000000000000000000000000000
135501395043681.6406250000000000000000000000000000000000
-35937506456014.2343750000000000000000000000000000000000
103383568541202.9687500000000000000000000000000000000000
-69253984213073.3906250000000000000000000000000000000000
32008795875259.6289062500000000000000000000000000000000
-149418507660839.4062500000000000000000000000000000000000
-149315986195276.5312500000000000000000000000000000000000
8216268930013.6240234375000000000000000000000000000000
263310759073122.1562500000000000000000000000000000000000
22433408818866.9882812500000000000000000000000000000000
-141648895609623.3125000000000000000000000000000000000000
179427527687203.6875000000000000000000000000000000000000
64986334131167.2343750000000000000000000000000000000000
-172809808229809.6562500000000000000000000000000000000000
371677077455231.4375000000000000000000000000000000000000
261099456338784.7812500000000000000000000000000000000000
-37454530557541.4609375000000000000000000000000000000000
327181089988891.4375000000000000000000000000000000000000
46757672127693.2421875000000000000000000000000000000000
183472263542635.9062500000000000000000000000000000000000
67548727526171.4453125000000000000000000000000000000000
316643011279511.1875000000000000000000000000000000000000
-17873261938827.1601562500000000000000000000000000000000
240456110324247.9687500000000000000000000000000000000000
211605854325868.0000000000000000000000000000000000000000
99442201773939.6250000000000000000000000000000000000000
34610448185373.2304687500000000000000000000000000000000
157787429150269.3750000000000000000000000000000000000000
178103509627731.0312500000000000000000000000000000000000
9764347035420.7382812500000000000000000000000000000000
30925150617172.0468750000000000000000000000000000000000
-98616556064753.0156250000000000000000000000000000000000
-446378690089133.8125000000000000000000000000000000000000
-170505089470893.4062500000000000000000000000000000000000
-36087433724579.5000000000000000000000000000000000000000
-364333778937523.6875000000000000000000000000000000000000
-125484840445253.0468750000000000000000000000000000000000
114577629389292.0937500000000000000000000000000000000000
64878644659089.8515625000000000000000000000000000000000
-145256372991100.8750000000000000000000000000000000000000
-94080353247774.0625000000000000000000000000000000000000
-366030574347318.7500000000000000000000000000000000000000
-116524538056330.4531250000000000000000000000000000000000
-20580350360271.7382812500000000000000000000000000000000
-88705648591452.5000000000000000000000000000000000000000
-97360970576569.1406250000000000000000000000000000000000
-184346071384959.5625000000000000000000000000000000000000
-54095302557441.7109375000000000000000000000000000000000
-292368759146291.5625000000000000000000000000000000000000
-80364027053957.2656250000000000000000000000000000000000
-136620879792723.4843750000000000000000000000000000000000
-257223105632226.7812500000000000000000000000000000000000
-111334723397089.3906250000000000000000000000000000000000
400178300888929.3125000000000000000000000000000000000000
186157298356250.7187500000000000000000000000000000000000
143023262358001.0937500000000000000000000000000000000000
25003165307624.9960937500000000000000000000000000000000
281821247176699.1875000000000000000000000000000000000000
-430790352533074.4375000000000000000000000000000000000000
311424049882738.3125000000000000000000000000000000000000
231108512552682.4375000000000000000000000000000000000000
38159094862208.1093750000000000000000000000000000000000
-33347079708608.1406250000000000000000000000000000000000
61174551587764.2421875000000000000000000000000000000000
-14555773606476.4589843750000000000000000000000000000000
305826497571296.2500000000000000000000000000000000000000
-172143456491691.7187500000000000000000000000000000000000
-254162002462116.0937500000000000000000000000000000000000
32616008513160.4765625000000000000000000000000000000000
-75315945825145.6718750000000000000000000000000000000000
-23618456095295.7968750000000000000000000000000000000000
755530987936681.7500000000000000000000000000000000000000
-194332794331919.5312500000000000000000000000000000000000
22003227732651.7031250000000000000000000000000000000000
464242688180505.0625000000000000000000000000000000000000
-15931349766036.7304687500000000000000000000000000000000
-111787391349480.8281250000000000000000000000000000000000
1680364879550.7583007812500000000000000000000000000000
123373976490292.8125000000000000000000000000000000000000
-102936606957561.5312500000000000000000000000000000000000
346686143950480.9375000000000000000000000000000000000000
133430850183004.9531250000000000000000000000000000000000
337377527696964.4375000000000000000000000000000000000000
-25531704753734.1484375000000000000000000000000000000000
-80621455933787.7187500000000000000000000000000000000000
-210080189899961.4062500000000000000000000000000000000000
166963756936814.6562500000000000000000000000000000000000
-448696814649485.6875000000000000000000000000000000000000
7904690446337.4648437500000000000000000000000000000000
-61134860880653.8125000000000000000000000000000000000000
130812187855534.4218750000000000000000000000000000000000
-8335433162366.5185546875000000000000000000000000000000
165562043596808.4062500000000000000000000000000000000000
-229093949381381.7500000000000000000000000000000000000000
-97819732831018.1562500000000000000000000000000000000000
264746212211784.7187500000000000000000000000000000000000
-170705009292838.1562500000000000000000000000000000000000
-172937472517248.2500000000000000000000000000000000000000
-366467384790392.6250000000000000000000000000000000000000
-109339186986749.0468750000000000000000000000000000000000
-44223927595123.5546875000000000000000000000000000000000
149771137877419.4375000000000000000000000000000000000000
-137206975755840.2343750000000000000000000000000000000000
196791075023047.7187500000000000000000000000000000000000
-536068429531856.1250000000000000000000000000000000000000
-259463837393192.3125000000000000000000000000000000000000
64871032910715.8906250000000000000000000000000000000000
-405124678736233.6875000000000000000000000000000000000000
167186525419416.8750000000000000000000000000000000000000
-170754029178974.1562500000000000000000000000000000000000
-61405046811186.9453125000000000000000000000000000000000
-268040775026073.3750000000000000000000000000000000000000
59646426956751.3828125000000000000000000000000000000000
-120091334053568.3593750000000000000000000000000000000000
-48649118884436.9062500000000000000000000000000000000000
201114348898895.0000000000000000000000000000000000000000
-11221707869718.7207031250000000000000000000000000000000
21364368045924.0351562500000000000000000000000000000000
474478939849398.2500000000000000000000000000000000000000
-149232454179833.0937500000000000000000000000000000000000
-43294161678914.7031250000000000000000000000000000000000
-201007995751856.0937500000000000000000000000000000000000
375154468138528.0625000000000000000000000000000000000000
323845179555648.1875000000000000000000000000000000000000
23948934430955.1484375000000000000000000000000000000000
201150543281713.5312500000000000000000000000000000000000
415150870167551.4375000000000000000000000000000000000000
-269881093288672.1250000000000000000000000000000000000000
-293350953298184.5625000000000000000000000000000000000000
449290828374272.0625000000000000000000000000000000000000
58520813393247.2968750000000000000000000000000000000000
141983974177385.3125000000000000000000000000000000000000
208835654145029.8750000000000000000000000000000000000000
357757713285249.9375000000000000000000000000000000000000
-345416343516427.3125000000000000000000000000000000000000
137365318706261.0468750000000000000000000000000000000000
157279997703974.5625000000000000000000000000000000000000
-82311996078934.2343750000000000000000000000000000000000
247786059979529.7187500000000000000000000000000000000000
-71539271447291.8750000000000000000000000000000000000000
127020270472967.6562500000000000000000000000000000000000
-313153190369602.4375000000000000000000000000000000000000
-28621920641597.8554687500000000000000000000000000000000
266282643623441.7187500000000000000000000000000000000000
-143808703488569.6250000000000000000000000000000000000000
184928352629528.2500000000000000000000000000000000000000
-73446449777010.0625000000000000000000000000000000000000
-54621379277321.4765625000000000000000000000000000000000
-262348538425431.6562500000000000000000000000000000000000
290777447709393.9375000000000000000000000000000000000000
151669441369498.5312500000000000000000000000000000000000
-498234900604915.8750000000000000000000000000000000000000
-4159220220955.9667968750000000000000000000000000000000
317834771170399.9375000000000000000000000000000000000000
-406875019323874.3750000000000000000000000000000000000000
-213636853670052.5625000000000000000000000000000000000000
-397819569252595.0000000000000000000000000000000000000000
379212720370676.8125000000000000000000000000000000000000
139787848926694.5625000000000000000000000000000000000000
-422451722748678.8750000000000000000000000000000000000000
251510211331610.9375000000000000000000000000000000000000
-349769915688642.9375000000000000000000000000000000000000
-508647440604020.8750000000000000000000000000000000000000
295235665183683.5000000000000000000000000000000000000000
-300849380732079.6875000000000000000000000000000000000000
-271061624204814.6250000000000000000000000000000000000000
331919797332465.3750000000000000000000000000000000000000
148918212704106.8125000000000000000000000000000000000000
-484089459130036.9375000000000000000000000000000000000000
-90823309415638.8593750000000000000000000000000000000000
-125033376739944.6093750000000000000000000000000000000000
-31842266276334.3320312500000000000000000000000000000000
12967796006464.9843750000000000000000000000000000000000
-122028214042484.2187500000000000000000000000000000000000
308440567379182.5000000000000000000000000000000000000000
171204733581148.2812500000000000000000000000000000000000
60917689957033.5390625000000000000000000000000000000000
-384486721798518.5000000000000000000000000000000000000000
529029562605562.8125000000000000000000000000000000000000
-657555632960561.7500000000000000000000000000000000000000
375218578947521.6250000000000000000000000000000000000000
479087591632762.9375000000000000000000000000000000000000
19677856064694.4687500000000000000000000000000000000000
554470838139248.1250000000000000000000000000000000000000
4739058233772.6171875000000000000000000000000000000000
-413403473473145.8750000000000000000000000000000000000000
-146977342366828.5000000000000000000000000000000000000000
81048214389906.7031250000000000000000000000000000000000
177558797291617.4375000000000000000000000000000000000000
451481786607544.8125000000000000000000000000000000000000
202978978395726.1875000000000000000000000000000000000000
93293313502897.0000000000000000000000000000000000000000
-112184976229003.4062500000000000000000000000000000000000
162060294688712.2812500000000000000000000000000000000000
237938246472621.9062500000000000000000000000000000000000
25797598559898.9648437500000000000000000000000000000000
322874656853803.5625000000000000000000000000000000000000
-905860818399438.7500000000000000000000000000000000000000
163523021514350.3750000000000000000000000000000000000000
343339782614746.8125000000000000000000000000000000000000
321673541584490.8750000000000000000000000000000000000000
-34019615837680.9492187500000000000000000000000000000000
-126194397649727.5781250000000000000000000000000000000000
-90979237088821.0312500000000000000000000000000000000000
207659654599679.9687500000000000000000000000000000000000
-510905318243641.0000000000000000000000000000000000000000
-64867604443516.8203125000000000000000000000000000000000
76573011472574.0156250000000000000000000000000000000000
197749429191049.7812500000000000000000000000000000000000
-310727355775934.0625000000000000000000000000000000000000
-616408720655772.6250000000000000000000000000000000000000
105096189940121.6875000000000000000000000000000000000000
80650523817352.5312500000000000000000000000000000000000
-55124796941083.9296875000000000000000000000000000000000
131142225303988.1718750000000000000000000000000000000000
-285418128255276.1250000000000000000000000000000000000000
-403171233506115.0625000000000000000000000000000000000000
-179168345113697.0312500000000000000000000000000000000000
39831523624291.9453125000000000000000000000000000000000
314044959716448.1875000000000000000000000000000000000000
-179712674071973.1250000000000000000000000000000000000000
-7908764458780.4013671875000000000000000000000000000000
-369377830115593.5625000000000000000000000000000000000000
59604658854374.4531250000000000000000000000000000000000
-33181516117078.8125000000000000000000000000000000000000
-63815526486588.3828125000000000000000000000000000000000
198693031613898.9062500000000000000000000000000000000000
28067963685278.8867187500000000000000000000000000000000
88196293554164.2656250000000000000000000000000000000000
-383620775987322.7500000000000000000000000000000000000000
-136972418012032.7343750000000000000000000000000000000000
172643535478473.0312500000000000000000000000000000000000
85487764614556.0312500000000000000000000000000000000000
245082488777514.0000000000000000000000000000000000000000
-174362262544750.9062500000000000000000000000000000000000
382655034020033.4375000000000000000000000000000000000000
312609243808010.9375000000000000000000000000000000000000
373219106910040.5625000000000000000000000000000000000000
485027408376338.6250000000000000000000000000000000000000
-7169506609978.0576171875000000000000000000000000000000
301927606927109.1875000000000000000000000000000000000000
378977935701730.3125000000000000000000000000000000000000
214130784074606.7187500000000000000000000000000000000000
293127012901878.3750000000000000000000000000000000000000
-852049485533510.2500000000000000000000000000000000000000
62465473704061.8671875000000000000000000000000000000000
-118938716009324.2031250000000000000000000000000000000000
-330743002375687.1250000000000000000000000000000000000000
-671804167652119.6250000000000000000000000000000000000000
207348378254020.3750000000000000000000000000000000000000
-597707183716505.3750000000000000000000000000000000000000
-214198818545066.2812500000000000000000000000000000000000
601391268786644.5000000000000000000000000000000000000000
-149612914473281.1562500000000000000000000000000000000000
-343624012537842.9375000000000000000000000000000000000000
98803498452662.1875000000000000000000000000000000000000
-223600890992165.0000000000000000000000000000000000000000
508520027332413.8125000000000000000000000000000000000000
-337033196460863.6250000000000000000000000000000000000000
-5639940469532.8232421875000000000000000000000000000000
519242583160021.7500000000000000000000000000000000000000
-358437826398410.9375000000000000000000000000000000000000
24313175699058.4687500000000000000000000000000000000000
-515586922591855.2500000000000000000000000000000000000000
17836593455364.2968750000000000000000000000000000000000
414495061442242.1250000000000000000000000000000000000000
910300366519479.7500000000000000000000000000000000000000
205436527340600.1250000000000000000000000000000000000000
-52017622716228.1250000000000000000000000000000000000000
-714995984672209.7500000000000000000000000000000000000000
