1.5278476046625411033375030456227250397205
-215.4586731757843267587304580956697463989258
8062.5313424192399907042272388935089111328125
-128295.5392374319199007004499435424804687500000
1019838.5059669562615454196929931640625000000000
-4131021.0448603858239948749542236328125000000000
6611088.5599689241498708724975585937500000000000
8427483.8365708533674478530883789062500000000000
-48808601.5843723043799400329589843750000000000000
59547284.3030864447355270385742187500000000000000
-275285.4021953187184408307075500488281250000000
-21628330.1790148094296455383300781250000000000000
-34135259.3713053986430168151855468750000000000000
23419458.3975041396915912628173828125000000000000
25384594.1031942814588546752929687500000000000000
-60954268.4358927756547927856445312500000000000000
81351977.6956226825714111328125000000000000000000
85951724.7823247760534286499023437500000000000000
-152568297.5631702840328216552734375000000000000000
79077305.0029736012220382690429687500000000000000
-250864073.6598496437072753906250000000000000000000
138137640.8415670394897460937500000000000000000000
45945739.9733270853757858276367187500000000000000
65837105.6511545404791831970214843750000000000000
51948313.6403187438845634460449218750000000000000
93789417.3916731178760528564453125000000000000000
-209237358.5706030726432800292968750000000000000000
-34426124.7090673893690109252929687500000000000000
102275102.2808313518762588500976562500000000000000
-62920877.1686794534325599670410156250000000000000
-122016712.4739678204059600830078125000000000000000
-16246344.1900755669921636581420898437500000000000
-1261539.9191716390196233987808227539062500000000
191723226.4578255414962768554687500000000000000000
12105525.2718453127890825271606445312500000000000
-65224577.6843482479453086853027343750000000000000
120167978.4865150004625320434570312500000000000000
-54508746.9581340253353118896484375000000000000000
120421231.6145087629556655883789062500000000000000
35437397.6047502160072326660156250000000000000000
-196424698.8255551457405090332031250000000000000000
29636732.0092292353510856628417968750000000000000
-27037874.5298465937376022338867187500000000000000
-121155707.5680336207151412963867187500000000000000
-124327653.0739681571722030639648437500000000000000
82516638.3746519237756729125976562500000000000000
89209986.4633198976516723632812500000000000000000
178094549.7510885596275329589843750000000000000000
-266657485.8806244432926177978515625000000000000000
-64878913.4306023493409156799316406250000000000000
-6216268.0566044440492987632751464843750000000000
107253041.8811170905828475952148437500000000000000
165734083.5252611041069030761718750000000000000000
-172198880.5960943996906280517578125000000000000000
-67323956.3335657864809036254882812500000000000000
257948831.4536490738391876220703125000000000000000
116731976.3146320134401321411132812500000000000000
-15544300.7712560743093490600585937500000000000000
429090946.3416420817375183105468750000000000000000
-48268771.3501793518662452697753906250000000000000
6448061.7024865150451660156250000000000000000000
-290332975.5328509807586669921875000000000000000000
-513806234.8067153692245483398437500000000000000000
1180146399.7042782306671142578125000000000000000000
-32774657.5911310873925685882568359375000000000000
-462394685.7206262946128845214843750000000000000000
-780909397.6830247640609741210937500000000000000000
544199970.2770268917083740234375000000000000000000
-715932005.9109872579574584960937500000000000000000
-804643698.5267174243927001953125000000000000000000
-850964794.6287835836410522460937500000000000000000
183874460.6789439022541046142578125000000000000000
1554921535.6999816894531250000000000000000000000000
-613123897.7537368535995483398437500000000000000000
-163880609.0567887425422668457031250000000000000000
91568988.8138436973094940185546875000000000000000
1045430949.6035867929458618164062500000000000000000
563652933.7666667699813842773437500000000000000000
507635097.9827200174331665039062500000000000000000
-759512156.0111556053161621093750000000000000000000
378620074.9347728490829467773437500000000000000000
-1149862983.1506190299987792968750000000000000000000
189377026.3564597964286804199218750000000000000000
1045731749.5370519161224365234375000000000000000000
778539821.9143388271331787109375000000000000000000
574014555.9523394107818603515625000000000000000000
536563003.2486667633056640625000000000000000000000
1373448200.0817599296569824218750000000000000000000
-803760196.1207171678543090820312500000000000000000
-347016719.4827097654342651367187500000000000000000
-359412193.8904410004615783691406250000000000000000
-1179721124.6666939258575439453125000000000000000000
-231827833.2128770947456359863281250000000000000000
-3196516961.2033243179321289062500000000000000000000
-317321202.6023138761520385742187500000000000000000
-1412466351.8236119747161865234375000000000000000000
1485238543.5820741653442382812500000000000000000000
346428403.7107607126235961914062500000000000000000
25269489.7259781844913959503173828125000000000000
-812604641.3847566843032836914062500000000000000000
1199702555.7413575649261474609375000000000000000000
-68903885.1896243542432785034179687500000000000000
55131436.6918679401278495788574218750000000000000
260282806.4395320713520050048828125000000000000000
-1616281749.3318235874176025390625000000000000000000
982675795.8981636762619018554687500000000000000000
1482960508.7937898635864257812500000000000000000000
656757551.9605032205581665039062500000000000000000
-97540317.0892681479454040527343750000000000000000
381678126.0126647949218750000000000000000000000000
-114761394.9700322002172470092773437500000000000000
372632098.2268489003181457519531250000000000000000
303592952.6094331145286560058593750000000000000000
-613289577.8019803762435913085937500000000000000000
150830839.9836799800395965576171875000000000000000
1246904337.3586442470550537109375000000000000000000
1142600263.9919433593750000000000000000000000000000
1063768068.0471291542053222656250000000000000000000
-650449969.8655401468276977539062500000000000000000
597371254.5933505296707153320312500000000000000000
-1449298931.9110760688781738281250000000000000000000
-2288081202.9490423202514648437500000000000000000000
-591554489.4168936014175415039062500000000000000000
49241255.5653021261096000671386718750000000000000
-1145883201.3881595134735107421875000000000000000000
244743070.5200487375259399414062500000000000000000
519790196.8857117295265197753906250000000000000000
679718375.0784320831298828125000000000000000000000
499267675.9793854951858520507812500000000000000000
-466585522.4785783290863037109375000000000000000000
-571201220.7292538881301879882812500000000000000000
-90853784.1126992255449295043945312500000000000000
573734544.7765352725982666015625000000000000000000
-785640258.3430002927780151367187500000000000000000
-637908375.6849519014358520507812500000000000000000
1192704428.7780926227569580078125000000000000000000
989015327.7268601655960083007812500000000000000000
-594884694.4144756793975830078125000000000000000000
745784653.6021343469619750976562500000000000000000
45325115.1812289059162139892578125000000000000000
406108646.2384032607078552246093750000000000000000
-247408765.2343889176845550537109375000000000000000
361001471.8683933615684509277343750000000000000000
1040575490.8197619915008544921875000000000000000000
-311916045.9415229558944702148437500000000000000000
-1444363288.8646845817565917968750000000000000000000
-1032348335.4289572238922119140625000000000000000000
137633681.7603700459003448486328125000000000000000
-160186062.2161671221256256103515625000000000000000
78463677.1791524440050125122070312500000000000000
-1077648183.5188722610473632812500000000000000000000
517893876.0096801519393920898437500000000000000000
-841419210.0809333324432373046875000000000000000000
-122161205.1318727433681488037109375000000000000000
-169870227.9511534869670867919921875000000000000000
2454408262.6174054145812988281250000000000000000000
-947342492.7971926927566528320312500000000000000000
384722341.0198665261268615722656250000000000000000
-1644022460.3213825225830078125000000000000000000000
-167447798.7736732661724090576171875000000000000000
869687457.2150670289993286132812500000000000000000
-800287843.2269585132598876953125000000000000000000
-1326937110.1040635108947753906250000000000000000000
1331167604.8784382343292236328125000000000000000000
-7976893.4325912324711680412292480468750000000000
2478291017.7645010948181152343750000000000000000000
-1334532844.3101692199707031250000000000000000000000
602515610.9875931739807128906250000000000000000000
1036278736.0906958580017089843750000000000000000000
-920117588.2557960748672485351562500000000000000000
-622156323.3431373834609985351562500000000000000000
1683840729.3005213737487792968750000000000000000000
-1163755652.4127974510192871093750000000000000000000
-1037434044.1381294727325439453125000000000000000000
-1833806711.8486921787261962890625000000000000000000
1038026388.2851718664169311523437500000000000000000
1461227964.0972521305084228515625000000000000000000
6251310.1610992923378944396972656250000000000000
-1072411436.6854329109191894531250000000000000000000
1904272346.1747834682464599609375000000000000000000
-40968135.2755719870328903198242187500000000000000
1814502249.7691850662231445312500000000000000000000
129249389.6925100237131118774414062500000000000000
-76582593.8776995539665222167968750000000000000000
-1223289935.9798567295074462890625000000000000000000
1337746110.3856363296508789062500000000000000000000
97602914.9680239260196685791015625000000000000000
-969360457.0030332803726196289062500000000000000000
1793935973.3941214084625244140625000000000000000000
-1073605816.4882563352584838867187500000000000000000
289892879.9924528002738952636718750000000000000000
-732550776.5283302068710327148437500000000000000000
-2041252738.4571077823638916015625000000000000000000
710307550.6489065885543823242187500000000000000000
2149806523.5952353477478027343750000000000000000000
2040653991.0954017639160156250000000000000000000000
232437294.8555866479873657226562500000000000000000
173895171.1156221628189086914062500000000000000000
-2148998955.4870233535766601562500000000000000000000
-1002502071.1817651987075805664062500000000000000000
-1014641926.3163317441940307617187500000000000000000
-426789915.0153431296348571777343750000000000000000
-437221984.6582671999931335449218750000000000000000
295130105.9419634342193603515625000000000000000000
884472366.4762989282608032226562500000000000000000
-2875424876.3509025573730468750000000000000000000000
27570572.0212837494909763336181640625000000000000
330623312.0274947285652160644531250000000000000000
-1401810721.1153759956359863281250000000000000000000
153927703.9025744199752807617187500000000000000000
677488804.6614443063735961914062500000000000000000
448109051.8338964581489562988281250000000000000000
3214463895.3756351470947265625000000000000000000000
-771467581.8218209743499755859375000000000000000000
-1021540276.8319655656814575195312500000000000000000
-347639756.5254048109054565429687500000000000000000
-646572917.3347142934799194335937500000000000000000
-383540055.6120416522026062011718750000000000000000
-998649131.4397698640823364257812500000000000000000
-621415608.9608981609344482421875000000000000000000
2480808047.2436513900756835937500000000000000000000
113193702.7825338691473007202148437500000000000000
343707662.5840440392494201660156250000000000000000
-1308737851.7339184284210205078125000000000000000000
1074531466.0190773010253906250000000000000000000000
938533663.4297943115234375000000000000000000000000
-1317214892.6785721778869628906250000000000000000000
-1461752750.9269642829895019531250000000000000000000
675015488.2461588382720947265625000000000000000000
-1242415150.4068868160247802734375000000000000000000
820492239.2162272930145263671875000000000000000000
1472511396.1979422569274902343750000000000000000000
-730119189.1877869367599487304687500000000000000000
1471386302.9786589145660400390625000000000000000000
-98661065.5388106405735015869140625000000000000000
-1098091671.7928671836853027343750000000000000000000
-831432236.0114765167236328125000000000000000000000
-23547470.0358602553606033325195312500000000000000
159180821.2646145820617675781250000000000000000000
479235562.1933023929595947265625000000000000000000
161520399.2817273139953613281250000000000000000000
433605545.1819633245468139648437500000000000000000
-1392321225.5378465652465820312500000000000000000000
656346526.5380651950836181640625000000000000000000
-675444458.2904540300369262695312500000000000000000
2126232443.2003295421600341796875000000000000000000
1994049116.5666875839233398437500000000000000000000
333809217.9306499958038330078125000000000000000000
-422554958.0434089303016662597656250000000000000000
-1535318874.5182754993438720703125000000000000000000
616807060.9874343872070312500000000000000000000000
1786920978.6489772796630859375000000000000000000000
-19864585.8898506350815296173095703125000000000000
-226080894.8567937016487121582031250000000000000000
-1567547276.5381255149841308593750000000000000000000
-1726154954.2018387317657470703125000000000000000000
-1341897081.8670499324798583984375000000000000000000
564744290.4600280523300170898437500000000000000000
-271256233.7583596110343933105468750000000000000000
-1234524497.8769400119781494140625000000000000000000
573801516.5763192176818847656250000000000000000000
-809844970.9121800661087036132812500000000000000000
622361280.9131222963333129882812500000000000000000
202981666.4011763930320739746093750000000000000000
4097675803.0904011726379394531250000000000000000000
1242451332.0109550952911376953125000000000000000000
-218710237.1815505027770996093750000000000000000000
-554364002.9455900192260742187500000000000000000000
388458869.6455305814743041992187500000000000000000
-443082236.6211445927619934082031250000000000000000
150241034.9686255455017089843750000000000000000000
618445449.5741133689880371093750000000000000000000
285243096.0807511210441589355468750000000000000000
-1826895272.8557133674621582031250000000000000000000
785162389.2592730522155761718750000000000000000000
-1636054063.5204102993011474609375000000000000000000
-249999265.1875344812870025634765625000000000000000
662254550.0273289680480957031250000000000000000000
-1607338261.8185155391693115234375000000000000000000
1540779730.3865976333618164062500000000000000000000
-807324177.1988482475280761718750000000000000000000
-2116290070.4134848117828369140625000000000000000000
296325083.1936926841735839843750000000000000000000
1364262395.0599184036254882812500000000000000000000
-48072613.4968125447630882263183593750000000000000
1509137855.7255096435546875000000000000000000000000
1149951702.7436938285827636718750000000000000000000
-482912543.8950327038764953613281250000000000000000
-787949300.2047979831695556640625000000000000000000
447457840.9114862680435180664062500000000000000000
-8668657.8810749575495719909667968750000000000000
-255268784.9399091303348541259765625000000000000000
2766672463.3056669235229492187500000000000000000000
-323265943.7790486812591552734375000000000000000000
-1481639574.2737624645233154296875000000000000000000
-1317624772.6137793064117431640625000000000000000000
-793244522.1513733863830566406250000000000000000000
1907016941.9098045825958251953125000000000000000000
-819832376.3007493019104003906250000000000000000000
931851806.9070872068405151367187500000000000000000
1091565285.1130828857421875000000000000000000000000
-1988811331.2887763977050781250000000000000000000000
1081206451.1795191764831542968750000000000000000000
-2416530121.7549204826354980468750000000000000000000
1096789125.7478353977203369140625000000000000000000
-1734868935.2524006366729736328125000000000000000000
458504266.6486835479736328125000000000000000000000
-2041242309.5347058773040771484375000000000000000000
388253764.2558443546295166015625000000000000000000
504292220.0074045062065124511718750000000000000000
-498351981.7946808934211730957031250000000000000000
-95696526.2433168143033981323242187500000000000000
649597026.0453876256942749023437500000000000000000
-1357258846.7725098133087158203125000000000000000000
82287032.2574029266834259033203125000000000000000
-101697890.9192796796560287475585937500000000000000
-1710907344.4620916843414306640625000000000000000000
1770185442.1091930866241455078125000000000000000000
914818645.6840307712554931640625000000000000000000
-795299176.9209665060043334960937500000000000000000
-2212033189.8313837051391601562500000000000000000000
1284178730.7910320758819580078125000000000000000000
1494869473.1422002315521240234375000000000000000000
-65195097.2430631592869758605957031250000000000000
-1084717279.0946714878082275390625000000000000000000
1085637241.3893957138061523437500000000000000000000
46440895.4842919409275054931640625000000000000000
2780182554.0093336105346679687500000000000000000000
1017505136.9625462293624877929687500000000000000000
-108619592.6670531183481216430664062500000000000000
-917145940.0361924171447753906250000000000000000000
-870266164.1269838809967041015625000000000000000000
-737108991.3377090692520141601562500000000000000000
3078566939.6913185119628906250000000000000000000000
-488411140.0240063071250915527343750000000000000000
-2004735688.6819510459899902343750000000000000000000
-1605855680.5037791728973388671875000000000000000000
38461127.9114779233932495117187500000000000000000
1469740166.5139007568359375000000000000000000000000
2124813911.8015983104705810546875000000000000000000
-311868974.5660915970802307128906250000000000000000
1039101334.6134461164474487304687500000000000000000
1305668915.8295786380767822265625000000000000000000
-1125162620.4964666366577148437500000000000000000000
-261830358.7956576049327850341796875000000000000000
-149752706.1996371746063232421875000000000000000000
103897228.1758164614439010620117187500000000000000
-1283523323.6656694412231445312500000000000000000000
633477755.0121417045593261718750000000000000000000
-2599399059.0449967384338378906250000000000000000000
-313195697.4242175221443176269531250000000000000000
1002576268.8566750288009643554687500000000000000000
1039160623.6455640792846679687500000000000000000000
-1192955095.1419961452484130859375000000000000000000
-2125654262.9095933437347412109375000000000000000000
780419354.9957683086395263671875000000000000000000
1924813123.6272037029266357421875000000000000000000
731179721.1642650365829467773437500000000000000000
1525077449.7201220989227294921875000000000000000000
-561457191.1572778224945068359375000000000000000000
-1437308391.7465207576751708984375000000000000000000
306116804.1813907027244567871093750000000000000000
-659606058.0071526765823364257812500000000000000000
-974284505.7939612865447998046875000000000000000000
-1030265347.2807215452194213867187500000000000000000
38721250.0432633385062217712402343750000000000000
409448518.4990040063858032226562500000000000000000
272071944.7862575650215148925781250000000000000000
202934392.9679054319858551025390625000000000000000
2786196.1065815174952149391174316406250000000000
453188858.8902097344398498535156250000000000000000
55270605.4341975525021553039550781250000000000000
1320207953.9832391738891601562500000000000000000000
1451287812.4668021202087402343750000000000000000000
-2368177609.9942846298217773437500000000000000000000
2250851925.4424548149108886718750000000000000000000
464962263.8636236786842346191406250000000000000000
1025228447.3047509193420410156250000000000000000000
-2569517498.5483078956604003906250000000000000000000
-1137715444.6049458980560302734375000000000000000000
-83623229.4114054143428802490234375000000000000000
-752163126.6203762292861938476562500000000000000000
-675852029.0651326179504394531250000000000000000000
570053793.4664611816406250000000000000000000000000
-641514875.0504206418991088867187500000000000000000
-675173929.8849698305130004882812500000000000000000
-389253332.6653450131416320800781250000000000000000
1256088863.2979648113250732421875000000000000000000
2230907353.5869050025939941406250000000000000000000
-588123087.0620291233062744140625000000000000000000
1807928747.8856501579284667968750000000000000000000
1238037950.9621465206146240234375000000000000000000
331736280.7560505270957946777343750000000000000000
537112752.6126440763473510742187500000000000000000
2032610738.3516376018524169921875000000000000000000
-68624801.6065447777509689331054687500000000000000
-1356429466.9427316188812255859375000000000000000000
-1704492397.1624701023101806640625000000000000000000
-408719471.6126751303672790527343750000000000000000
-459874069.2639188766479492187500000000000000000000
-126258641.4674103111028671264648437500000000000000
-973243786.2564128637313842773437500000000000000000
-1222418587.2747402191162109375000000000000000000000
-412447258.2833323478698730468750000000000000000000
-511523694.8074921369552612304687500000000000000000
-1571305179.2731842994689941406250000000000000000000
477980392.7703365087509155273437500000000000000000
1286081869.3108656406402587890625000000000000000000
-372060969.5027272105216979980468750000000000000000
-723715540.5794292688369750976562500000000000000000
57530060.1391754373908042907714843750000000000000
114047430.1670038849115371704101562500000000000000
271350306.1383857727050781250000000000000000000000
478165566.4697096943855285644531250000000000000000
-307066262.5807083845138549804687500000000000000000
-1239502657.2634782791137695312500000000000000000000
-781089804.1361514329910278320312500000000000000000
-1505138390.5362102985382080078125000000000000000000
-525556223.2031585574150085449218750000000000000000
1427795484.3381843566894531250000000000000000000000
1966484973.1276383399963378906250000000000000000000
1317874456.2307739257812500000000000000000000000000
26050909.7858318351209163665771484375000000000000
-114429302.1506226360797882080078125000000000000000
-682856008.8769243955612182617187500000000000000000
1112808273.1698093414306640625000000000000000000000
337205048.7838259339332580566406250000000000000000
-1008616355.2699412107467651367187500000000000000000
938533899.7883578538894653320312500000000000000000
-411797287.5124080181121826171875000000000000000000
-604524389.6844867467880249023437500000000000000000
697320928.4750061035156250000000000000000000000000
-32123065.8701800592243671417236328125000000000000
1299207386.6665048599243164062500000000000000000000
660235702.1065630912780761718750000000000000000000
844103376.3849163055419921875000000000000000000000
1432784684.4240081310272216796875000000000000000000
322281467.9606708288192749023437500000000000000000
498104578.1925170421600341796875000000000000000000
-978044284.2835583686828613281250000000000000000000
-1454690777.0056462287902832031250000000000000000000
456037165.7949113845825195312500000000000000000000
156159066.6811114847660064697265625000000000000000
1159862510.6933724880218505859375000000000000000000
-946824991.7908072471618652343750000000000000000000
-1599727738.7676851749420166015625000000000000000000
-372075544.5280857682228088378906250000000000000000
-1033967029.9342670440673828125000000000000000000000
633036952.5967199802398681640625000000000000000000
-733777183.4717741012573242187500000000000000000000
-585495970.8423156738281250000000000000000000000000
999721175.3840065002441406250000000000000000000000
-955228040.5420439243316650390625000000000000000000
-727947466.2065756320953369140625000000000000000000
-676165566.8937824964523315429687500000000000000000
869972474.1037834882736206054687500000000000000000
175995882.2259021699428558349609375000000000000000
427315646.9272254705429077148437500000000000000000
-2107236883.0161111354827880859375000000000000000000
572957603.8859865665435791015625000000000000000000
1298737297.5405220985412597656250000000000000000000
-445903166.8845500349998474121093750000000000000000
412000643.3227751851081848144531250000000000000000
1110458419.2043843269348144531250000000000000000000
-253967420.3741931021213531494140625000000000000000
108092084.2228095233440399169921875000000000000000
-539920353.6650052070617675781250000000000000000000
-361190179.6544172167778015136718750000000000000000
-116204189.3059635460376739501953125000000000000000
157807943.8180404007434844970703125000000000000000
442406748.9816823601722717285156250000000000000000
140886569.9880387485027313232421875000000000000000
221129188.1899861395359039306640625000000000000000
281576981.6160703301429748535156250000000000000000
1014352754.0136830806732177734375000000000000000000
-953180300.0677559375762939453125000000000000000000
-226384905.7380309700965881347656250000000000000000
320805587.5947206616401672363281250000000000000000
360994371.5761467218399047851562500000000000000000
-657075881.9589613676071166992187500000000000000000
481341231.7226220965385437011718750000000000000000
531222381.8672357797622680664062500000000000000000
-755764426.5715571641921997070312500000000000000000
-37074057.2409911751747131347656250000000000000000
-1026199514.8459590673446655273437500000000000000000
257279480.2844158709049224853515625000000000000000
787460712.8008798360824584960937500000000000000000
-405987549.7369625568389892578125000000000000000000
1600196925.9555039405822753906250000000000000000000
-1230763350.8265180587768554687500000000000000000000
-116749402.7853320240974426269531250000000000000000
202647.5492549796181265264749526977539062500000
-51281581.5384950339794158935546875000000000000000
16982749.3076536990702152252197265625000000000000
213652673.0928715765476226806640625000000000000000
1157715747.2985641956329345703125000000000000000000
-1116043631.0441620349884033203125000000000000000000
-1428491174.4852399826049804687500000000000000000000
115274356.8602409362792968750000000000000000000000
-776734766.4144473075866699218750000000000000000000
1682134538.9166920185089111328125000000000000000000
