-15.6046892399835659404061516397632658481598
3780.5442111923784977989271283149719238281250
-361061.5831199930398724973201751708984375000000
17233852.4229502454400062561035156250000000000000
-485017170.8479617238044738769531250000000000000000
8888008244.8992462158203125000000000000000000000000
-112640650090.9738311767578125000000000000000000000000
1024429606224.0301513671875000000000000000000000000000
-6828855382474.0957031250000000000000000000000000000000
33632850803137.6406250000000000000000000000000000000000
-121598136988713.4375000000000000000000000000000000000000
313557256427799.5625000000000000000000000000000000000000
-531883066326086.5000000000000000000000000000000000000000
436281891461421.5000000000000000000000000000000000000000
300722640087668.6250000000000000000000000000000000000000
-1191986220214723.5000000000000000000000000000000000000000
1062449102036498.2500000000000000000000000000000000000000
-117776936329822.8906250000000000000000000000000000000000
289724701224446.5625000000000000000000000000000000000000
-1224065616445649.5000000000000000000000000000000000000000
68435193497509.4062500000000000000000000000000000000000
1881615032250470.7500000000000000000000000000000000000000
-1236815389338133.2500000000000000000000000000000000000000
608040243554837.3750000000000000000000000000000000000000
-1483886513606605.2500000000000000000000000000000000000000
316531964188495.2500000000000000000000000000000000000000
401003000351997.9375000000000000000000000000000000000000
716176565627255.6250000000000000000000000000000000000000
977622348983244.1250000000000000000000000000000000000000
-1670494748340881.7500000000000000000000000000000000000000
-64463824721649.7968750000000000000000000000000000000000
79757924500218.4687500000000000000000000000000000000000
-2032740601466244.2500000000000000000000000000000000000000
1821175874690056.5000000000000000000000000000000000000000
1832671348836527.5000000000000000000000000000000000000000
-606521081016695.3750000000000000000000000000000000000000
667817026245936.3750000000000000000000000000000000000000
-2143084541962073.5000000000000000000000000000000000000000
477614656814726.1875000000000000000000000000000000000000
484610936559222.3750000000000000000000000000000000000000
-1792216465297261.5000000000000000000000000000000000000000
364431166378786.7500000000000000000000000000000000000000
-324295325252638.5625000000000000000000000000000000000000
1210949148345528.2500000000000000000000000000000000000000
1404050807994000.0000000000000000000000000000000000000000
394825981299085.3750000000000000000000000000000000000000
-444794108126064.0000000000000000000000000000000000000000
1158027895137960.7500000000000000000000000000000000000000
-2172725481136558.7500000000000000000000000000000000000000
-828211721697848.0000000000000000000000000000000000000000
-474724982161484.8750000000000000000000000000000000000000
-348349382276218.6875000000000000000000000000000000000000
-786012365800129.3750000000000000000000000000000000000000
151611676946952.9062500000000000000000000000000000000000
1491071178454168.2500000000000000000000000000000000000000
1821775743377461.0000000000000000000000000000000000000000
190296595856934.0937500000000000000000000000000000000000
411563234625115.8125000000000000000000000000000000000000
-110003149571973.0156250000000000000000000000000000000000
6715786225554.1416015625000000000000000000000000000000
-504010132693976.1875000000000000000000000000000000000000
-23432179980605.1718750000000000000000000000000000000000
-1275341736983852.7500000000000000000000000000000000000000
-932794435884498.1250000000000000000000000000000000000000
-327127907197598.0625000000000000000000000000000000000000
-494590105598720.7500000000000000000000000000000000000000
-303656803245942.1250000000000000000000000000000000000000
-93458046082898.3437500000000000000000000000000000000000
878762901619800.6250000000000000000000000000000000000000
1251405378011399.2500000000000000000000000000000000000000
322789389688544.5000000000000000000000000000000000000000
1099567955266973.2500000000000000000000000000000000000000
-139649212987507.0781250000000000000000000000000000000000
357277004895200.8750000000000000000000000000000000000000
-98111289965184.5937500000000000000000000000000000000000
424917176079471.5625000000000000000000000000000000000000
82170905203272.6093750000000000000000000000000000000000
-275522777402741.5000000000000000000000000000000000000000
-539843952700293.3125000000000000000000000000000000000000
-826254479466661.2500000000000000000000000000000000000000
-122949345823757.3125000000000000000000000000000000000000
-853599181249947.2500000000000000000000000000000000000000
-758842931556918.8750000000000000000000000000000000000000
-318335869591620.7500000000000000000000000000000000000000
-501522562629940.6250000000000000000000000000000000000000
127638047800454.5625000000000000000000000000000000000000
-126519981315695.9218750000000000000000000000000000000000
1216988566993836.5000000000000000000000000000000000000000
-870875906260559.3750000000000000000000000000000000000000
1037784424970315.5000000000000000000000000000000000000000
115579948083220.7812500000000000000000000000000000000000
939549505994136.1250000000000000000000000000000000000000
741104593335049.3750000000000000000000000000000000000000
805640721920637.2500000000000000000000000000000000000000
1339723532774040.2500000000000000000000000000000000000000
-145115280131657.2500000000000000000000000000000000000000
1082567441256907.8750000000000000000000000000000000000000
-1647108598194273.7500000000000000000000000000000000000000
-1313683503312719.7500000000000000000000000000000000000000
1131058289999802.5000000000000000000000000000000000000000
-1131238385704382.7500000000000000000000000000000000000000
539773382250328.6875000000000000000000000000000000000000
-1065051735707539.5000000000000000000000000000000000000000
-1185161133374758.7500000000000000000000000000000000000000
-1749674684099544.0000000000000000000000000000000000000000
-651355665147947.5000000000000000000000000000000000000000
110259970419390.7968750000000000000000000000000000000000
286666348862933.3750000000000000000000000000000000000000
722608928530828.2500000000000000000000000000000000000000
-831937497445512.7500000000000000000000000000000000000000
500579248844959.5625000000000000000000000000000000000000
75997934170361.3281250000000000000000000000000000000000
1035534604753888.1250000000000000000000000000000000000000
1570562366472206.7500000000000000000000000000000000000000
-137949064778343.8125000000000000000000000000000000000000
10868166948386.2695312500000000000000000000000000000000
-48631330130715.4531250000000000000000000000000000000000
737794084858064.2500000000000000000000000000000000000000
1090734306853315.8750000000000000000000000000000000000000
812723048596579.1250000000000000000000000000000000000000
-1070852666772048.6250000000000000000000000000000000000000
-667017804642940.2500000000000000000000000000000000000000
-369352164274321.6250000000000000000000000000000000000000
209300858120400.6562500000000000000000000000000000000000
24622141887740.7343750000000000000000000000000000000000
253064882056790.6250000000000000000000000000000000000000
707987311709490.2500000000000000000000000000000000000000
-992968103495888.8750000000000000000000000000000000000000
1614423104322081.2500000000000000000000000000000000000000
1289102610796230.5000000000000000000000000000000000000000
-920138183446092.7500000000000000000000000000000000000000
-710856965310245.6250000000000000000000000000000000000000
-285339346903395.8750000000000000000000000000000000000000
-1994072770566041.2500000000000000000000000000000000000000
-890450677264664.6250000000000000000000000000000000000000
-2397472111750790.5000000000000000000000000000000000000000
1179231876420278.5000000000000000000000000000000000000000
-2925904235972560.5000000000000000000000000000000000000000
886540336062620.0000000000000000000000000000000000000000
343562924362929.3750000000000000000000000000000000000000
338223582823722.7500000000000000000000000000000000000000
766367918339873.1250000000000000000000000000000000000000
-927978811679132.7500000000000000000000000000000000000000
858541378301845.5000000000000000000000000000000000000000
-1213125144270264.5000000000000000000000000000000000000000
1379295653454254.0000000000000000000000000000000000000000
152462415425289.3750000000000000000000000000000000000000
602117776912948.6250000000000000000000000000000000000000
2498579448905660.5000000000000000000000000000000000000000
1394371373093204.0000000000000000000000000000000000000000
-508072066412109.4375000000000000000000000000000000000000
937654130650513.1250000000000000000000000000000000000000
2068630857110205.2500000000000000000000000000000000000000
560397981771692.6250000000000000000000000000000000000000
1477674916348819.0000000000000000000000000000000000000000
-1303888260019428.0000000000000000000000000000000000000000
-1210242172475049.0000000000000000000000000000000000000000
-199703477366643.9062500000000000000000000000000000000000
144214674039217.1562500000000000000000000000000000000000
-1651150123970325.5000000000000000000000000000000000000000
-1598335766629752.2500000000000000000000000000000000000000
-219844106002380.5000000000000000000000000000000000000000
-377965104321539.6875000000000000000000000000000000000000
-388410686594445.8125000000000000000000000000000000000000
369798766390233.3750000000000000000000000000000000000000
694900404433214.5000000000000000000000000000000000000000
867113774086529.5000000000000000000000000000000000000000
-825462863317892.2500000000000000000000000000000000000000
-999377567988344.2500000000000000000000000000000000000000
236923712002975.2187500000000000000000000000000000000000
-1295703425839480.5000000000000000000000000000000000000000
268728735889434.8437500000000000000000000000000000000000
1225602345449440.7500000000000000000000000000000000000000
-1353340544330219.0000000000000000000000000000000000000000
-1000099116165688.1250000000000000000000000000000000000000
-1005320577691116.3750000000000000000000000000000000000000
-1031892102131751.7500000000000000000000000000000000000000
-2359665875525813.5000000000000000000000000000000000000000
-913622912089939.5000000000000000000000000000000000000000
2786136409708833.5000000000000000000000000000000000000000
-125675884714754.2343750000000000000000000000000000000000
-301958061957956.0000000000000000000000000000000000000000
1496293107968895.2500000000000000000000000000000000000000
-549630021164596.7500000000000000000000000000000000000000
1671648742758141.5000000000000000000000000000000000000000
901458487972783.1250000000000000000000000000000000000000
-1637485260827010.2500000000000000000000000000000000000000
1301374300647793.2500000000000000000000000000000000000000
1919825194307940.7500000000000000000000000000000000000000
2497900531412823.0000000000000000000000000000000000000000
1673627058025677.0000000000000000000000000000000000000000
837264329122717.7500000000000000000000000000000000000000
724180784285165.7500000000000000000000000000000000000000
-582150226545719.0000000000000000000000000000000000000000
-537400860697749.3750000000000000000000000000000000000000
1130787606356786.0000000000000000000000000000000000000000
-1886434189411747.2500000000000000000000000000000000000000
1912771995589513.0000000000000000000000000000000000000000
-1940605323516357.2500000000000000000000000000000000000000
-2526518451081636.5000000000000000000000000000000000000000
670391812944440.2500000000000000000000000000000000000000
1162693812314788.5000000000000000000000000000000000000000
803296843329262.8750000000000000000000000000000000000000
65290874082593.7421875000000000000000000000000000000000
2242154176007246.0000000000000000000000000000000000000000
-1799467256986153.7500000000000000000000000000000000000000
-2353525540837032.5000000000000000000000000000000000000000
-715849810692717.7500000000000000000000000000000000000000
-940411044959771.5000000000000000000000000000000000000000
-1729693403482660.5000000000000000000000000000000000000000
-155114511886042.5625000000000000000000000000000000000000
242083364832258.4687500000000000000000000000000000000000
-2379096222241855.0000000000000000000000000000000000000000
873669806105023.7500000000000000000000000000000000000000
-3235604974385923.5000000000000000000000000000000000000000
1254146039037412.0000000000000000000000000000000000000000
-225268729272430.9062500000000000000000000000000000000000
1083377194486778.0000000000000000000000000000000000000000
1955715268478331.0000000000000000000000000000000000000000
176722141777034.6562500000000000000000000000000000000000
-1551995190389226.5000000000000000000000000000000000000000
-454395630183579.0625000000000000000000000000000000000000
803968936616016.2500000000000000000000000000000000000000
30425209285651.9296875000000000000000000000000000000000
-1211372745361907.2500000000000000000000000000000000000000
-1269016918233881.0000000000000000000000000000000000000000
1170100037687104.0000000000000000000000000000000000000000
2322293988607926.0000000000000000000000000000000000000000
406915358918197.6250000000000000000000000000000000000000
976478570475739.0000000000000000000000000000000000000000
1550495278347094.7500000000000000000000000000000000000000
-115828318802369.6875000000000000000000000000000000000000
-1350326327919998.2500000000000000000000000000000000000000
-1797420767595300.5000000000000000000000000000000000000000
-82975817499885.4531250000000000000000000000000000000000
1682486785769451.5000000000000000000000000000000000000000
1390723390164152.5000000000000000000000000000000000000000
741292894199969.2500000000000000000000000000000000000000
1142089314010001.5000000000000000000000000000000000000000
-1640510098069269.5000000000000000000000000000000000000000
381305915870053.5625000000000000000000000000000000000000
-406739640434733.4375000000000000000000000000000000000000
256270500118997.3125000000000000000000000000000000000000
-1058457042425476.6250000000000000000000000000000000000000
1613824039879314.5000000000000000000000000000000000000000
-1980100923790273.5000000000000000000000000000000000000000
1599695789225889.5000000000000000000000000000000000000000
2632183797751935.0000000000000000000000000000000000000000
1685127209697132.7500000000000000000000000000000000000000
-403549366148794.6875000000000000000000000000000000000000
-2775166529704145.0000000000000000000000000000000000000000
1171179517856651.2500000000000000000000000000000000000000
-704198202771633.2500000000000000000000000000000000000000
-740022368308757.1250000000000000000000000000000000000000
1879277786855943.5000000000000000000000000000000000000000
-241953378756952.0000000000000000000000000000000000000000
-3174879003848378.5000000000000000000000000000000000000000
533667043354525.1875000000000000000000000000000000000000
-1394447906634031.7500000000000000000000000000000000000000
95701980929434.5625000000000000000000000000000000000000
-25421378170204.1093750000000000000000000000000000000000
376272614476496.3750000000000000000000000000000000000000
78381597278392.4531250000000000000000000000000000000000
95382977782175.7500000000000000000000000000000000000000
-401541887327257.3125000000000000000000000000000000000000
1643623942193462.5000000000000000000000000000000000000000
-638122135450010.2500000000000000000000000000000000000000
8825540033044.2871093750000000000000000000000000000000
92494742348637.1250000000000000000000000000000000000000
-2652298677518334.5000000000000000000000000000000000000000
260994051961533.5312500000000000000000000000000000000000
50495083364174.5156250000000000000000000000000000000000
-1306874859385938.7500000000000000000000000000000000000000
-1040702381139354.3750000000000000000000000000000000000000
297556222410826.0000000000000000000000000000000000000000
855536605606555.3750000000000000000000000000000000000000
32798668914105.0429687500000000000000000000000000000000
56439159305126.2031250000000000000000000000000000000000
774444478114660.8750000000000000000000000000000000000000
-2226164491931366.0000000000000000000000000000000000000000
475804017750788.0000000000000000000000000000000000000000
638956945888154.1250000000000000000000000000000000000000
338767320603719.4375000000000000000000000000000000000000
1953600495202581.7500000000000000000000000000000000000000
1779720109164679.0000000000000000000000000000000000000000
-1258311832127265.5000000000000000000000000000000000000000
-1727099850166558.2500000000000000000000000000000000000000
1614982229084333.0000000000000000000000000000000000000000
-1190266402326518.5000000000000000000000000000000000000000
1514765579239479.7500000000000000000000000000000000000000
-2975369185505977.0000000000000000000000000000000000000000
956617375831126.7500000000000000000000000000000000000000
994276933626028.1250000000000000000000000000000000000000
393278979300911.1250000000000000000000000000000000000000
-1018550895584278.3750000000000000000000000000000000000000
-2919344959592218.0000000000000000000000000000000000000000
-61359395504401.2812500000000000000000000000000000000000
-2211968996546475.7500000000000000000000000000000000000000
-1419681278307235.2500000000000000000000000000000000000000
2517404010545600.5000000000000000000000000000000000000000
579682211283983.0000000000000000000000000000000000000000
883405493013380.2500000000000000000000000000000000000000
3191380012425027.0000000000000000000000000000000000000000
841916592926324.6250000000000000000000000000000000000000
759915310437811.5000000000000000000000000000000000000000
-1105423334228048.6250000000000000000000000000000000000000
-313783296294363.5000000000000000000000000000000000000000
611661741302751.0000000000000000000000000000000000000000
3570920546904044.0000000000000000000000000000000000000000
-912957097375270.8750000000000000000000000000000000000000
-141216203810288.8125000000000000000000000000000000000000
-578746921973628.2500000000000000000000000000000000000000
-287279500233586.1875000000000000000000000000000000000000
1597580047014716.0000000000000000000000000000000000000000
2116817728146493.5000000000000000000000000000000000000000
205025318677865.1562500000000000000000000000000000000000
-526746884600649.8750000000000000000000000000000000000000
129941777247749.7968750000000000000000000000000000000000
-444394166748985.3125000000000000000000000000000000000000
-648757733400056.2500000000000000000000000000000000000000
-1039945460827744.3750000000000000000000000000000000000000
-88463517663537.9843750000000000000000000000000000000000
1121431858782697.6250000000000000000000000000000000000000
1479844090945951.0000000000000000000000000000000000000000
-640567142913368.5000000000000000000000000000000000000000
-4334252247599701.5000000000000000000000000000000000000000
-71973826541687.0312500000000000000000000000000000000000
2514821737112199.0000000000000000000000000000000000000000
-3467839320303557.0000000000000000000000000000000000000000
1144267194221777.5000000000000000000000000000000000000000
750468786299645.7500000000000000000000000000000000000000
324269815524549.7500000000000000000000000000000000000000
337531063737701.6875000000000000000000000000000000000000
-2546532468287564.0000000000000000000000000000000000000000
1682672105343145.5000000000000000000000000000000000000000
-1807274714325978.0000000000000000000000000000000000000000
107092212253209.3750000000000000000000000000000000000000
286769066012776.1250000000000000000000000000000000000000
759943592813616.1250000000000000000000000000000000000000
991262100959716.1250000000000000000000000000000000000000
-763205197182606.8750000000000000000000000000000000000000
-1656031233729352.0000000000000000000000000000000000000000
2273416154255945.0000000000000000000000000000000000000000
363673616897579.8125000000000000000000000000000000000000
-1788423409549383.7500000000000000000000000000000000000000
1679621254737862.2500000000000000000000000000000000000000
-584107676932475.8750000000000000000000000000000000000000
-271500454962103.6875000000000000000000000000000000000000
-3008246959541281.5000000000000000000000000000000000000000
-1874119730703533.7500000000000000000000000000000000000000
-1083667092061430.7500000000000000000000000000000000000000
-1890981066942755.5000000000000000000000000000000000000000
-323216974956802.5000000000000000000000000000000000000000
-211136502693792.0312500000000000000000000000000000000000
1864948776120765.7500000000000000000000000000000000000000
129075701819525.2812500000000000000000000000000000000000
919555336572522.5000000000000000000000000000000000000000
3015632800051264.0000000000000000000000000000000000000000
-2808112063131196.5000000000000000000000000000000000000000
-395324477114943.3125000000000000000000000000000000000000
3546266469385030.5000000000000000000000000000000000000000
-3199038631373072.5000000000000000000000000000000000000000
-2061001733585991.2500000000000000000000000000000000000000
2873293823187099.0000000000000000000000000000000000000000
-863909252050885.2500000000000000000000000000000000000000
2193172711266875.2500000000000000000000000000000000000000
-1649963369703327.2500000000000000000000000000000000000000
1002882593450905.7500000000000000000000000000000000000000
2183977469186090.7500000000000000000000000000000000000000
-463603870587826.5625000000000000000000000000000000000000
2890510170421927.0000000000000000000000000000000000000000
-1091508407540730.7500000000000000000000000000000000000000
604074686424058.7500000000000000000000000000000000000000
934777815970656.5000000000000000000000000000000000000000
461839890623918.9375000000000000000000000000000000000000
-2780578605614207.0000000000000000000000000000000000000000
-387671294688424.9375000000000000000000000000000000000000
-346355577650505.3750000000000000000000000000000000000000
-915476642701308.3750000000000000000000000000000000000000
1947746394590791.0000000000000000000000000000000000000000
865894392566082.5000000000000000000000000000000000000000
-203239385441094.0312500000000000000000000000000000000000
-4346369235931293.0000000000000000000000000000000000000000
-688500131741544.5000000000000000000000000000000000000000
405739557990490.0000000000000000000000000000000000000000
-1451437724520502.5000000000000000000000000000000000000000
2179503309099841.2500000000000000000000000000000000000000
714097042844959.6250000000000000000000000000000000000000
-2308151289428551.5000000000000000000000000000000000000000
777103709087666.8750000000000000000000000000000000000000
-288331977949870.5000000000000000000000000000000000000000
1664082195890763.5000000000000000000000000000000000000000
436171642834605.5625000000000000000000000000000000000000
2768860121888877.0000000000000000000000000000000000000000
-6189503696562.1875000000000000000000000000000000000000
2277877581237700.0000000000000000000000000000000000000000
1231772549923602.7500000000000000000000000000000000000000
-303740227440059.1250000000000000000000000000000000000000
1721401708805215.2500000000000000000000000000000000000000
-148610176857428.1875000000000000000000000000000000000000
-667735701626570.5000000000000000000000000000000000000000
3757820540527871.5000000000000000000000000000000000000000
1627818198084590.0000000000000000000000000000000000000000
1745503672323337.5000000000000000000000000000000000000000
174103711006513.8750000000000000000000000000000000000000
175197023454896.6875000000000000000000000000000000000000
1481430468003762.5000000000000000000000000000000000000000
-2837363613387809.0000000000000000000000000000000000000000
-501166964392781.8750000000000000000000000000000000000000
-2528393958690276.0000000000000000000000000000000000000000
1075102609956735.8750000000000000000000000000000000000000
-1205050527256767.5000000000000000000000000000000000000000
-1079721942354094.5000000000000000000000000000000000000000
-1440120479092845.0000000000000000000000000000000000000000
-936222320626044.3750000000000000000000000000000000000000
-2608632317404227.0000000000000000000000000000000000000000
-2196925382614609.0000000000000000000000000000000000000000
1885085268100007.7500000000000000000000000000000000000000
-803694216852003.6250000000000000000000000000000000000000
-2897840460321374.5000000000000000000000000000000000000000
-2360919481142566.0000000000000000000000000000000000000000
-399032271211454.7500000000000000000000000000000000000000
937144762710972.0000000000000000000000000000000000000000
864922825557834.0000000000000000000000000000000000000000
365604568233411.9375000000000000000000000000000000000000
405982970966151.1875000000000000000000000000000000000000
2650677197413218.0000000000000000000000000000000000000000
762502749346575.5000000000000000000000000000000000000000
-1706413761570400.5000000000000000000000000000000000000000
-1172895021799634.0000000000000000000000000000000000000000
-2135536708163302.7500000000000000000000000000000000000000
2048382442143823.7500000000000000000000000000000000000000
-669866513550450.7500000000000000000000000000000000000000
-44877377749697.2578125000000000000000000000000000000000
1645105939863869.0000000000000000000000000000000000000000
-2174140143879428.0000000000000000000000000000000000000000
-1008851248298301.0000000000000000000000000000000000000000
-59324939835781.2734375000000000000000000000000000000000
-2303323256788280.5000000000000000000000000000000000000000
-277308214992518.3750000000000000000000000000000000000000
-1878217231158965.2500000000000000000000000000000000000000
1145600454862767.5000000000000000000000000000000000000000
954479115800704.6250000000000000000000000000000000000000
-241367539814792.2500000000000000000000000000000000000000
265802085374144.2812500000000000000000000000000000000000
1719232897251372.2500000000000000000000000000000000000000
-6282184037905334.0000000000000000000000000000000000000000
-1076082611817217.5000000000000000000000000000000000000000
936992472770028.2500000000000000000000000000000000000000
1510814748725756.0000000000000000000000000000000000000000
-551588746979873.5625000000000000000000000000000000000000
1901929988506238.0000000000000000000000000000000000000000
713876003792636.8750000000000000000000000000000000000000
5175024643714597.0000000000000000000000000000000000000000
98869184124303.8593750000000000000000000000000000000000
4114243087897702.0000000000000000000000000000000000000000
590027469792064.8750000000000000000000000000000000000000
-1754364075126278.7500000000000000000000000000000000000000
-745244733870800.3750000000000000000000000000000000000000
-102797183778061.4062500000000000000000000000000000000000
2547076939195506.0000000000000000000000000000000000000000
-487474478838368.9375000000000000000000000000000000000000
407301714849383.5625000000000000000000000000000000000000
454008406418643.1250000000000000000000000000000000000000
-2455308018892281.5000000000000000000000000000000000000000
-686013093543348.0000000000000000000000000000000000000000
2999701482757618.5000000000000000000000000000000000000000
-1147782892465013.0000000000000000000000000000000000000000
2192442467771577.2500000000000000000000000000000000000000
-290803480357158.1875000000000000000000000000000000000000
2799418760619257.0000000000000000000000000000000000000000
-1031411984774061.6250000000000000000000000000000000000000
-324659380050970.8750000000000000000000000000000000000000
-1688932772209641.0000000000000000000000000000000000000000
189851553780979.4062500000000000000000000000000000000000
-1857123068092232.7500000000000000000000000000000000000000
1327401327412474.7500000000000000000000000000000000000000
-635252925058300.3750000000000000000000000000000000000000
-997387616775057.6250000000000000000000000000000000000000
194093215499866.2187500000000000000000000000000000000000
-991504639110283.7500000000000000000000000000000000000000
1689301145812341.2500000000000000000000000000000000000000
-408777518298196.5625000000000000000000000000000000000000
2414058248993606.5000000000000000000000000000000000000000
-1617289913117712.0000000000000000000000000000000000000000
390590857685743.3125000000000000000000000000000000000000
-651272818779735.0000000000000000000000000000000000000000
221362636691713.6875000000000000000000000000000000000000
-24779800884704.7890625000000000000000000000000000000000
2272144687935225.0000000000000000000000000000000000000000
-1549094024062436.0000000000000000000000000000000000000000
-1546401349571013.5000000000000000000000000000000000000000
-164344174639110.3437500000000000000000000000000000000000
2857043630884323.5000000000000000000000000000000000000000
262503902790266.7500000000000000000000000000000000000000
749316583418637.1250000000000000000000000000000000000000
-2507251313401417.0000000000000000000000000000000000000000
912660144263359.0000000000000000000000000000000000000000
219569523835142.5937500000000000000000000000000000000000
593380390870854.3750000000000000000000000000000000000000
636322864785266.5000000000000000000000000000000000000000
-781947073726290.7500000000000000000000000000000000000000
-977923028258750.0000000000000000000000000000000000000000
428093938238916.3750000000000000000000000000000000000000
-1556508547778806.5000000000000000000000000000000000000000
4201469892211504.0000000000000000000000000000000000000000
226101025564742.8750000000000000000000000000000000000000
-2415892070982762.5000000000000000000000000000000000000000
-2456628326938797.0000000000000000000000000000000000000000
2076845876092928.0000000000000000000000000000000000000000
1493537854810131.7500000000000000000000000000000000000000
-377469521318656.2500000000000000000000000000000000000000
-130036677673937.9687500000000000000000000000000000000000
-3233397570605160.5000000000000000000000000000000000000000
-2197255676999725.2500000000000000000000000000000000000000
1871792384698459.0000000000000000000000000000000000000000
29518063249188.6171875000000000000000000000000000000000
1002241484355664.2500000000000000000000000000000000000000
-4413209355017920.5000000000000000000000000000000000000000
987325553833373.8750000000000000000000000000000000000000
-1378259246392184.7500000000000000000000000000000000000000
1181374735615086.2500000000000000000000000000000000000000
-5070229216902.6367187500000000000000000000000000000000
666690142198151.0000000000000000000000000000000000000000
-850041893006684.6250000000000000000000000000000000000000
-983378794757527.3750000000000000000000000000000000000000
-5759094681803897.0000000000000000000000000000000000000000
-3502861646856637.0000000000000000000000000000000000000000
759750391962142.0000000000000000000000000000000000000000
2001344113821839.7500000000000000000000000000000000000000
3694261916762705.5000000000000000000000000000000000000000
-32356087585072.5390625000000000000000000000000000000000
599974651342746.3750000000000000000000000000000000000000
-3960355595427146.0000000000000000000000000000000000000000
821880474399076.6250000000000000000000000000000000000000
-156819136013701.5625000000000000000000000000000000000000
-532298386503953.2500000000000000000000000000000000000000
4827983244518355.0000000000000000000000000000000000000000
367874002329944.2500000000000000000000000000000000000000
3519373998714746.0000000000000000000000000000000000000000
118881144189090.2031250000000000000000000000000000000000
4668764067026733.0000000000000000000000000000000000000000
1289818821455544.7500000000000000000000000000000000000000
-3243536907228777.5000000000000000000000000000000000000000
-4203454852384463.5000000000000000000000000000000000000000
2106987665402546.7500000000000000000000000000000000000000
893012199172049.1250000000000000000000000000000000000000
-899746821487575.1250000000000000000000000000000000000000
1213261603498143.2500000000000000000000000000000000000000
-1543476434340529.7500000000000000000000000000000000000000
2268653934814059.0000000000000000000000000000000000000000
-1880609303642928.0000000000000000000000000000000000000000
377582356628459.0625000000000000000000000000000000000000
-2485341010995443.5000000000000000000000000000000000000000
209390619769416.3125000000000000000000000000000000000000
2127279602630079.7500000000000000000000000000000000000000
405260581574191.1875000000000000000000000000000000000000
488184287876768.0625000000000000000000000000000000000000
1085366753466180.3750000000000000000000000000000000000000
-1834700886902068.2500000000000000000000000000000000000000
1759103014773834.0000000000000000000000000000000000000000
2529300243110870.5000000000000000000000000000000000000000
-2961195486733871.0000000000000000000000000000000000000000
2048711484674301.2500000000000000000000000000000000000000
-2093436594435792.2500000000000000000000000000000000000000
-1199308318109734.0000000000000000000000000000000000000000
-1661206746052518.5000000000000000000000000000000000000000
597429394832221.2500000000000000000000000000000000000000
1219106414075764.2500000000000000000000000000000000000000
-2978779587073234.5000000000000000000000000000000000000000
-1412978593561092.0000000000000000000000000000000000000000
-172487830573063.4687500000000000000000000000000000000000
2705059040849557.0000000000000000000000000000000000000000
-1807969098872619.7500000000000000000000000000000000000000
-5502936817310672.0000000000000000000000000000000000000000
-319655814765330.6250000000000000000000000000000000000000
-894679298434315.2500000000000000000000000000000000000000
-3574099953118396.0000000000000000000000000000000000000000
185949810096091.0625000000000000000000000000000000000000
1651140962655552.7500000000000000000000000000000000000000
-1543160997892428.2500000000000000000000000000000000000000
2854627564468820.5000000000000000000000000000000000000000
2318430533252360.5000000000000000000000000000000000000000
3687145778108776.5000000000000000000000000000000000000000
-827766726477135.6250000000000000000000000000000000000000
244577388495562.7812500000000000000000000000000000000000
342581638256511.0000000000000000000000000000000000000000
-713578480398806.7500000000000000000000000000000000000000
3218276829922964.0000000000000000000000000000000000000000
4399513076876196.5000000000000000000000000000000000000000
3147729266538267.5000000000000000000000000000000000000000
2285959993767190.5000000000000000000000000000000000000000
836047107771299.3750000000000000000000000000000000000000
-1094410612532948.1250000000000000000000000000000000000000
-1400244055978719.5000000000000000000000000000000000000000
-1847047206436047.7500000000000000000000000000000000000000
-3017322306373412.0000000000000000000000000000000000000000
1138149480476352.5000000000000000000000000000000000000000
1133268610685457.2500000000000000000000000000000000000000
-868272850711309.7500000000000000000000000000000000000000
-1471820572338990.5000000000000000000000000000000000000000
1810680310462373.5000000000000000000000000000000000000000
-424365165819768.5625000000000000000000000000000000000000
-867809791437893.7500000000000000000000000000000000000000
182060670692743.9687500000000000000000000000000000000000
-2151288130033154.0000000000000000000000000000000000000000
2950138797452512.5000000000000000000000000000000000000000
-3087208674933399.0000000000000000000000000000000000000000
2762617263321317.0000000000000000000000000000000000000000
-930563867572398.5000000000000000000000000000000000000000
1128889712307215.5000000000000000000000000000000000000000
1835493869167083.2500000000000000000000000000000000000000
507921140148098.5000000000000000000000000000000000000000
347627056626213.8750000000000000000000000000000000000000
-416619953223836.8750000000000000000000000000000000000000
481186777063848.2500000000000000000000000000000000000000
-5368255991864315.0000000000000000000000000000000000000000
2755443697508250.0000000000000000000000000000000000000000
-1497962596157210.2500000000000000000000000000000000000000
-4190142037384414.5000000000000000000000000000000000000000
83182965484108.7031250000000000000000000000000000000000
-42392952019177.5312500000000000000000000000000000000000
3283646228231000.5000000000000000000000000000000000000000
2170854092288292.2500000000000000000000000000000000000000
1893908444872968.5000000000000000000000000000000000000000
-97735323288921.4062500000000000000000000000000000000000
2168985779204041.2500000000000000000000000000000000000000
-2665755167052757.5000000000000000000000000000000000000000
-1092664810961142.5000000000000000000000000000000000000000
3843860494992709.5000000000000000000000000000000000000000
-1898750804769197.5000000000000000000000000000000000000000
-892361411532272.6250000000000000000000000000000000000000
992809342553042.3750000000000000000000000000000000000000
254461111190606.0937500000000000000000000000000000000000
1870179562558219.5000000000000000000000000000000000000000
-1097649055480260.1250000000000000000000000000000000000000
-1466908504718551.7500000000000000000000000000000000000000
-137008317266330.4843750000000000000000000000000000000000
-501869674173309.0625000000000000000000000000000000000000
806527756468797.8750000000000000000000000000000000000000
-1283017518886991.7500000000000000000000000000000000000000
-2505804036217303.5000000000000000000000000000000000000000
-801265592009115.3750000000000000000000000000000000000000
-1217698256844037.2500000000000000000000000000000000000000
-4491318766991933.5000000000000000000000000000000000000000
-372704399545707.7500000000000000000000000000000000000000
1149873290161650.5000000000000000000000000000000000000000
986347659113160.5000000000000000000000000000000000000000
1878424882378322.2500000000000000000000000000000000000000
951507336600361.3750000000000000000000000000000000000000
-1906969164387795.5000000000000000000000000000000000000000
-1244178351544771.5000000000000000000000000000000000000000
394194641056239.0000000000000000000000000000000000000000
-902397229137810.8750000000000000000000000000000000000000
-253684645667011.1250000000000000000000000000000000000000
-3356503391626413.0000000000000000000000000000000000000000
-1568997741874681.2500000000000000000000000000000000000000
-696198788340900.3750000000000000000000000000000000000000
-706619490114849.7500000000000000000000000000000000000000
1798974079195240.2500000000000000000000000000000000000000
3450537660778.8925781250000000000000000000000000000000
1214385991653857.5000000000000000000000000000000000000000
3376264774585829.5000000000000000000000000000000000000000
-1450977482893802.2500000000000000000000000000000000000000
2319069387863996.5000000000000000000000000000000000000000
300998359288015.1875000000000000000000000000000000000000
-1908880542360191.5000000000000000000000000000000000000000
-2064982818839755.0000000000000000000000000000000000000000
91754788216484.6250000000000000000000000000000000000000
2789968254002712.0000000000000000000000000000000000000000
-1304871081801893.0000000000000000000000000000000000000000
1730268132965062.5000000000000000000000000000000000000000
-1589212645974866.5000000000000000000000000000000000000000
-700487934863749.3750000000000000000000000000000000000000
-677442700282713.3750000000000000000000000000000000000000
-220362014214232.9375000000000000000000000000000000000000
410015739827989.5625000000000000000000000000000000000000
2927663809149716.0000000000000000000000000000000000000000
2840808395037511.5000000000000000000000000000000000000000
2657139555632908.5000000000000000000000000000000000000000
2826470964416094.5000000000000000000000000000000000000000
2058368868657373.5000000000000000000000000000000000000000
-1923594234761783.5000000000000000000000000000000000000000
-5998185435629709.0000000000000000000000000000000000000000
-1899989843913778.0000000000000000000000000000000000000000
-2255222797471888.5000000000000000000000000000000000000000
-1566150013151662.0000000000000000000000000000000000000000
5942792322100580.0000000000000000000000000000000000000000
2271404327602437.5000000000000000000000000000000000000000
-1644127782085970.5000000000000000000000000000000000000000
-1539577088590986.5000000000000000000000000000000000000000
1185993809581230.0000000000000000000000000000000000000000
-4988106028963639.0000000000000000000000000000000000000000
-173746956558483.9687500000000000000000000000000000000000
-1273912819988541.5000000000000000000000000000000000000000
-355151573003062.5625000000000000000000000000000000000000
3389476394457083.0000000000000000000000000000000000000000
200924460909645.0625000000000000000000000000000000000000
1060061515435421.6250000000000000000000000000000000000000
2044941686045861.5000000000000000000000000000000000000000
314515665767393.4375000000000000000000000000000000000000
1618242575386362.5000000000000000000000000000000000000000
814402420359787.8750000000000000000000000000000000000000
5613441049297327.0000000000000000000000000000000000000000
-4176415161661904.5000000000000000000000000000000000000000
-868915310409565.2500000000000000000000000000000000000000
516944238335576.9375000000000000000000000000000000000000
3081610764138086.5000000000000000000000000000000000000000
-294558576961782.0000000000000000000000000000000000000000
4124977101224203.5000000000000000000000000000000000000000
-3303347452165432.0000000000000000000000000000000000000000
-116530403239185.6406250000000000000000000000000000000000
1289882970296767.7500000000000000000000000000000000000000
-1243488640459796.7500000000000000000000000000000000000000
-1102261912228485.3750000000000000000000000000000000000000
-2324121501797404.0000000000000000000000000000000000000000
-1309837278951005.5000000000000000000000000000000000000000
3460353153151041.5000000000000000000000000000000000000000
-594739707468165.8750000000000000000000000000000000000000
-1663607093326528.2500000000000000000000000000000000000000
-863988736711478.7500000000000000000000000000000000000000
332557026329435.8125000000000000000000000000000000000000
2664390815368165.5000000000000000000000000000000000000000
-2251718286592968.5000000000000000000000000000000000000000
-2791627685368758.5000000000000000000000000000000000000000
-586442615680768.5000000000000000000000000000000000000000
2002348015517059.5000000000000000000000000000000000000000
-2045030932334543.2500000000000000000000000000000000000000
1905340012789123.0000000000000000000000000000000000000000
-640181050373750.3750000000000000000000000000000000000000
2058147864246493.0000000000000000000000000000000000000000
653063743487373.5000000000000000000000000000000000000000
3290784209442794.0000000000000000000000000000000000000000
1294979091972580.2500000000000000000000000000000000000000
2464665533651645.0000000000000000000000000000000000000000
-858056767638297.6250000000000000000000000000000000000000
-2420849912358770.5000000000000000000000000000000000000000
-2285399722289569.5000000000000000000000000000000000000000
-1684792315400995.2500000000000000000000000000000000000000
805457744667336.0000000000000000000000000000000000000000
-2258179574106633.0000000000000000000000000000000000000000
-797978711047870.3750000000000000000000000000000000000000
-936449768110196.5000000000000000000000000000000000000000
-1491898101709434.2500000000000000000000000000000000000000
-455808022446908.7500000000000000000000000000000000000000
148573320948251.0000000000000000000000000000000000000000
-538632857845147.9375000000000000000000000000000000000000
-318467639496337.1875000000000000000000000000000000000000
395821375093870.7500000000000000000000000000000000000000
-2176782930504665.7500000000000000000000000000000000000000
557249559765850.5000000000000000000000000000000000000000
-169740411619597.9062500000000000000000000000000000000000
-2209698396541785.5000000000000000000000000000000000000000
2787614740809433.5000000000000000000000000000000000000000
76942005150534.1093750000000000000000000000000000000000
-110914218779354.3281250000000000000000000000000000000000
2332832734416404.5000000000000000000000000000000000000000
-306081695742386.8125000000000000000000000000000000000000
3564045706338929.0000000000000000000000000000000000000000
-630680790283291.5000000000000000000000000000000000000000
-2105962104954506.7500000000000000000000000000000000000000
794852210656214.8750000000000000000000000000000000000000
-726490578355817.0000000000000000000000000000000000000000
-1241621141937436.2500000000000000000000000000000000000000
742642681866274.6250000000000000000000000000000000000000
1093314695988287.1250000000000000000000000000000000000000
-3099315675086791.0000000000000000000000000000000000000000
-1399420749525130.7500000000000000000000000000000000000000
-1044790182750804.5000000000000000000000000000000000000000
414752594115013.7500000000000000000000000000000000000000
3762805189718880.5000000000000000000000000000000000000000
3356166038972879.5000000000000000000000000000000000000000
3367551468613391.0000000000000000000000000000000000000000
-425192953993264.1250000000000000000000000000000000000000
18592685325223.6562500000000000000000000000000000000000
2900432032049540.5000000000000000000000000000000000000000
915239780983733.0000000000000000000000000000000000000000
565424249182929.7500000000000000000000000000000000000000
-5295534461640710.0000000000000000000000000000000000000000
-240837556611487.1250000000000000000000000000000000000000
1324059312106177.2500000000000000000000000000000000000000
-540317014912952.0625000000000000000000000000000000000000
-1964240188750101.5000000000000000000000000000000000000000
232698192437419.8125000000000000000000000000000000000000
-887161267744100.6250000000000000000000000000000000000000
-2543539789737156.0000000000000000000000000000000000000000
-3974563501540700.0000000000000000000000000000000000000000
-3279358642029856.5000000000000000000000000000000000000000
40231949634705.5468750000000000000000000000000000000000
-4713068335935554.0000000000000000000000000000000000000000
-1135953691958143.0000000000000000000000000000000000000000
-3721923758672970.0000000000000000000000000000000000000000
839895691706763.6250000000000000000000000000000000000000
2528970430723470.0000000000000000000000000000000000000000
3686768443915443.0000000000000000000000000000000000000000
-127201136323573.5781250000000000000000000000000000000000
1058863975428084.8750000000000000000000000000000000000000
-1162007660912948.5000000000000000000000000000000000000000
-1847165317863174.7500000000000000000000000000000000000000
-1329426989962956.7500000000000000000000000000000000000000
-301962160464019.5000000000000000000000000000000000000000
2572606106968175.0000000000000000000000000000000000000000
4158323544814592.5000000000000000000000000000000000000000
5746996822541512.0000000000000000000000000000000000000000
-2355248794211729.0000000000000000000000000000000000000000
256743425620070.0625000000000000000000000000000000000000
-300552735352435.5000000000000000000000000000000000000000
1509305408811835.7500000000000000000000000000000000000000
-334462023991280.5000000000000000000000000000000000000000
1753283982023657.2500000000000000000000000000000000000000
2342859279423360.0000000000000000000000000000000000000000
1329913605034123.2500000000000000000000000000000000000000
3432765839507919.0000000000000000000000000000000000000000
-2081210724815845.0000000000000000000000000000000000000000
1130623150083841.0000000000000000000000000000000000000000
5029788609041.5205078125000000000000000000000000000000
1395552694876705.0000000000000000000000000000000000000000
-285969529456169.0625000000000000000000000000000000000000
33854478021166.7734375000000000000000000000000000000000
1172529922358927.7500000000000000000000000000000000000000
360670984385801.8750000000000000000000000000000000000000
-3527821985324909.0000000000000000000000000000000000000000
-1557671565548237.0000000000000000000000000000000000000000
1079513020717328.7500000000000000000000000000000000000000
-2107230193612271.2500000000000000000000000000000000000000
2513643145109297.5000000000000000000000000000000000000000
962664828551741.8750000000000000000000000000000000000000
-1087196818508184.3750000000000000000000000000000000000000
-2791723397170995.0000000000000000000000000000000000000000
1040287611083818.5000000000000000000000000000000000000000
982084171839674.0000000000000000000000000000000000000000
340518105950015.2500000000000000000000000000000000000000
12605290908346.7675781250000000000000000000000000000000
3518798642545052.5000000000000000000000000000000000000000
2193299979216333.7500000000000000000000000000000000000000
-3332327587181027.0000000000000000000000000000000000000000
-4484380287925683.5000000000000000000000000000000000000000
-1108944858935854.2500000000000000000000000000000000000000
1573396757794198.5000000000000000000000000000000000000000
-2245343057681689.7500000000000000000000000000000000000000
1734636012395739.7500000000000000000000000000000000000000
5679378601395706.0000000000000000000000000000000000000000
-1255394211417805.7500000000000000000000000000000000000000
-1355193478652033.7500000000000000000000000000000000000000
-1446793225559962.7500000000000000000000000000000000000000
-4721201746849817.0000000000000000000000000000000000000000
780917527570105.3750000000000000000000000000000000000000
1332111643225254.5000000000000000000000000000000000000000
891170864092331.2500000000000000000000000000000000000000
-820803815947405.7500000000000000000000000000000000000000
1107885587667825.6250000000000000000000000000000000000000
3751879688323829.0000000000000000000000000000000000000000
-428361883061513.0000000000000000000000000000000000000000
-2048768429166580.7500000000000000000000000000000000000000
1654840854642172.2500000000000000000000000000000000000000
328004685263359.7500000000000000000000000000000000000000
-1394067016663152.0000000000000000000000000000000000000000
-2142636164077521.5000000000000000000000000000000000000000
-701401138833169.8750000000000000000000000000000000000000
3723125804092944.5000000000000000000000000000000000000000
-311758607119727.6250000000000000000000000000000000000000
-1267508319947403.7500000000000000000000000000000000000000
-2490473639864252.5000000000000000000000000000000000000000
-3639759158573704.0000000000000000000000000000000000000000
-5755130503642908.0000000000000000000000000000000000000000
-3868823434129575.5000000000000000000000000000000000000000
1957894018805794.7500000000000000000000000000000000000000
1368653024775429.5000000000000000000000000000000000000000
1648268153961807.5000000000000000000000000000000000000000
-1185115048941214.5000000000000000000000000000000000000000
3646840645098542.0000000000000000000000000000000000000000
-92189734909862.0312500000000000000000000000000000000000
-1733114117265676.5000000000000000000000000000000000000000
4579567380468892.0000000000000000000000000000000000000000
-3037529139268316.0000000000000000000000000000000000000000
-920568959675508.1250000000000000000000000000000000000000
1142237725695781.0000000000000000000000000000000000000000
332006227728232.5000000000000000000000000000000000000000
1738640692019997.0000000000000000000000000000000000000000
-653232298994824.3750000000000000000000000000000000000000
1349700145285727.5000000000000000000000000000000000000000
809190844659015.5000000000000000000000000000000000000000
-340302234521792.1250000000000000000000000000000000000000
467988047082739.6250000000000000000000000000000000000000
2753042474668032.0000000000000000000000000000000000000000
185063238284587.0625000000000000000000000000000000000000
4014399657551236.0000000000000000000000000000000000000000
1307241184183809.7500000000000000000000000000000000000000
-2358524727169736.0000000000000000000000000000000000000000
-607006037555954.1250000000000000000000000000000000000000
355934082441426.6250000000000000000000000000000000000000
-849981958421485.1250000000000000000000000000000000000000
1685220594288398.5000000000000000000000000000000000000000
-1574625429684895.2500000000000000000000000000000000000000
580950069549012.6250000000000000000000000000000000000000
2797729843627060.5000000000000000000000000000000000000000
-2847624246559453.5000000000000000000000000000000000000000
-49128279593710.8515625000000000000000000000000000000000
1503533937436937.0000000000000000000000000000000000000000
-2159211508679656.0000000000000000000000000000000000000000
92321986373916.4218750000000000000000000000000000000000
-370012926869952.5625000000000000000000000000000000000000
-4063530214763624.5000000000000000000000000000000000000000
-1175547392448851.7500000000000000000000000000000000000000
-2634843643113441.5000000000000000000000000000000000000000
-3345910516245065.0000000000000000000000000000000000000000
2172182743787764.2500000000000000000000000000000000000000
3594987283750553.0000000000000000000000000000000000000000
-1916522116991914.5000000000000000000000000000000000000000
-1099859125008706.0000000000000000000000000000000000000000
81878656975478.5937500000000000000000000000000000000000
438953515640526.9375000000000000000000000000000000000000
299670758673385.8750000000000000000000000000000000000000
-1509370692385828.7500000000000000000000000000000000000000
1833788103452911.2500000000000000000000000000000000000000
-1806477643929446.0000000000000000000000000000000000000000
-535354506416952.3125000000000000000000000000000000000000
2997689042309507.0000000000000000000000000000000000000000
1588717797354582.7500000000000000000000000000000000000000
1491025016580815.7500000000000000000000000000000000000000
973365197463369.6250000000000000000000000000000000000000
2672563819805958.5000000000000000000000000000000000000000
1395999764805938.7500000000000000000000000000000000000000
-806954221060429.2500000000000000000000000000000000000000
3112362248969115.0000000000000000000000000000000000000000
3428745003340936.0000000000000000000000000000000000000000
-311526961218643.5625000000000000000000000000000000000000
134554723941512.1562500000000000000000000000000000000000
-4789565664938045.0000000000000000000000000000000000000000
-4005291706967979.5000000000000000000000000000000000000000
-725510109812910.2500000000000000000000000000000000000000
-1667452459438683.5000000000000000000000000000000000000000
1316146834037756.5000000000000000000000000000000000000000
2183150637086342.5000000000000000000000000000000000000000
-291876687718197.6875000000000000000000000000000000000000
-3970077496172842.0000000000000000000000000000000000000000
2035667289858457.5000000000000000000000000000000000000000
243697810720173.5625000000000000000000000000000000000000
1895015847403578.5000000000000000000000000000000000000000
-420128296552068.4375000000000000000000000000000000000000
1288171702689611.7500000000000000000000000000000000000000
-3087399708244583.0000000000000000000000000000000000000000
-868763225908165.7500000000000000000000000000000000000000
-3841686247887055.5000000000000000000000000000000000000000
-17282825430667.2636718750000000000000000000000000000000
-366413452999208.4375000000000000000000000000000000000000
55980159540332.6171875000000000000000000000000000000000
-855676589884398.5000000000000000000000000000000000000000
-2795182165450085.5000000000000000000000000000000000000000
2430972647602662.5000000000000000000000000000000000000000
3682616355054121.5000000000000000000000000000000000000000
1304993495777153.2500000000000000000000000000000000000000
1923505671783841.5000000000000000000000000000000000000000
222348417608153.9687500000000000000000000000000000000000
2567668032891063.0000000000000000000000000000000000000000
2055491649512891.5000000000000000000000000000000000000000
-4922333899255056.0000000000000000000000000000000000000000
-604615765430820.0000000000000000000000000000000000000000
-369435014178896.3125000000000000000000000000000000000000
4784225220838494.0000000000000000000000000000000000000000
1268663334057229.0000000000000000000000000000000000000000
-3587265551261032.0000000000000000000000000000000000000000
950513183483663.8750000000000000000000000000000000000000
-910458471708072.8750000000000000000000000000000000000000
-907992660844128.3750000000000000000000000000000000000000
2475241495111736.0000000000000000000000000000000000000000
2488658051029889.0000000000000000000000000000000000000000
1247289125005420.2500000000000000000000000000000000000000
-468161935580948.3125000000000000000000000000000000000000
-349374004277677.6250000000000000000000000000000000000000
-1577335779650185.5000000000000000000000000000000000000000
-968242808166918.2500000000000000000000000000000000000000
-1398727982768454.2500000000000000000000000000000000000000
-1913365232565857.7500000000000000000000000000000000000000
-120836737247208.5781250000000000000000000000000000000000
-5360075866931280.0000000000000000000000000000000000000000
-165644104345964.6875000000000000000000000000000000000000
861889529679478.0000000000000000000000000000000000000000
-3262771619709165.5000000000000000000000000000000000000000
-385331229765161.1875000000000000000000000000000000000000
1951509061425588.7500000000000000000000000000000000000000
900555245435371.3750000000000000000000000000000000000000
139241741256454.1406250000000000000000000000000000000000
1975318035014530.7500000000000000000000000000000000000000
-621614826340352.6250000000000000000000000000000000000000
1197937206490193.7500000000000000000000000000000000000000
2131981657326903.7500000000000000000000000000000000000000
981836565507632.3750000000000000000000000000000000000000
-569944570545529.7500000000000000000000000000000000000000
-2099153106125501.5000000000000000000000000000000000000000
3369189888217259.0000000000000000000000000000000000000000
-2548460846663186.5000000000000000000000000000000000000000
1005638232936017.6250000000000000000000000000000000000000
1214121204445201.2500000000000000000000000000000000000000
-44651819364768.0390625000000000000000000000000000000000
571371877583819.6250000000000000000000000000000000000000
1958293283984021.5000000000000000000000000000000000000000
-746345744145727.0000000000000000000000000000000000000000
-1957957456060193.0000000000000000000000000000000000000000
-1007811390903567.3750000000000000000000000000000000000000
-16831817414518.0253906250000000000000000000000000000000
