0.0267139569895694858892021272822603350505
-2.1543280637124406773352802701992914080620
47.2835007440500021402840502560138702392578
-452.7667943181131704477593302726745605468750
2176.6986419514328190416563302278518676757812
-5119.7673111022259035962633788585662841796875
3423.0982694717754384328145533800125122070312
8953.9655265144574514124542474746704101562500
-21105.7776365805038949474692344665527343750000
22981.4563698477795696817338466644287109375000
-27263.5647165274203871376812458038330078125000
20462.5558754926314577460289001464843750000000
14743.5354342132868623593822121620178222656250
-35476.2491284537463798187673091888427734375000
16251.1656469961417315062135457992553710937500
9619.2604201586254930589348077774047851562500
28919.5534146513455198146402835845947265625000
-50238.1887428676054696552455425262451171875000
-42941.6610027384012937545776367187500000000000
64805.8780430375627474859356880187988281250000
-109992.6806108673044946044683456420898437500000
98513.3743210153188556432723999023437500000000
1421.5636177571022926713339984416961669921875
161299.3530359292053617537021636962890625000000
-29778.7055810327838116791099309921264648437500
69227.4936128067056415602564811706542968750000
-279114.3799030218506231904029846191406250000000
-128919.1197404106642352417111396789550781250000
-14367.6348098224771092645823955535888671875000
181254.1741188680753111839294433593750000000000
-9225.0216075767621077829971909523010253906250
20395.9281182049817289225757122039794921875000
-6271.3823473301281410385854542255401611328125
-23142.0894788388795859646052122116088867187500
162037.0083058842865284532308578491210937500000
-17941.8079204391360690351575613021850585937500
89171.3963886548590380698442459106445312500000
-34709.6822952391521539539098739624023437500000
-138878.6088695849466603249311447143554687500000
99489.2972983713552821427583694458007812500000
17365.0550896735076094046235084533691406250000
-6332.0510165943833271740004420280456542968750
35936.8551174437598092481493949890136718750000
-149988.7659459962451364845037460327148437500000
95010.9469389703881461173295974731445312500000
-449208.4179115648730657994747161865234375000000
370503.4921199881355278193950653076171875000000
-191353.1074786157696507871150970458984375000000
-250309.3265485830779653042554855346679687500000
203312.8299347288266289979219436645507812500000
12912.5000578255258005810901522636413574218750
-4518.7742436726675805402919650077819824218750
394096.3895912301377393305301666259765625000000
-576577.9969032322987914085388183593750000000000
153146.9239068151509854942560195922851562500000
334425.7253771153627894818782806396484375000000
108268.2037223294755676761269569396972656250000
-45830.2761743950177333317697048187255859375000
32098.1563553820342349354177713394165039062500
-8308.4499437919093907112255692481994628906250
75166.1978405396512243896722793579101562500000
-112269.6151833383773919194936752319335937500000
67537.9660746638692216947674751281738281250000
39840.6358905929664615541696548461914062500000
202312.5440388572460506111383438110351562500000
-25761.1636296459437289740890264511108398437500
-182151.2735044403234496712684631347656250000000
113711.5478847358463099226355552673339843750000
-182728.4268064552743453532457351684570312500000
-57672.8724870153746451251208782196044921875000
-39044.4843177217189804650843143463134765625000
-31912.9798853702704946044832468032836914062500
-133468.3866751466994173824787139892578125000000
29417.0142675882016192190349102020263671875000
-112509.3980443581531289964914321899414062500000
118156.8160428373521426692605018615722656250000
-339326.3669820396462455391883850097656250000000
162687.5911552702891640365123748779296875000000
-25158.8362319835978269111365079879760742187500
86378.8776182032306678593158721923828125000000
-279503.2022520203609019517898559570312500000000
-187909.5864661289379000663757324218750000000000
152351.4477356979332398623228073120117187500000
71577.6493212772038532420992851257324218750000
261641.6206490605545695871114730834960937500000
48573.1761744328687200322747230529785156250000
-283731.0181170918513089418411254882812500000000
-155951.5799228783289436250925064086914062500000
98139.9101703995111165568232536315917968750000
83338.8227586599678033962845802307128906250000
135007.5630652473191730678081512451171875000000
11504.1768703842953982530161738395690917968750
123716.7519659875397337600588798522949218750000
33750.6585656347160693258047103881835937500000
-255142.1740711198071949183940887451171875000000
16179.8167058613016706658527255058288574218750
266006.9456847742549143731594085693359375000000
259363.9573189768998418003320693969726562500000
-257731.7893561231612693518400192260742187500000
121625.7139343445887789130210876464843750000000
-53264.2183907179714879021048545837402343750000
209553.8722338494844734668731689453125000000000
384589.1483389959903433918952941894531250000000
200113.2782903147453907877206802368164062500000
-529061.5952563270693644881248474121093750000000
-290138.5007952097803354263305664062500000000000
-128759.2781776863266713917255401611328125000000
328711.7787075603264383971691131591796875000000
44719.2212466595228761434555053710937500000000
-205026.8192972609831485897302627563476562500000
-103194.5602501594403292983770370483398437500000
-260520.3316278827260248363018035888671875000000
2569288.5843372116796672344207763671875000000000
-149787.8666697150911204516887664794921875000000
5341972.8075965428724884986877441406250000000000
-5796672.3136704033240675926208496093750000000000
-1013465.0796635176520794630050659179687500000000
271894.5442796706338413059711456298828125000000
-643943.9710120394593104720115661621093750000000
-3171485.8910847106017172336578369140625000000000
676940.5527491396060213446617126464843750000000
482582.6825995215913280844688415527343750000000
5100694.7151223849505186080932617187500000000000
4411632.2083242274820804595947265625000000000000
-2475648.6981856836937367916107177734375000000000
-6838822.9855033103376626968383789062500000000000
1461095.0470799540635198354721069335937500000000
1076381.6795823615975677967071533203125000000000
-4002924.0195638537406921386718750000000000000000
7645175.8101194174960255622863769531250000000000
-2937983.0395288835279643535614013671875000000000
1493434.2679609572514891624450683593750000000000
-3930292.0077412240207195281982421875000000000000
-6280838.7644348349422216415405273437500000000000
7469981.7139978213235735893249511718750000000000
-2728982.0958945984020829200744628906250000000000
-1002030.2692457725061103701591491699218750000000
-1032541.2002278552390635013580322265625000000000
3358750.1957846689037978649139404296875000000000
3338416.7777231605723500251770019531250000000000
-8530735.2185412310063838958740234375000000000000
5263.3431775679382553789764642715454101562500
2547039.8114023655652999877929687500000000000000
298156.0738129166420549154281616210937500000000
-2295699.6975290756672620773315429687500000000000
-10372774.4412350449711084365844726562500000000000
2785351.2258544852957129478454589843750000000000
8867783.2791243847459554672241210937500000000000
2482868.0840412219986319541931152343750000000000
-6591862.7623692750930786132812500000000000000000
-6599124.3683646265417337417602539062500000000000
1414714.3055458955932408571243286132812500000000
5286210.1251210458576679229736328125000000000000
706186.2149020862998440861701965332031250000000
-364506.7117610845598392188549041748046875000000
11723440.2863040007650852203369140625000000000000
-2225828.5901946094818413257598876953125000000000
4027758.8329940745607018470764160156250000000000
2558881.2523557548411190509796142578125000000000
-3373407.7188013293780386447906494140625000000000
-3828590.6744028949178755283355712890625000000000
4436848.8336195340380072593688964843750000000000
1228446.8001901262905448675155639648437500000000
1621966.9170552615541964769363403320312500000000
3153478.5791232003830373287200927734375000000000
3987507.9715302949771285057067871093750000000000
2693695.1574170254170894622802734375000000000000
-3311361.5581775382161140441894531250000000000000
3624951.9567139763385057449340820312500000000000
1892439.4937519363593310117721557617187500000000
-1630000.1498243627138435840606689453125000000000
-8460090.5806499850004911422729492187500000000000
5343798.6058321688324213027954101562500000000000
2099753.4222723771817982196807861328125000000000
6079113.8834610264748334884643554687500000000000
-13129238.2297656312584877014160156250000000000000
-998818.5665899619925767183303833007812500000000
-7233524.8622590685263276100158691406250000000000
-2129700.6272666687145829200744628906250000000000
-2954365.9004133143462240695953369140625000000000
-9143862.2786085195839405059814453125000000000000
-1956236.5459688415285199880599975585937500000000
-240806.2479123875091318041086196899414062500000
6988253.5320713780820369720458984375000000000000
4311386.4743288327008485794067382812500000000000
5860932.4761786349117755889892578125000000000000
-4983902.1512652970850467681884765625000000000000
-4741015.0736609557643532752990722656250000000000
1511704.0261136300396174192428588867187500000000
5648222.8846451919525861740112304687500000000000
-4138016.0790053475648164749145507812500000000000
13585532.2584986854344606399536132812500000000000
159784.6328787795209791511297225952148437500000
-10505914.5441175270825624465942382812500000000000
-4729656.9851330583915114402770996093750000000000
-2334090.0428714230656623840332031250000000000000
3756687.0685762814246118068695068359375000000000
-2415952.5702463267371058464050292968750000000000
522559.3867391010280698537826538085937500000000
-7949081.6081288252025842666625976562500000000000
3123708.5791389909572899341583251953125000000000
-10971554.8679915722459554672241210937500000000000
-13220827.1947647091001272201538085937500000000000
7119928.4011945510283112525939941406250000000000
5723757.6230568699538707733154296875000000000000
2101379.9428704935126006603240966796875000000000
4021151.8776438166387379169464111328125000000000
4748075.6267094640061259269714355468750000000000
-4922488.2649905951693654060363769531250000000000
4578863.9040089687332510948181152343750000000000
3056564.0940445065498352050781250000000000000000
4738162.1164739103987812995910644531250000000000
3216696.2559900791384279727935791015625000000000
136303.0572643267805688083171844482421875000000
4102444.9844244956038892269134521484375000000000
1992501.4677235647104680538177490234375000000000
3094822.6935435482300817966461181640625000000000
1615358.3213610597886145114898681640625000000000
5895577.6963872248306870460510253906250000000000
-390190.3971685026190243661403656005859375000000
3748473.0512668066658079624176025390625000000000
12568291.9274185430258512496948242187500000000000
-6447526.5648537296801805496215820312500000000000
-10714359.8012753464281558990478515625000000000000
-9824876.0368417184799909591674804687500000000000
1966712.8567426411900669336318969726562500000000
-1706705.4105145426001399755477905273437500000000
6356879.8365357723087072372436523437500000000000
919262.9776405778247863054275512695312500000000
-3890923.1506164367310702800750732421875000000000
-12750965.3012144081294536590576171875000000000000
-6943132.6734621869400143623352050781250000000000
-3374032.6861552982591092586517333984375000000000
-9917717.2690268848091363906860351562500000000000
13542188.3359134532511234283447265625000000000000
-5988095.1965570477768778800964355468750000000000
683711.9319875598885118961334228515625000000000
-2229556.3752098861150443553924560546875000000000
5359754.0955029055476188659667968750000000000000
4493332.7877353681251406669616699218750000000000
-2808397.4759110710583627223968505859375000000000
-3617131.5952612147666513919830322265625000000000
3215190.3253516657277941703796386718750000000000
1669857.3692196763586252927780151367187500000000
-13350166.7071003410965204238891601562500000000000
17010673.0177397392690181732177734375000000000000
8235819.2639439394697546958923339843750000000000
1707054.8782928234431892633438110351562500000000
3913101.9389720153994858264923095703125000000000
7907166.8256129929795861244201660156250000000000
-4691356.2594739645719528198242187500000000000000
3759425.5350608862936496734619140625000000000000
-10674426.0624517127871513366699218750000000000000
4566361.1309850485995411872863769531250000000000
8427286.9824688062071800231933593750000000000000
-12079007.0736207161098718643188476562500000000000
5437148.5487817442044615745544433593750000000000
-521586.0179303207551129162311553955078125000000
4209270.7310808496549725532531738281250000000000
-6175076.3754352023825049400329589843750000000000
2325606.9143393659032881259918212890625000000000
-7617473.8422408197075128555297851562500000000000
-8261405.4936718493700027465820312500000000000000
-769992.9592839465476572513580322265625000000000
-2993391.8624332947656512260437011718750000000000
-2890241.0227308440953493118286132812500000000000
12571066.6433314662426710128784179687500000000000
793316.3714490063721314072608947753906250000000
8550278.0841699745506048202514648437500000000000
-481173.8690145824803039431571960449218750000000
-8906901.1095450483262538909912109375000000000000
8195788.4867807738482952117919921875000000000000
386474.5211977316066622734069824218750000000000
5455812.8567370604723691940307617187500000000000
5166647.4230911824852228164672851562500000000000
11133835.0992396883666515350341796875000000000000
-14033310.1870157979428768157958984375000000000000
523703.2643691949779167771339416503906250000000
3141892.9481617598794400691986083984375000000000
-3247423.3309719557873904705047607421875000000000
-12748485.1538228802382946014404296875000000000000
-6756287.1782966339960694313049316406250000000000
3818632.4129654103890061378479003906250000000000
-4647522.4949332270771265029907226562500000000000
-2577840.6595107303000986576080322265625000000000
-4130124.7549084224738180637359619140625000000000
-1906577.6380982901901006698608398437500000000000
5106246.7331920694559812545776367187500000000000
9795428.6753961313515901565551757812500000000000
-10741958.4485129397362470626831054687500000000000
-5056663.8777974937111139297485351562500000000000
2065103.6865664918441325426101684570312500000000
3241075.2768959859386086463928222656250000000000
-1377205.3744301488623023033142089843750000000000
-5822574.5413385462015867233276367187500000000000
-13229986.1089982688426971435546875000000000000000
-15763570.4442835710942745208740234375000000000000
2628499.6601143195293843746185302734375000000000
4834699.1794090215116739273071289062500000000000
8569215.6873846184462308883666992187500000000000
3337330.6127401371486485004425048828125000000000
6229391.8220289591699838638305664062500000000000
13099679.0714433845132589340209960937500000000000
10463951.5568989645689725875854492187500000000000
8676787.6073224153369665145874023437500000000000
-84368.0034013789845630526542663574218750000000
3713697.7936813235282897949218750000000000000000
-1413902.9271939338650554418563842773437500000000
98407.8821879899041960015892982482910156250000
-857916.0960471674334257841110229492187500000000
-1628515.0660665675532072782516479492187500000000
409608.1561233677784912288188934326171875000000
-2080511.8767698269803076982498168945312500000000
-6284929.9697952875867486000061035156250000000000
-19015130.3132213838398456573486328125000000000000
7192748.4482525354251265525817871093750000000000
9455119.1739300768822431564331054687500000000000
14272472.2950417175889015197753906250000000000000
8945937.9424742273986339569091796875000000000000
654622.1660822362173348665237426757812500000000
18565745.7175184041261672973632812500000000000000
7497732.4647826207801699638366699218750000000000
15457037.7583009060472249984741210937500000000000
-2161993.1606494276784360408782958984375000000000
-3081446.0360386804677546024322509765625000000000
-970447.5886819711886346340179443359375000000000
5118035.1941392580047249794006347656250000000000
-20556675.8443163484334945678710937500000000000000
335963.0048345202230848371982574462890625000000
-9014136.9888846296817064285278320312500000000000
-15667616.5143141932785511016845703125000000000000
-6472352.2068124162033200263977050781250000000000
-16760506.4934298675507307052612304687500000000000
3133691.4676606031134724617004394531250000000000
-1511854.3939057006500661373138427734375000000000
-3256891.5022104107774794101715087890625000000000
-5549852.1445754170417785644531250000000000000000
-6067941.5134802609682083129882812500000000000000
-7905234.1060865847393870353698730468750000000000
3155346.4150641015730798244476318359375000000000
3953950.0578279215842485427856445312500000000000
-6700206.1252357568591833114624023437500000000000
-3173172.6926997560076415538787841796875000000000
-8626007.7392367180436849594116210937500000000000
-5862361.7450119433924555778503417968750000000000
7729132.6900607058778405189514160156250000000000
-3018073.2193115898407995700836181640625000000000
-11815454.9063798561692237854003906250000000000000
2834634.2837872887030243873596191406250000000000
-5200918.1284508071839809417724609375000000000000
3991295.0720416358672082424163818359375000000000
-6075463.9219868881627917289733886718750000000000
989202.2282685489626601338386535644531250000000
-4505914.3413348840549588203430175781250000000000
-4704314.2675691982731223106384277343750000000000
-5202360.6264323871582746505737304687500000000000
47412.2992543080617906525731086730957031250000
-5381194.0112537210807204246520996093750000000000
16847901.9353497438132762908935546875000000000000
-8522035.1701839454472064971923828125000000000000
3340552.3541105571202933788299560546875000000000
-5709386.8868744485080242156982421875000000000000
-223598.3968642802501562982797622680664062500000
3093745.1775338901206851005554199218750000000000
10052373.2409825176000595092773437500000000000000
-10564945.5049642398953437805175781250000000000000
3384735.6547077619470655918121337890625000000000
25935385.8984888009727001190185546875000000000000
-7739216.4492962146177887916564941406250000000000
18410491.0708295777440071105957031250000000000000
15975330.3287717793136835098266601562500000000000
14946526.8343824576586484909057617187500000000000
-3345260.9264205289073288440704345703125000000000
2049758.3641072986647486686706542968750000000000
-6720353.2037542331963777542114257812500000000000
2185745.3759907577186822891235351562500000000000
-8339389.5174565417692065238952636718750000000000
-6048726.1392148844897747039794921875000000000000
580738.9541580079821869730949401855468750000000
9648372.9695226028561592102050781250000000000000
7837546.2295685810968279838562011718750000000000
2321128.6364958011545240879058837890625000000000
-969767.8331271283095702528953552246093750000000
1113432.5224410661030560731887817382812500000000
-8551826.7657060660421848297119140625000000000000
13113711.9957009851932525634765625000000000000000
2934949.9734009709209203720092773437500000000000
-7700631.1552529390901327133178710937500000000000
17364554.2634602747857570648193359375000000000000
-3564848.2516124662943184375762939453125000000000
6014994.8695055823773145675659179687500000000000
-3553217.9071548520587384700775146484375000000000
-11678702.5901879258453845977783203125000000000000
-1692404.1286538862623274326324462890625000000000
2211283.9836500030942261219024658203125000000000
1075687.0290772165171802043914794921875000000000
658851.3127609982620924711227416992187500000000
2000373.2721227626316249370574951171875000000000
-311995.5479410155676305294036865234375000000000
5754870.4033590788021683692932128906250000000000
-8478094.4679672252386808395385742187500000000000
721990.4461329886689782142639160156250000000000
-4894029.8839153507724404335021972656250000000000
-745655.0305680566234514117240905761718750000000
8314419.2229769360274076461791992187500000000000
-5617765.0746729150414466857910156250000000000000
10581192.2526634428650140762329101562500000000000
-13861090.2343573365360498428344726562500000000000
17565980.9535549767315387725830078125000000000000
-3051800.7248021289706230163574218750000000000000
908887.1071153138764202594757080078125000000000
3859387.0523276776075363159179687500000000000000
316072.0557888714247383177280426025390625000000
6098325.6888650814071297645568847656250000000000
-11785849.1969257183372974395751953125000000000000
10775675.3778386358171701431274414062500000000000
16157243.5511669870465993881225585937500000000000
1797923.2339320492465049028396606445312500000000
-2204755.2904194295406341552734375000000000000000
3955242.2184483767487108707427978515625000000000
14889491.0640007741749286651611328125000000000000
2587819.9403441534377634525299072265625000000000
-733942.2114839843707159161567687988281250000000
-7581296.7493163496255874633789062500000000000000
5367347.2574389316141605377197265625000000000000
-13689269.9054218903183937072753906250000000000000
-12996000.5125825125724077224731445312500000000000
-5252775.5955460146069526672363281250000000000000
-3113757.8737508626654744148254394531250000000000
-24363819.3462276831269264221191406250000000000000
-4146789.6505725104361772537231445312500000000000
10414721.2686726842075586318969726562500000000000
-5379756.3901530830189585685729980468750000000000
-17018545.1670312918722629547119140625000000000000
-6378479.5417484026402235031127929687500000000000
-4403781.6087235100567340850830078125000000000000
-3383886.2493066098541021347045898437500000000000
10734145.2429670356214046478271484375000000000000
-20544334.6850140802562236785888671875000000000000
-2814371.8002812773920595645904541015625000000000
13238578.7555951979011297225952148437500000000000
-5619003.2025536615401506423950195312500000000000
-9086965.7907716520130634307861328125000000000000
19046168.0022514872252941131591796875000000000000
-6520194.0053503373637795448303222656250000000000
-2441176.5107929664663970470428466796875000000000
7720554.5024132309481501579284667968750000000000
-13939850.1481795869767665863037109375000000000000
8087604.9662466803565621376037597656250000000000
3460549.6080683288164436817169189453125000000000
890936.6864775659050792455673217773437500000000
7726483.6895896634086966514587402343750000000000
-6680303.6251112120226025581359863281250000000000
9011600.6067801844328641891479492187500000000000
-2847882.0609813965857028961181640625000000000000
14896063.2137508578598499298095703125000000000000
-4875848.7978124674409627914428710937500000000000
-8656000.3496979624032974243164062500000000000000
-6546084.2420751731842756271362304687500000000000
4580871.6254005236551165580749511718750000000000
11944284.4443579260259866714477539062500000000000
-965603.5399441823828965425491333007812500000000
-17888451.0656443051993846893310546875000000000000
29441846.3076003715395927429199218750000000000000
6834730.7071539163589477539062500000000000000000
-8855682.1598144825547933578491210937500000000000
-2048755.7605740211438387632369995117187500000000
-13917926.1774145513772964477539062500000000000000
9498422.6056231725960969924926757812500000000000
11335584.7181777954101562500000000000000000000000
176556.7495917156338691711425781250000000000000
9790089.3183074481785297393798828125000000000000
-108094.1661335899698315188288688659667968750000
-198323.5392442660231608897447586059570312500000
-11123050.6083525847643613815307617187500000000000
-5901231.2936407029628753662109375000000000000000
-298547.4817036997992545366287231445312500000000
11210060.2169927880167961120605468750000000000000
8150030.7285112282261252403259277343750000000000
-7580533.3088359851390123367309570312500000000000
-6639918.4029142651706933975219726562500000000000
5561340.0663992566987872123718261718750000000000
-6724988.0841478826478123664855957031250000000000
5927063.4564825221896171569824218750000000000000
-2738185.5283654835075139999389648437500000000000
-10126247.4588189106434583663940429687500000000000
-299843.7374822375131770968437194824218750000000
2934993.3231990658678114414215087890625000000000
4828183.7736498434096574783325195312500000000000
-4556002.7436225069686770439147949218750000000000
1163246.7474322058260440826416015625000000000000
2222732.9143075114116072654724121093750000000000
3563926.2559503265656530857086181640625000000000
-6216074.2677698861807584762573242187500000000000
7874158.5794069785624742507934570312500000000000
6190083.6284824032336473464965820312500000000000
-12008163.6436187494546175003051757812500000000000
-21045912.6633385531604290008544921875000000000000
16894954.5860709697008132934570312500000000000000
97108.2047744602459715679287910461425781250000
-6977021.7850069990381598472595214843750000000000
-3382380.5320684444159269332885742187500000000000
-1728881.4715576551388949155807495117187500000000
-20433260.3147593885660171508789062500000000000000
8617488.4590735621750354766845703125000000000000
9684692.6350096035748720169067382812500000000000
3018560.8820234928280115127563476562500000000000
12906958.4536366648972034454345703125000000000000
-6124988.3498980393633246421813964843750000000000
-5503674.4458773396909236907958984375000000000000
505021.4948459345032460987567901611328125000000
-17059299.7898065634071826934814453125000000000000
1615314.7733708831947296857833862304687500000000
6021467.6787160942330956459045410156250000000000
-6621579.7657146714627742767333984375000000000000
-3552945.1006229794584214687347412109375000000000
-18190428.1335543952882289886474609375000000000000
-315173.1618018440785817801952362060546875000000
3241438.3944843220524489879608154296875000000000
-5542858.8001594068482518196105957031250000000000
20689446.3903938606381416320800781250000000000000
-6996369.7938741249963641166687011718750000000000
-14741286.3823770023882389068603515625000000000000
524910.4998235466191545128822326660156250000000
-8343513.5271535357460379600524902343750000000000
-16160468.4952988605946302413940429687500000000000
2672017.5086494525894522666931152343750000000000
-4652184.4445814881473779678344726562500000000000
-1312776.1605849580373615026473999023437500000000
-3339272.8742385366931557655334472656250000000000
-850488.7506103484192863106727600097656250000000
17173498.4665042385458946228027343750000000000000
24435557.6171504296362400054931640625000000000000
9638463.7686319313943386077880859375000000000000
5293777.0044017061591148376464843750000000000000
14120540.8244175519794225692749023437500000000000
-11829271.1832015980035066604614257812500000000000
-13885303.9298245217651128768920898437500000000000
3717202.6491629108786582946777343750000000000000
-1445472.8041081423871219158172607421875000000000
1047044.6936767618171870708465576171875000000000
11161820.3827607743442058563232421875000000000000
-6300954.6889400510117411613464355468750000000000
6556022.2719962596893310546875000000000000000000
-621630.3913935099262744188308715820312500000000
7573623.5924093499779701232910156250000000000000
-4798154.3202541517093777656555175781250000000000
9583405.0250028260052204132080078125000000000000
4407681.3744595265015959739685058593750000000000
-20800093.5331399291753768920898437500000000000000
-5297253.9676789036020636558532714843750000000000
889697.6620857303496450185775756835937500000000
-4412852.5955902049317955970764160156250000000000
-9914674.8329143449664115905761718750000000000000
13455330.0303028058260679244995117187500000000000
-7269146.3830711077898740768432617187500000000000
16237408.9837012123316526412963867187500000000000
-3229180.7964524212293326854705810546875000000000
3786135.7187900026328861713409423828125000000000
5623927.7912006061524152755737304687500000000000
-6567013.0406303377822041511535644531250000000000
11397789.3249732479453086853027343750000000000000
-1879909.5416640338953584432601928710937500000000
3104639.8006283966824412345886230468750000000000
8577531.7284397203475236892700195312500000000000
-5205241.3623004201799631118774414062500000000000
-1179283.0221522385254502296447753906250000000000
1227905.4353715979959815740585327148437500000000
4417539.6891679884865880012512207031250000000000
476086.3317263321368955075740814208984375000000
-5192713.1802347218617796897888183593750000000000
13931146.3744027968496084213256835937500000000000
-7998019.5684798192232847213745117187500000000000
11185398.5366216208785772323608398437500000000000
-1902360.7768683850299566984176635742187500000000
1576369.0371428565122187137603759765625000000000
3079016.2960325861349701881408691406250000000000
16783471.8846687898039817810058593750000000000000
-5667969.9667699644342064857482910156250000000000
16983975.9961431398987770080566406250000000000000
-17082838.5813525430858135223388671875000000000000
-4103547.4482913878746330738067626953125000000000
8654209.2600845769047737121582031250000000000000
-4440834.1368951592594385147094726562500000000000
-13383.2120915419618540909141302108764648437500
-3907347.8392789093777537345886230468750000000000
-11045259.1442965455353260040283203125000000000000
1398741.6548053452279418706893920898437500000000
4763535.0209767576307058334350585937500000000000
11854943.2764303591102361679077148437500000000000
2707363.0788009208627045154571533203125000000000
-381763.4787424756214022636413574218750000000000
6998029.9869276005774736404418945312500000000000
-3532853.3282969235442578792572021484375000000000
-10323709.0344615336507558822631835937500000000000
-2374555.1763435197062790393829345703125000000000
-447430.7938543308409862220287322998046875000000
-3902683.4611082482151687145233154296875000000000
-11361108.6984233502298593521118164062500000000000
1141401.3922276804223656654357910156250000000000
955334.6284322380088269710540771484375000000000
4825461.9342328468337655067443847656250000000000
1440699.2788555307779461145401000976562500000000
36665.6818419957344303838908672332763671875000
-2562737.4980194810777902603149414062500000000000
6042988.2735848324373364448547363281250000000000
-652594.7235186690231785178184509277343750000000
7300106.4219184443354606628417968750000000000000
-11795207.3143898397684097290039062500000000000000
-4411366.3440033346414566040039062500000000000000
-421544.3857662671362049877643585205078125000000
3680903.2363244229927659034729003906250000000000
-2576408.8348703286610543727874755859375000000000
-11634474.5371617078781127929687500000000000000000
16257476.0184681899845600128173828125000000000000
9717416.1130277849733829498291015625000000000000
7919381.9334948249161243438720703125000000000000
-7685082.2667267760261893272399902343750000000000
-1545912.8891401288565248250961303710937500000000
2076874.7081349052023142576217651367187500000000
-2426162.6715508354827761650085449218750000000000
902534.9150425971020013093948364257812500000000
-8859141.6551686115562915802001953125000000000000
8570630.7460238039493560791015625000000000000000
-2993011.6754883374087512493133544921875000000000
-2451935.2862798999994993209838867187500000000000
-514068.1965615625958889722824096679687500000000
-1617883.3569017669651657342910766601562500000000
5180419.5839883228763937950134277343750000000000
1364035.6899470917414873838424682617187500000000
-4130089.1280388464219868183135986328125000000000
-13526906.1682640016078948974609375000000000000000
287426.2325073385145515203475952148437500000000
4714634.5900543415918946266174316406250000000000
-7726456.4444282464683055877685546875000000000000
3967499.7534676697105169296264648437500000000000
-5613505.3542723096907138824462890625000000000000
2502833.9603323377668857574462890625000000000000
-1742183.7722313338890671730041503906250000000000
7924902.0603717891499400138854980468750000000000
343316.1196805128711275756359100341796875000000
-6309605.7462964141741394996643066406250000000000
12439164.2298374585807323455810546875000000000000
-22578.9109325392782920971512794494628906250000
1798136.1305309729650616645812988281250000000000
-3250570.8432227387093007564544677734375000000000
-2780829.7563243904151022434234619140625000000000
385663.4011775379185564815998077392578125000000
-3314084.7375703570432960987091064453125000000000
-4718994.9494077647104859352111816406250000000000
4111312.4968692488037049770355224609375000000000
-689654.9836979459505528211593627929687500000000
-5711243.6333242869004607200622558593750000000000
1060865.3275368867907673120498657226562500000000
3007465.9939216077327728271484375000000000000000
9428285.5385652258992195129394531250000000000000
3814604.7406688621267676353454589843750000000000
-3689411.6510182372294366359710693359375000000000
-1381492.3769327756017446517944335937500000000000
1481977.0734966681338846683502197265625000000000
13040454.3480894826352596282958984375000000000000
-1894268.4824238047003746032714843750000000000000
1440483.9691685857251286506652832031250000000000
-11026399.0163066312670707702636718750000000000000
-10879962.6837240420281887054443359375000000000000
-4582678.3961695730686187744140625000000000000000
3019257.4280342939309775829315185546875000000000
2650369.5601762859150767326354980468750000000000
-4595653.4482541074976325035095214843750000000000
-7024743.8979618232697248458862304687500000000000
-3483668.8085370678454637527465820312500000000000
5658933.8231596546247601509094238281250000000000
7920970.6743951234966516494750976562500000000000
5187828.2484563337638974189758300781250000000000
-3061110.8006848120130598545074462890625000000000
6860770.6335914377123117446899414062500000000000
2763781.9794003302231431007385253906250000000000
-4624248.4925195667892694473266601562500000000000
-2237453.1472350056283175945281982421875000000000
-6292150.2458232063800096511840820312500000000000
1430887.7637884921859949827194213867187500000000
-4824083.7855989625677466392517089843750000000000
-1745725.7050770933274179697036743164062500000000
-1673832.4385679000988602638244628906250000000000
2059631.5061241886578500270843505859375000000000
-8413926.7385502811521291732788085937500000000000
3267211.7928537772968411445617675781250000000000
4829555.4614213695749640464782714843750000000000
4339421.5090521974489092826843261718750000000000
-7211982.1148990960791707038879394531250000000000
2239408.6174192684702575206756591796875000000000
10922170.7269329261034727096557617187500000000000
-11792136.5389847345650196075439453125000000000000
-2474963.7506849067285656929016113281250000000000
-622447.1215967574389651417732238769531250000000
1617994.5518582388758659362792968750000000000000
-7411043.9029133096337318420410156250000000000000
1739623.9602140949573367834091186523437500000000
-7751913.5253013148903846740722656250000000000000
2486554.1361227864399552345275878906250000000000
10329976.5915321800857782363891601562500000000000
-8905221.4263736661523580551147460937500000000000
7325929.7308252835646271705627441406250000000000
807824.5915262319613248109817504882812500000000
-2217349.7982105347327888011932373046875000000000
-12477661.7692001219838857650756835937500000000000
-5153279.8279924085363745689392089843750000000000
-477104.4865224111126735806465148925781250000000
-6473354.6820619255304336547851562500000000000000
-3644662.4636541525833308696746826171875000000000
3793406.7878706916235387325286865234375000000000
-909419.3142965816659852862358093261718750000000
-8318010.2735276855528354644775390625000000000000
-4103673.1650470695458352565765380859375000000000
7747401.4377725878730416297912597656250000000000
-45220.8701859331049490720033645629882812500000
9695025.0867585875093936920166015625000000000000
-2575085.6197099522687494754791259765625000000000
11395921.3508665971457958221435546875000000000000
7149979.7815458299592137336730957031250000000000
-7482016.8463224908336997032165527343750000000000
10228831.6024527214467525482177734375000000000000
-4647688.3082735342904925346374511718750000000000
3793242.0707689542323350906372070312500000000000
5316605.7207741066813468933105468750000000000000
2535823.6686848644167184829711914062500000000000
4438690.7419372359290719032287597656250000000000
331836.0606809345190413296222686767578125000000
-3217286.0730447391979396343231201171875000000000
-5295223.3665212318301200866699218750000000000000
-3573593.9893744173459708690643310546875000000000
-1958885.5463101514615118503570556640625000000000
-2694467.3296273369342088699340820312500000000000
-1675856.9125329051166772842407226562500000000000
-47261.7514525679580401629209518432617187500000
5010878.8767078863456845283508300781250000000000
1251598.2536677627358585596084594726562500000000
-2453937.9218313200399279594421386718750000000000
11434128.9380352534353733062744140625000000000000
1241414.0436351671814918518066406250000000000000
5744432.0511247618123888969421386718750000000000
2719172.4737868355587124824523925781250000000000
-9194209.0599861312657594680786132812500000000000
-4955792.8289935365319252014160156250000000000000
11356750.7344448473304510116577148437500000000000
-10919714.2999624386429786682128906250000000000000
-4875332.4262927714735269546508789062500000000000
191499.4710733049723785370588302612304687500000
-3954709.7839010297320783138275146484375000000000
101037.8342199082981096580624580383300781250000
-8360683.9734099246561527252197265625000000000000
-408562.7037468794733285903930664062500000000000
1555267.3057128679938614368438720703125000000000
755604.0898528567049652338027954101562500000000
2217560.8808673773892223834991455078125000000000
5870756.2405350944027304649353027343750000000000
787207.0051847848808392882347106933593750000000
-7557457.7940049786120653152465820312500000000000
-4712070.3094951938837766647338867187500000000000
13293.9486485093511873856186866760253906250000
-4574887.0896730339154601097106933593750000000000
-1707516.1910139727406203746795654296875000000000
-693346.7868574592284858226776123046875000000000
8726649.0588396303355693817138671875000000000000
-4141896.0518566169776022434234619140625000000000
4776417.7081859428435564041137695312500000000000
323791.0410862830467522144317626953125000000000
1729772.7149599285330623388290405273437500000000
2206426.8307386981323361396789550781250000000000
675459.6652275377418845891952514648437500000000
4580752.0040315333753824234008789062500000000000
2094257.0251158957835286855697631835937500000000
-4065117.1406681854277849197387695312500000000000
5872440.2984050596132874488830566406250000000000
2675254.5692992755211889743804931640625000000000
838081.8604749905643984675407409667968750000000
3036875.5557996286079287528991699218750000000000
3738588.7417954420670866966247558593750000000000
3424408.6082285474985837936401367187500000000000
-1363196.9020821927115321159362792968750000000000
-4187506.0589463245123624801635742187500000000000
-364218.8865560622070915997028350830078125000000
481284.9594718793523497879505157470703125000000
763828.9801776455715298652648925781250000000000
10190573.9228709470480680465698242187500000000000
-712437.7077221990330144762992858886718750000000
-1995813.6718853379134088754653930664062500000000
6765519.6704767188057303428649902343750000000000
-2282683.1350125111639499664306640625000000000000
8617494.7825074326246976852416992187500000000000
4430146.9196183132007718086242675781250000000000
-7860455.7213256908580660820007324218750000000000
-3369828.7496441332623362541198730468750000000000
-6305211.9558598194271326065063476562500000000000
4460362.7934693992137908935546875000000000000000
1397011.3882776468526571989059448242187500000000
2088969.7456524611916393041610717773437500000000
-144834.4485805188305675983428955078125000000000
-9413459.4460035432130098342895507812500000000000
5355844.2455535205081105232238769531250000000000
901609.1205388265661895275115966796875000000000
414492.5924676148570142686367034912109375000000
-7987940.2908524116501212120056152343750000000000
-1607358.0142107207793742418289184570312500000000
1508242.5001665514428168535232543945312500000000
-5614268.7213306035846471786499023437500000000000
-3490166.0831866231746971607208251953125000000000
-778444.9360408148495480418205261230468750000000
6752800.8167564142495393753051757812500000000000
2439044.2497062836773693561553955078125000000000
3711764.2074190201237797737121582031250000000000
2046375.0012470684014260768890380859375000000000
1108178.8807910946197807788848876953125000000000
-3163370.8842707327567040920257568359375000000000
-6291753.6675042258575558662414550781250000000000
-6547009.9385649887844920158386230468750000000000
5490709.9172065053135156631469726562500000000000
576598.5360033598262816667556762695312500000000
-1543410.2251687212847173213958740234375000000000
-7206072.4159587612375617027282714843750000000000
-10615974.5515896286815404891967773437500000000000
333331.6594971629674546420574188232421875000000
2769984.9112853202968835830688476562500000000000
700636.7360415717121213674545288085937500000000
880934.0034381436416879296302795410156250000000
412155.9036850799457170069217681884765625000000
1501796.9808977181091904640197753906250000000000
-2410756.9760399386286735534667968750000000000000
3474826.0367400553077459335327148437500000000000
-5047876.3585758889093995094299316406250000000000
-1406067.4439765287097543478012084960937500000000
1723298.3021934085991233587265014648437500000000
-4319777.0498132966458797454833984375000000000000
-529129.3617370441788807511329650878906250000000
-6012144.5365795996040105819702148437500000000000
5541345.5583817679435014724731445312500000000000
1029504.5796175309224054217338562011718750000000
535848.2285834581125527620315551757812500000000
-1394953.1480869413353502750396728515625000000000
408371.6479077088879421353340148925781250000000
-941511.8646419642027467489242553710937500000000
-1227821.8023857604712247848510742187500000000000
9360086.6110840272158384323120117187500000000000
643396.4630300129065290093421936035156250000000
733951.5923993128817528486251831054687500000000
3272851.3572690794244408607482910156250000000000
-1483346.5879311866592615842819213867187500000000
-3601767.5645148609764873981475830078125000000000
9973306.7110461164265871047973632812500000000000
-10351186.9310900382697582244873046875000000000000
8454951.3268816918134689331054687500000000000000
-3693522.3187595899216830730438232421875000000000
-640691.2170447857351973652839660644531250000000
-2029114.4644474526867270469665527343750000000000
783109.4320983805228024721145629882812500000000
409092.1348075033747591078281402587890625000000
4186331.3203741377219557762145996093750000000000
-3746314.3758914098143577575683593750000000000000
4294167.6290469421073794364929199218750000000000
-6468211.2036398435011506080627441406250000000000
-685454.3846746659837663173675537109375000000000
-477142.0760843291063793003559112548828125000000
482905.4488820037804543972015380859375000000000
7706996.4697354119271039962768554687500000000000
-2319946.3068783469498157501220703125000000000000
4357348.5824704393744468688964843750000000000000
-2774471.6892393222078680992126464843750000000000
-445213.8048855310771614313125610351562500000000
-4598679.0879413960501551628112792968750000000000
169416.6410405516799073666334152221679687500000
-580475.0459594638086855411529541015625000000000
2968069.2324677910655736923217773437500000000000
-2511047.2244942188262939453125000000000000000000
-1478471.0171281869988888502120971679687500000000
-2973656.0110594285652041435241699218750000000000
1382734.9871359399985522031784057617187500000000
3508123.9093080186285078525543212890625000000000
1639090.2478920780122280120849609375000000000000
5450438.1912995781749486923217773437500000000000
-3802864.0340162804350256919860839843750000000000
2812835.9700055452995002269744873046875000000000
7188565.7227064808830618858337402343750000000000
5762992.9639540417119860649108886718750000000000
-3202489.8365906891413033008575439453125000000000
2481763.4996130014769732952117919921875000000000
-2090962.5129937310703098773956298828125000000000
-492164.1176039823913015425205230712890625000000
-3349044.1292858286760747432708740234375000000000
-55772.1179323127726092934608459472656250000000
3780147.9989651930518448352813720703125000000000
3695562.0855668410658836364746093750000000000000
-1790776.3182017074432224035263061523437500000000
2338352.9080876512452960014343261718750000000000
-2007953.6868102748412638902664184570312500000000
4365719.2460179664194583892822265625000000000000
1340751.5192750501446425914764404296875000000000
2040539.3627588695380836725234985351562500000000
-236620.2228115363395772874355316162109375000000
-1659071.9586760499514639377593994140625000000000
4601017.9822228373959660530090332031250000000000
-6336855.5370092876255512237548828125000000000000
-996134.6586805117549374699592590332031250000000
461323.7029926062095910310745239257812500000000
1859701.4319965830072760581970214843750000000000
893906.4804817059775814414024353027343750000000
-4725445.6145551893860101699829101562500000000000
2799101.2736328211612999439239501953125000000000
1363602.8156280016992241144180297851562500000000
896995.8757746788905933499336242675781250000000
2333671.4447335177101194858551025390625000000000
-1291992.2163751199841499328613281250000000000000
7461451.1978895300999283790588378906250000000000
232780.0280534673656802624464035034179687500000
4454153.4710039012134075164794921875000000000000
-2606841.8945673722773790359497070312500000000000
1581368.1370797751005738973617553710937500000000
1685639.5328499388415366411209106445312500000000
4091041.9421884501352906227111816406250000000000
-3656802.2667999756522476673126220703125000000000
-1968800.1185106660705059766769409179687500000000
-2722744.9604256148450076580047607421875000000000
-553578.5822480474598705768585205078125000000000
-1666922.7066271090880036354064941406250000000000
5531324.5492366878315806388854980468750000000000
-3051241.1003652159124612808227539062500000000000
-248380.8656533611647319048643112182617187500000
-5341809.2005096469074487686157226562500000000000
-1447137.6298658233135938644409179687500000000000
208420.9790102778060827404260635375976562500000
-1339231.0230358203407377004623413085937500000000
-1796971.9944430324248969554901123046875000000000
-369502.4984966483898460865020751953125000000000
-1055915.9310140870511531829833984375000000000000
-5532906.8337131934240460395812988281250000000000
3543232.6045663543045520782470703125000000000000
768826.7664731785189360380172729492187500000000
-6093557.7940060431137681007385253906250000000000
-2434412.8650756441056728363037109375000000000000
-1973399.6375585619825869798660278320312500000000
2300156.1793132759630680084228515625000000000000
2372563.0379000906832516193389892578125000000000
636662.4743277677334845066070556640625000000000
-2824900.5270535801537334918975830078125000000000
-277861.9569405932561494410037994384765625000000
2668679.3913413588888943195343017578125000000000
2349305.1383872632868587970733642578125000000000
608487.0017260441090911626815795898437500000000
-2935000.2763693542219698429107666015625000000000
-3274333.7902407729998230934143066406250000000000
-1844064.4927804258186370134353637695312500000000
686011.6943738852860406041145324707031250000000
1124963.4957311190664768218994140625000000000000
2506581.2202292643487453460693359375000000000000
-5287674.4807384014129638671875000000000000000000
-2206764.4009402859956026077270507812500000000000
2917539.8787170164287090301513671875000000000000
691111.2719869989668950438499450683593750000000
826237.2057713406393304467201232910156250000000
-2492548.7172661479562520980834960937500000000000
145746.7584690930380020290613174438476562500000
-2901630.7011037878692150115966796875000000000000
-3274099.7216036431491374969482421875000000000000
247117.9415715560026001185178756713867187500000
-1956670.1483013366814702749252319335937500000000
-365646.7712494845036417245864868164062500000000
-5071929.6554552996531128883361816406250000000000
-2196826.4018996688537299633026123046875000000000
23643.5426822664230712689459323883056640625000
2007671.3049104632809758186340332031250000000000
-3790056.4750859532505273818969726562500000000000
-109854.1539049303828505799174308776855468750000
-896563.0446521450066938996315002441406250000000
2138560.3892582440748810768127441406250000000000
1055831.6724874684587121009826660156250000000000
806977.7305050067370757460594177246093750000000
1179473.2033471611794084310531616210937500000000
873541.9648058621678501367568969726562500000000
134889.5591010923089925199747085571289062500000
1495697.7400505407713353633880615234375000000000
-275654.8442299398593604564666748046875000000000
1216781.4663901862222701311111450195312500000000
-2607167.3517165151424705982208251953125000000000
1672934.1034081401303410530090332031250000000000
-1132340.7206198659259825944900512695312500000000
-2228635.5509384134784340858459472656250000000000
703154.6944424710236489772796630859375000000000
3245244.3669508728198707103729248046875000000000
1961038.7386494677048176527023315429687500000000
-760431.7832397032761946320533752441406250000000
1371273.4732444155961275100708007812500000000000
-819052.3400242459028959274291992187500000000000
-2002838.7922809289302676916122436523437500000000
-1222188.6375845680013298988342285156250000000000
1287049.7125387568958103656768798828125000000000
-1057052.9334044032730162143707275390625000000000
-1712470.5365990332793444395065307617187500000000
3034646.8759168363176286220550537109375000000000
1681710.3326108059845864772796630859375000000000
-2579434.6134151252917945384979248046875000000000
-2655968.8298035776242613792419433593750000000000
966470.7187695582397282123565673828125000000000
-92017.3743675576261011883616447448730468750000
-2510005.9283534903079271316528320312500000000000
2099978.7285181228071451187133789062500000000000
-606487.7246043140767142176628112792968750000000
5337370.9899781569838523864746093750000000000000
272948.8934402861632406711578369140625000000000
124924.9070912688184762373566627502441406250000
2896553.0853386432863771915435791015625000000000
-1623688.4356876839883625507354736328125000000000
-2130000.8665318512357771396636962890625000000000
-1872099.9916126457974314689636230468750000000000
-3303010.8833905551582574844360351562500000000000
-463247.1648387568420730531215667724609375000000
3556529.8353718435391783714294433593750000000000
512128.0863192080869339406490325927734375000000
1916459.6632232712581753730773925781250000000000
-585203.9224789207801222801208496093750000000000
3991303.0051286169327795505523681640625000000000
1630639.3346403706818819046020507812500000000000
-2755306.0719203003682196140289306640625000000000
4283010.2452999968081712722778320312500000000000
1946499.6537391124293208122253417968750000000000
-4509003.4899849100038409233093261718750000000000
3600501.3477347479201853275299072265625000000000
-515780.7850966037367470562458038330078125000000
3325334.0389402587898075580596923828125000000000
-534753.0847084713168442249298095703125000000000
1634963.0178181922528892755508422851562500000000
1375732.6531404152046889066696166992187500000000
-98342.1877859607484424486756324768066406250000
-1257333.5316270312760025262832641601562500000000
-1023936.2534340241691097617149353027343750000000
-1981380.4766354130115360021591186523437500000000
-633246.6308483805041760206222534179687500000000
4899230.2658539824187755584716796875000000000000
-570149.3732412895187735557556152343750000000000
-3568069.8140441407449543476104736328125000000000
-3456872.0388282001949846744537353515625000000000
-1291183.6258891604375094175338745117187500000000
-1387912.3744973933789879083633422851562500000000
871958.7065525560174137353897094726562500000000
1008394.3474915109109133481979370117187500000000
167813.4546530671359505504369735717773437500000
2129344.5397290848195552825927734375000000000000
607304.9477093296591192483901977539062500000000
-221479.4771860071923583745956420898437500000000
-1267588.4249671639408916234970092773437500000000
981353.0874961138470098376274108886718750000000
-2756249.7752525680698454380035400390625000000000
1503388.2920343915466219186782836914062500000000
-1213604.0842434319201856851577758789062500000000
-2651983.5176696442067623138427734375000000000000
-4370083.1784259267151355743408203125000000000000
902290.1065958089893683791160583496093750000000
109440.1001448865426937118172645568847656250000
-1228895.0350018523167818784713745117187500000000
-1368352.2407309666741639375686645507812500000000
-1188587.6642998359166085720062255859375000000000
-1317287.3122615877073258161544799804687500000000
1056196.0980016493704169988632202148437500000000
183849.9562877113057766109704971313476562500000
734213.3603572846623137593269348144531250000000
-679128.3571088487515226006507873535156250000000
539015.7669815509580075740814208984375000000000
1398494.4126238250173628330230712890625000000000
274889.7993491602828726172447204589843750000000
1135904.2052063350565731525421142578125000000000
-2810088.8127220035530626773834228515625000000000
2040923.7687196307815611362457275390625000000000
-186306.0321936960681341588497161865234375000000
-350074.6137131585273891687393188476562500000000
1804655.5872027159202843904495239257812500000000
-799867.0101135249715298414230346679687500000000
-1898890.4729614546522498130798339843750000000000
-2517139.1713237417861819267272949218750000000000
1625189.9842801548074930906295776367187500000000
3332268.1070538498461246490478515625000000000000
998330.4156047912547364830970764160156250000000
34764.6194772999297128990292549133300781250000
419718.1776585786719806492328643798828125000000
1831787.2115591119509190320968627929687500000000
-1512938.9135564875323325395584106445312500000000
84002.3659337833087192848324775695800781250000
-28227.6622602766983618494123220443725585937500
3549498.5150687312707304954528808593750000000000
882434.2269303189823403954505920410156250000000
2472392.8719443418085575103759765625000000000000
2837398.8816123795695602893829345703125000000000
-991848.5982431482989341020584106445312500000000
1904470.6959832564461976289749145507812500000000
-1090437.5089021145831793546676635742187500000000
1824391.4880300567019730806350708007812500000000
-1637705.8271064255386590957641601562500000000000
1704283.8148541012778878211975097656250000000000
543117.6964749761391431093215942382812500000000
-1960936.8997703623026609420776367187500000000000
-840409.7289159974316135048866271972656250000000
-157899.2425306179211474955081939697265625000000
310657.0017557905521243810653686523437500000000
-864585.1515445377444848418235778808593750000000
1671972.0559556439984589815139770507812500000000
-404676.4689649494830518960952758789062500000000
1841350.8854673702735453844070434570312500000000
39145.7260402353567769750952720642089843750000
-1339726.6890145200304687023162841796875000000000
1659580.0039050225168466567993164062500000000000
-752691.9193514127982780337333679199218750000000
2385324.8362195766530930995941162109375000000000
-186245.3117846098903100937604904174804687500000
-3174294.6704325941391289234161376953125000000000
-841273.7577678732341155409812927246093750000000
-755827.7084916476160287857055664062500000000000
-304171.7030068809981457889080047607421875000000
1049240.0904619041830301284790039062500000000000
-1826474.6105132105294615030288696289062500000000
1905950.2681574311573058366775512695312500000000
-18093.6084894052473828196525573730468750000000
-435869.8032150353537872433662414550781250000000
-2661844.8892700513824820518493652343750000000000
-889542.8783389619784429669380187988281250000000
-340926.1398895308957435190677642822265625000000
744490.7116999322315678000450134277343750000000
-188948.4623873209930025041103363037109375000000
312053.7991146508138626813888549804687500000000
-1917739.5773877736646682024002075195312500000000
-1257635.1859420305117964744567871093750000000000
-591533.2943145363824442028999328613281250000000
-77098.4247060937050264328718185424804687500000
-136402.7421922280918806791305541992187500000000
77884.2428596330282744020223617553710937500000
-802364.2399112879065796732902526855468750000000
1600193.2768720344174653291702270507812500000000
549025.1785014882916584610939025878906250000000
-232571.7532897112832870334386825561523437500000
354534.8546934847836382687091827392578125000000
-365366.5684263632283546030521392822265625000000
231481.4026514545257668942213058471679687500000
-511801.2530897872638888657093048095703125000000
536119.5087591951014474034309387207031250000000
-787819.2768215637188404798507690429687500000000
-941951.0528885986423119902610778808593750000000
3106660.9573927093297243118286132812500000000000
1938623.1338725097011774778366088867187500000000
-379537.8497980993706732988357543945312500000000
780657.4461679860251024365425109863281250000000
1633045.8335000295192003250122070312500000000000
-719852.8774320819647982716560363769531250000000
2289586.1073663537390530109405517578125000000000
1214927.2504268949851393699645996093750000000000
3448083.6759064947254955768585205078125000000000
-35775.4112087849862291477620601654052734375000
824072.5860838086809962987899780273437500000000
-1443341.9586992477998137474060058593750000000000
-1665205.9193317596800625324249267578125000000000
-397816.6834873394109308719635009765625000000000
-351151.6279135349905118346214294433593750000000
-523515.7207894794992171227931976318359375000000
-105099.7070016381039749830961227416992187500000
-1879025.6813457023818045854568481445312500000000
269826.5422950703068636357784271240234375000000
1572483.3514449081849306821823120117187500000000
869366.2091652676463127136230468750000000000000
479955.7596603547572158277034759521484375000000
-1653754.0991047921124845743179321289062500000000
315690.6765775475651025772094726562500000000000
-777684.5997091024182736873626708984375000000000
1256905.9714803455863147974014282226562500000000
-1085325.9542517948430031538009643554687500000000
812946.0151079915231093764305114746093750000000
-29122.7847090342438605148345232009887695312500
190794.1623687562241684645414352416992187500000
1460959.5193468616344034671783447265625000000000
-1385625.2469582404009997844696044921875000000000
-2585248.6447893534786999225616455078125000000000
-1851997.8808212520089000463485717773437500000000
-771820.9872564935358241200447082519531250000000
-870351.7597236374858766794204711914062500000000
-890532.6286515987012535333633422851562500000000
25761.6054162161381100304424762725830078125000
-1072803.7923684637062251567840576171875000000000
549682.7531317602843046188354492187500000000000
-1176124.0182055486366152763366699218750000000000
268306.1446245844708755612373352050781250000000
1294657.4722966307308524847030639648437500000000
-1057200.6004448577295988798141479492187500000000
-1409830.3225272453855723142623901367187500000000
1180777.2552576260641217231750488281250000000000
-1027186.6348965822253376245498657226562500000000
519549.1879909522831439971923828125000000000000
-1567077.4828220894560217857360839843750000000000
-394231.3394136638380587100982666015625000000000
1023158.0761097170179709792137145996093750000000
-128275.5861072796396911144256591796875000000000
-265582.5044323955080471932888031005859375000000
-2614239.2687057424336671829223632812500000000000
-44458.9355128454553778283298015594482421875000
194360.3507752270670607686042785644531250000000
1130313.9227156026754528284072875976562500000000
-244566.3769774073734879493713378906250000000000
192185.4981983924226369708776473999023437500000
-2283242.8928613211028277873992919921875000000000
591305.3025006760144606232643127441406250000000
83937.0345147641346557065844535827636718750000
811787.8429190014721825718879699707031250000000
665754.4362383031984791159629821777343750000000
1449811.7146201436407864093780517578125000000000
882652.4936223026597872376441955566406250000000
229636.4631787088292185217142105102539062500000
149294.1560644840938039124011993408203125000000
-546407.4488249876303598284721374511718750000000
527110.4119023949606344103813171386718750000000
313523.7206980949849821627140045166015625000000
955502.8474317938089370727539062500000000000000
-1186156.0660422351211309432983398437500000000000
-278902.4230739297927357256412506103515625000000
1212602.8059503049589693546295166015625000000000
-1103279.5194462630897760391235351562500000000000
-141045.1841221476206555962562561035156250000000
-1310744.5014698188751935958862304687500000000000
882907.1535800766432657837867736816406250000000
-324876.3865415527834556996822357177734375000000
2515305.9467723513953387737274169921875000000000
653941.4366878301370888948440551757812500000000
1847461.1204592061694711446762084960937500000000
961730.2649139200802892446517944335937500000000
-223532.4324964120169170200824737548828125000000
-2230212.3642157241702079772949218750000000000000
895851.4561715453164651989936828613281250000000
487833.7838432401767931878566741943359375000000
1344653.5567993221338838338851928710937500000000
45653.4877993920526932924985885620117187500000
-1207827.9154151186812669038772583007812500000000
538417.1658503648359328508377075195312500000000
-585558.8739227837650105357170104980468750000000
679162.9405201681656762957572937011718750000000
-593244.0832521009724587202072143554687500000000
611491.7466954417759552597999572753906250000000
-1474819.2842437555082142353057861328125000000000
637522.2328293633181601762771606445312500000000
1291678.2817767139058560132980346679687500000000
271400.5798464226536452770233154296875000000000
306023.8521038023172877728939056396484375000000
-719216.9932331180898472666740417480468750000000
795718.5939880101941525936126708984375000000000
891062.8160861207870766520500183105468750000000
-447115.8784721285919658839702606201171875000000
943430.4170930573018267750740051269531250000000
354047.1984870972810313105583190917968750000000
480238.3112306419061496853828430175781250000000
519265.1848440633621066808700561523437500000000
-1161854.8804906907025724649429321289062500000000
-712498.6784521691733971238136291503906250000000
-242327.3397019964468199759721755981445312500000
1025.4020770185277342534391209483146667480469
463881.2054527500877156853675842285156250000000
-318314.2196665129740722477436065673828125000000
609207.6568564961198717355728149414062500000000
-532993.4375119418837130069732666015625000000000
93626.2610884939058450981974601745605468750000
-507322.8511765940929763019084930419921875000000
1042106.5409597291145473718643188476562500000000
-321159.3089087149128317832946777343750000000000
554544.7403883286751806735992431640625000000000
537470.3010534553322941064834594726562500000000
-589729.7316893254173919558525085449218750000000
-793253.9590242026606574654579162597656250000000
740878.9581377711147069931030273437500000000000
916360.4386947042075917124748229980468750000000
-782261.9195829002419486641883850097656250000000
-67847.5555924920772667974233627319335937500000
-745183.3492663821671158075332641601562500000000
2046002.8792372508905827999114990234375000000000
-492312.7439400224830023944377899169921875000000
640678.8428184803342446684837341308593750000000
-235093.4270835071802139282226562500000000000000
143083.7955779851181432604789733886718750000000
-363045.3158174512209370732307434082031250000000
680902.3923578328685835003852844238281250000000
-383986.6459474341245368123054504394531250000000
-541078.3676115878624841570854187011718750000000
-941515.5224646236747503280639648437500000000000
409348.1852699902374297380447387695312500000000
-272324.0265473347390070557594299316406250000000
-338670.2905095031019300222396850585937500000000
-448729.5330790179432369768619537353515625000000
-1131618.3223583595827221870422363281250000000000
-146216.3792422911792527884244918823242187500000
209472.3204477155231870710849761962890625000000
23535.7564581699516566004604101181030273437500
18552.0099569162193802185356616973876953125000
-1017239.1847962581086903810501098632812500000000
-478079.7471081032999791204929351806640625000000
495463.6022865406703203916549682617187500000000
-1595029.7327788311522454023361206054687500000000
-441184.3421417539939284324645996093750000000000
370785.6309717943659052252769470214843750000000
-197299.0211385378788691014051437377929687500000
247956.7174977909598965197801589965820312500000
193927.5446713859564624726772308349609375000000
1273702.2298169978894293308258056640625000000000
-94236.0335541805543471127748489379882812500000
-354922.4373045776155777275562286376953125000000
-442556.6612396212294697761535644531250000000000
31554.8799587051653361413627862930297851562500
238109.2899516306351870298385620117187500000000
370764.3272387856850400567054748535156250000000
-483077.0754852080717682838439941406250000000000
-358060.0034416774287819862365722656250000000000
-148449.9300738026213366538286209106445312500000
-142964.6373087869724258780479431152343750000000
-593943.3674894557334482669830322265625000000000
-878317.0568181688431650400161743164062500000000
-194731.6320084204198792576789855957031250000000
310669.9352365918457508087158203125000000000000
-141395.3579755778482649475336074829101562500000
-413515.8425754187628626823425292968750000000000
125895.9123045681335497647523880004882812500000
-1186813.4554533117916435003280639648437500000000
423443.3232807668973691761493682861328125000000
-678667.5632864700164645910263061523437500000000
6844.8596520472965494263917207717895507812500
-408742.2546137482277117669582366943359375000000
240921.7286724486330058425664901733398437500000
-93234.4610289149859454482793807983398437500000
19471.3588627820281544700264930725097656250000
1273230.2642456397879868745803833007812500000000
693206.7184498461429029703140258789062500000000
385244.8502688088337890803813934326171875000000
-145754.8123406411614269018173217773437500000000
-681152.7023480331990867853164672851562500000000
311397.2612884594709612429141998291015625000000
-131013.2145891101827146485447883605957031250000
576473.1812844251981005072593688964843750000000
-258553.5447659477067645639181137084960937500000
1438456.4245340123306959867477416992187500000000
-655907.4490865839179605245590209960937500000000
-96847.8248885607608826830983161926269531250000
-626822.4594999118708074092864990234375000000000
-212570.1710855599376372992992401123046875000000
-59524.3090370287682162597775459289550781250000
-139504.5182345502835232764482498168945312500000
-259229.0805254567821975797414779663085937500000
-103576.9191172605060273781418800354003906250000
879617.2431265600025653839111328125000000000000
488079.9074929704074747860431671142578125000000
-73034.8022895045869518071413040161132812500000
-168713.7774320302996784448623657226562500000000
246916.2200942985073197633028030395507812500000
-495162.0559551322367042303085327148437500000000
-550547.2298076148144900798797607421875000000000
9454.5206950832853181054815649986267089843750
-206224.3379559397581033408641815185546875000000
-122000.5063824207172729074954986572265625000000
819986.0915289885597303509712219238281250000000
-735884.8943376215174794197082519531250000000000
204513.8272781389241572469472885131835937500000
-152722.0922643445956055074930191040039062500000
333620.1502860739128664135932922363281250000000
188413.1014800141274463385343551635742187500000
123388.7947153905697632580995559692382812500000
-40881.9061140400153817608952522277832031250000
-883688.6042998213088139891624450683593750000000
513705.5192151855444535613059997558593750000000
549829.2802625776967033743858337402343750000000
106167.9596246088767657056450843811035156250000
-415474.3210637642187066376209259033203125000000
-128445.5040868131181923672556877136230468750000
867270.1795622198842465877532958984375000000000
-471770.1058682163129560649394989013671875000000
-855691.7839292159769684076309204101562500000000
814872.4249880057759582996368408203125000000000
63747.7915554839928518049418926239013671875000
-778112.9519076640717685222625732421875000000000
-762976.1507657073670998215675354003906250000000
-1089998.8343817484565079212188720703125000000000
136983.1978868947771843522787094116210937500000
834234.7740020339842885732650756835937500000000
246983.8781562455405946820974349975585937500000
721049.7066844406072050333023071289062500000000
931091.8692116219317540526390075683593750000000
220618.6859921505965758115053176879882812500000
-154013.8655503123300150036811828613281250000000
-5318.1166983806460848427377641201019287109375
169366.7358105161692947149276733398437500000000
232681.2171940467378590255975723266601562500000
-176142.2313424695166759192943572998046875000000
-313630.5207893417682498693466186523437500000000
150047.1188436918018851429224014282226562500000
-135573.7312694725114852190017700195312500000000
518421.1113005258375778794288635253906250000000
-16669.4259522563661448657512664794921875000000
-730636.2106599998660385608673095703125000000000
80673.8091142194316489621996879577636718750000
184497.9089548203919548541307449340820312500000
-173595.6289802917744964361190795898437500000000
-157690.2423462317965459078550338745117187500000
813263.7747800580691546201705932617187500000000
-33437.7812349895466468296945095062255859375000
-184002.0574678063276223838329315185546875000000
-209214.9697386055777315050363540649414062500000
338228.9068771548336371779441833496093750000000
73901.7716079147066920995712280273437500000000
-511615.8936731205321848392486572265625000000000
-229819.8174428149359300732612609863281250000000
-701904.5777432277100160717964172363281250000000
683793.1578358060214668512344360351562500000000
-290481.5520630120299756526947021484375000000000
-59714.2742360075208125635981559753417968750000
1019845.4558872067136690020561218261718750000000
212390.3991435424832161515951156616210937500000
47331.8726746397878741845488548278808593750000
457155.5686183356447145342826843261718750000000
293829.3988481248379684984683990478515625000000
-24726.9685627123362792190164327621459960937500
289018.1506288557429797947406768798828125000000
-304389.3504760504001751542091369628906250000000
-549075.1173459312412887811660766601562500000000
282506.8760927330004051327705383300781250000000
295274.3517074898700229823589324951171875000000
531596.1739557302789762616157531738281250000000
978290.9534254781901836395263671875000000000000
-343197.6585567198926582932472229003906250000000
600008.5714734271168708801269531250000000000000
-87715.6156806255457922816276550292968750000000
307915.3945694068679586052894592285156250000000
-370597.7265355038107372820377349853515625000000
-584442.1904488760046660900115966796875000000000
703339.2745438318233937025070190429687500000000
-182309.5834877197921741753816604614257812500000
574273.0532559921266511082649230957031250000000
230140.4913710574037395417690277099609375000000
152649.8377813922998029738664627075195312500000
-160332.6677097712235990911722183227539062500000
-18726.7376507094995758961886167526245117187500
-1167689.2478460804559290409088134765625000000000
-35403.1004696891031926497817039489746093750000
-277370.0983990720123983919620513916015625000000
-724074.3226291083265095949172973632812500000000
80171.3715453498880378901958465576171875000000
168812.2429303503304254263639450073242187500000
-209300.7407789460849016904830932617187500000000
-926755.4040633039548993110656738281250000000000
381424.4979503135546110570430755615234375000000
265649.2667321905610151588916778564453125000000
112466.3021346817986341193318367004394531250000
-937733.4175497503019869327545166015625000000000
132143.4927881325711496174335479736328125000000
610418.2928493487415835261344909667968750000000
20852.2648613551900780294090509414672851562500
-209871.8046577138593420386314392089843750000000
-220624.9944078301195986568927764892578125000000
35192.7120081453394959680736064910888671875000
-398395.0447387218591757118701934814453125000000
-230875.9523282370646484196186065673828125000000
275717.3603845839970745146274566650390625000000
-189655.3229711542080622166395187377929687500000
84768.5994963153643766418099403381347656250000
143922.0000506778596900403499603271484375000000
351716.5433641406125389039516448974609375000000
-592084.9143016115995123982429504394531250000000
56001.4561193552435724996030330657958984375000
-124728.3264792244153795763850212097167968750000
391790.5638273270451463758945465087890625000000
-143311.1853173264244105666875839233398437500000
-303178.2584970767493359744548797607421875000000
543226.9605569608975201845169067382812500000000
-232344.7226060435932595282793045043945312500000
137806.2354925766994711011648178100585937500000
-18693.4202804386477509979158639907836914062500
282318.5928586356458254158496856689453125000000
176092.3220562914793845266103744506835937500000
126190.5443606701010139659047126770019531250000
253053.6790388554218225181102752685546875000000
-132071.9735973675269633531570434570312500000000
123320.2233086046908283606171607971191406250000
93762.9736937176203355193138122558593750000000
-182119.8936249289545230567455291748046875000000
-249569.6601094476936850696802139282226562500000
70969.1074194643879309296607971191406250000000
-21966.3408239953678275924175977706909179687500
386189.6021794754778966307640075683593750000000
43148.4250124581667478196322917938232421875000
195490.7936182441480923444032669067382812500000
189613.6244910822715610265731811523437500000000
175343.5792107534362003207206726074218750000000
-254042.9267636573349591344594955444335937500000
-156365.7801800375455059111118316650390625000000
-81603.0722360641957493498921394348144531250000
608966.9725108324782922863960266113281250000000
189766.5354876324709039181470870971679687500000
127834.5179654880921589210629463195800781250000
-265301.1821968085714615881443023681640625000000
-357612.4737687674351036548614501953125000000000
-294988.2835225662565790116786956787109375000000
-32257.1150083613902097567915916442871093750000
225374.3275357212987728416919708251953125000000
-428104.4063844985794275999069213867187500000000
116816.5306750005547655746340751647949218750000
126509.7703347361384658142924308776855468750000
10013.1976957756378396879881620407104492187500
-320928.1253606044338084757328033447265625000000
29135.6174224704009247943758964538574218750000
-343945.5925549066159874200820922851562500000000
182321.6356722951750271022319793701171875000000
-91726.3312413855019258335232734680175781250000
190738.7530459274130407720804214477539062500000
41.5019356734281927856500260531902313232422
97078.4763710619590710848569869995117187500000
345693.5862095741904340684413909912109375000000
284206.4864914020872674882411956787109375000000
-381067.1155625092214904725551605224609375000000
339957.8732881786418147385120391845703125000000
-244783.9207302114227786660194396972656250000000
-380991.9457561133312992751598358154296875000000
307435.1530792572884820401668548583984375000000
-437398.1650784519151784479618072509765625000000
-200073.8795478377724066376686096191406250000000
398021.7303019789396785199642181396484375000000
-91631.3742180268163792788982391357421875000000
-21013.8615694573600194416940212249755859375000
-212394.1580074402445461601018905639648437500000
-345628.3656355787534266710281372070312500000000
-384838.4363368600024841725826263427734375000000
-262757.9533735210425220429897308349609375000000
-391513.8616406436776742339134216308593750000000
243876.8496772485086694359779357910156250000000
-248409.1070971910085063427686691284179687500000
96642.4308741776185343042016029357910156250000
44285.1031534320281934924423694610595703125000
432714.0561254221247509121894836425781250000000
-248760.0139755034178961068391799926757812500000
259935.9353777012438513338565826416015625000000
-223307.1264874105982016772031784057617187500000
384386.1497581201838329434394836425781250000000
-5990.5635467041192896431311964988708496093750
106075.8493755690869875252246856689453125000000
-68318.7141099501604912802577018737792968750000
294968.7329972240841016173362731933593750000000
-95517.8774012113426579162478446960449218750000
187243.8382038283161818981170654296875000000000
207650.4415039025479927659034729003906250000000
-207911.5776974457257892936468124389648437500000
-148584.6852224197937175631523132324218750000000
188154.0151378534792456775903701782226562500000
-80864.1538805250020232051610946655273437500000
-232290.4066832445096224546432495117187500000000
-62191.5419002698254189454019069671630859375000
149290.4193359657365363091230392456054687500000
234839.8192625422088894993066787719726562500000
435635.8780368031002581119537353515625000000000
119201.5235777463531121611595153808593750000000
19154.4165846081195923034101724624633789062500
210908.8889409651164896786212921142578125000000
70259.8844030146719887852668762207031250000000
-195800.1753826291824225336313247680664062500000
-177743.5110899058054201304912567138671875000000
65372.4322509142730268649756908416748046875000
-111869.7467076571192592382431030273437500000000
-206707.1800748079258482903242111206054687500000
-93223.6022718846943462267518043518066406250000
21211.9361807423738355282694101333618164062500
360419.2705195908783935010433197021484375000000
-259079.6783638673659879714250564575195312500000
-82014.2480200668942416086792945861816406250000
89638.7370378273189999163150787353515625000000
-77567.8081790376018034294247627258300781250000
-4541.4848711436643498018383979797363281250000
318815.6985874618403613567352294921875000000000
-347495.4215981840970925986766815185546875000000
-63506.0631791217601858079433441162109375000000
-143606.4668188662035390734672546386718750000000
-142261.5779008843237534165382385253906250000000
147014.3588160641374997794628143310546875000000
-589523.6391813155496492981910705566406250000000
-46904.6170467199262930080294609069824218750000
245481.9179352512001059949398040771484375000000
194474.2825895629648584872484207153320312500000
98357.7654046402312815189361572265625000000000
78634.8197936373326228931546211242675781250000
159003.7650406414177268743515014648437500000000
