0.4937955677994729786206562494044192135334
-47.5122439388476109911607636604458093643188
1210.1622398201266150863375514745712280273438
-13297.6161686515606561442837119102478027343750
73866.8046228284947574138641357421875000000000
-207702.3494962003023829311132431030273437500000
191863.4340369561105035245418548583984375000000
507506.3318587501416914165019989013671875000000
-1783414.2184334404300898313522338867187500000000
1901289.9685220706742256879806518554687500000000
740372.1817459714366123080253601074218750000000
-3988926.3543793768621981143951416015625000000000
3639903.5535725117661058902740478515625000000000
-1464064.3146719632204622030258178710937500000000
1496445.7228323766030371189117431640625000000000
504639.9471195737132802605628967285156250000000
-4929610.0314322160556912422180175781250000000000
4847237.9424155727028846740722656250000000000000
669864.8491778814932331442832946777343750000000
-7215446.2564528435468673706054687500000000000000
2973735.4446859178133308887481689453125000000000
4695111.6550449822098016738891601562500000000000
-3509176.3390985210426151752471923828125000000000
4499003.6072835857048630714416503906250000000000
3126931.9400930255651473999023437500000000000000
-750653.8054218926699832081794738769531250000000
-11903460.8208605721592903137207031250000000000000
-6202968.2114364299923181533813476562500000000000
5205593.2272837217897176742553710937500000000000
2643614.2930301623418927192687988281250000000000
15155064.8121359273791313171386718750000000000000
-5091182.7376335039734840393066406250000000000000
-7738180.6100690513849258422851562500000000000000
223099.1920009589812252670526504516601562500000
4364871.7229281906038522720336914062500000000000
2629766.1883412864990532398223876953125000000000
3052744.0235358197242021560668945312500000000000
-2809952.8646065141074359416961669921875000000000
-6571146.0221213260665535926818847656250000000000
-838696.8057721863733604550361633300781250000000
-8671823.1835589595139026641845703125000000000000
114118.1401642463315511122345924377441406250000
-8274161.9427108578383922576904296875000000000000
-847209.8450788757763803005218505859375000000000
5082742.6790322633460164070129394531250000000000
9006358.6602850910276174545288085937500000000000
20291193.0831155553460121154785156250000000000000
13898682.0469935629516839981079101562500000000000
5118609.0407340796664357185363769531250000000000
-1361837.9328180374577641487121582031250000000000
-4754193.7828888604417443275451660156250000000000
-745573.5454068705439567565917968750000000000000
-43476690.9186853617429733276367187500000000000000
8109709.1475488990545272827148437500000000000000
-21807127.8953616693615913391113281250000000000000
11295270.0328198410570621490478515625000000000000
-7334227.6452486440539360046386718750000000000000
2028586.7306868706364184617996215820312500000000
29598079.8070242702960968017578125000000000000000
1860166.6627035615965723991394042968750000000000
-79476011.4147778004407882690429687500000000000000
111661273.5061151385307312011718750000000000000000
-1592613.4467581917997449636459350585937500000000
-70833139.1993683427572250366210937500000000000000
35462843.5960305333137512207031250000000000000000
-20681989.0829006023705005645751953125000000000000
19326323.0478784926235675811767578125000000000000
-51266462.6984408274292945861816406250000000000000
189091.4813666484551504254341125488281250000000
48530090.3460018187761306762695312500000000000000
3610177.6628552754409611225128173828125000000000
18564467.9901784434914588928222656250000000000000
-24377866.0031910575926303863525390625000000000000
60582443.4163408279418945312500000000000000000000
18050048.8222012259066104888916015625000000000000
-49463035.4742795154452323913574218750000000000000
18649082.8651282824575901031494140625000000000000
18617052.7867852784693241119384765625000000000000
-115516239.6526130437850952148437500000000000000000
51933258.3453335240483283996582031250000000000000
112462571.3814585357904434204101562500000000000000
9159085.3489142991602420806884765625000000000000
-57129054.5800449475646018981933593750000000000000
-74297902.2476834356784820556640625000000000000000
-28532610.3954222127795219421386718750000000000000
31500613.7337268516421318054199218750000000000000
71206413.4807028025388717651367187500000000000000
3936714.3860239745117723941802978515625000000000
32181023.9301416687667369842529296875000000000000
-183714391.7998318076133728027343750000000000000000
-115952371.3915431797504425048828125000000000000000
57266474.1283787637948989868164062500000000000000
38663679.8911625370383262634277343750000000000000
-12612091.3908584360033273696899414062500000000000
-91267479.0353487581014633178710937500000000000000
-14107201.4856306761503219604492187500000000000000
-27861274.0276576988399028778076171875000000000000
-6574557.2204075083136558532714843750000000000000
152522144.2510644793510437011718750000000000000000
115279845.9097026884555816650390625000000000000000
157283219.4701192677021026611328125000000000000000
127471817.3278856277465820312500000000000000000000
-174062455.4540303647518157958984375000000000000000
-2383025.2156602377071976661682128906250000000000
-16072865.0337245110422372817993164062500000000000
60115330.3501225560903549194335937500000000000000
38533617.3788190558552742004394531250000000000000
35401938.5318257808685302734375000000000000000000
-61465953.4110183492302894592285156250000000000000
-161538400.6044614017009735107421875000000000000000
-28263322.4170962125062942504882812500000000000000
35021170.6262030750513076782226562500000000000000
-30916235.2438091859221458435058593750000000000000
5340499.8273689141497015953063964843750000000000
-100029203.7050481587648391723632812500000000000000
-64579306.4180671572685241699218750000000000000000
91239921.8788265287876129150390625000000000000000
-6446578.7366055771708488464355468750000000000000
67420747.8391033411026000976562500000000000000000
-2432788.8987449198029935359954833984375000000000
40762589.9686355739831924438476562500000000000000
63025920.6146659478545188903808593750000000000000
-151130902.4198735952377319335937500000000000000000
165876742.3972171247005462646484375000000000000000
-52997743.7238874658942222595214843750000000000000
-104145898.2719025313854217529296875000000000000000
6290255.5154261803254485130310058593750000000000
22145532.8023710325360298156738281250000000000000
203156877.6284002661705017089843750000000000000000
-91444332.5105967670679092407226562500000000000000
-65655718.5347289815545082092285156250000000000000
71237000.0037208795547485351562500000000000000000
-119902437.6167569160461425781250000000000000000000
68786923.8956512063741683959960937500000000000000
-51550012.2744561284780502319335937500000000000000
-32087753.0882695205509662628173828125000000000000
-74720006.5028537511825561523437500000000000000000
5982415.5830816784873604774475097656250000000000
25339205.7564616575837135314941406250000000000000
27172268.3663175143301486968994140625000000000000
106249500.2617598176002502441406250000000000000000
77605142.5870814174413681030273437500000000000000
-7455199.4344212077558040618896484375000000000000
-29530137.5512948445975780487060546875000000000000
-38607813.1487163305282592773437500000000000000000
-113936287.9099189043045043945312500000000000000000
79315258.4459655433893203735351562500000000000000
68826018.8956959247589111328125000000000000000000
-11343750.9977824054658412933349609375000000000000
-3960544.0357518363744020462036132812500000000000
-45123480.1828608661890029907226562500000000000000
-55470774.4761167988181114196777343750000000000000
-149821678.9033272862434387207031250000000000000000
59240823.3632765263319015502929687500000000000000
53456776.8600734844803810119628906250000000000000
84406330.7153564691543579101562500000000000000000
-42112497.6779316067695617675781250000000000000000
86425574.0648003816604614257812500000000000000000
-119034684.1457599997520446777343750000000000000000
-24406425.0322461277246475219726562500000000000000
-65165594.0586274191737174987792968750000000000000
84460424.8826359957456588745117187500000000000000
-80420700.4608995318412780761718750000000000000000
-92313946.2688198387622833251953125000000000000000
123360305.0335423201322555541992187500000000000000
14219146.2459808569401502609252929687500000000000
-72390662.5438816249370574951171875000000000000000
-72241294.7665337622165679931640625000000000000000
-94833611.2602469623088836669921875000000000000000
-1944406.4571732340846210718154907226562500000000
205334587.6988025009632110595703125000000000000000
79196421.9389961808919906616210937500000000000000
225444052.7315206527709960937500000000000000000000
-76870345.3500249087810516357421875000000000000000
-41410477.6970115900039672851562500000000000000000
-28672058.7224222496151924133300781250000000000000
75914470.5798451006412506103515625000000000000000
119653589.8590980917215347290039062500000000000000
-115365356.9833881705999374389648437500000000000000
-33308236.8010974638164043426513671875000000000000
9598443.5670341085642576217651367187500000000000
10005310.4110767543315887451171875000000000000000
-96583616.9301014244556427001953125000000000000000
39845529.0958656445145606994628906250000000000000
50072403.2245033904910087585449218750000000000000
-62891971.1143824681639671325683593750000000000000
-7924710.8141066199168562889099121093750000000000
-68512852.0446603447198867797851562500000000000000
165657157.1238236129283905029296875000000000000000
203340403.3722539544105529785156250000000000000000
-98458994.2946146130561828613281250000000000000000
-163964679.3850888013839721679687500000000000000000
221853799.3463257849216461181640625000000000000000
205843586.1515840291976928710937500000000000000000
-53697646.1977136209607124328613281250000000000000
59406650.3706945702433586120605468750000000000000
-93376527.0059893131256103515625000000000000000000
-179493661.6127699315547943115234375000000000000000
-26963618.4338976293802261352539062500000000000000
-25033911.2340828105807304382324218750000000000000
-23987929.1744079366326332092285156250000000000000
-22496449.5012202523648738861083984375000000000000
-27437540.9980933852493762969970703125000000000000
-52064374.7408525422215461730957031250000000000000
-3975736.1873687943443655967712402343750000000000
-103266694.5331475883722305297851562500000000000000
8391276.5264451242983341217041015625000000000000
193485162.6978572309017181396484375000000000000000
-201495582.3994498252868652343750000000000000000000
-160582215.2529888153076171875000000000000000000000
35748999.4780881106853485107421875000000000000000
117259851.4484142214059829711914062500000000000000
185866379.0474172830581665039062500000000000000000
170722387.9163295328617095947265625000000000000000
51776048.9524903371930122375488281250000000000000
-65854483.2841743752360343933105468750000000000000
11602596.9834885708987712860107421875000000000000
34047245.2844316065311431884765625000000000000000
-74610135.9018898606300354003906250000000000000000
-771670.2696133102290332317352294921875000000000
3313875.1959242057055234909057617187500000000000
25543721.2529512122273445129394531250000000000000
209486842.7142520546913146972656250000000000000000
-312648102.7015383839607238769531250000000000000000
-374057038.4714180827140808105468750000000000000000
-90350029.9123720228672027587890625000000000000000
-67329993.5386043787002563476562500000000000000000
-127334807.9656814336776733398437500000000000000000
211159254.2346422374248504638671875000000000000000
99274666.4161344915628433227539062500000000000000
-113954563.4388730227947235107421875000000000000000
-60335951.9323335960507392883300781250000000000000
49272873.2844857200980186462402343750000000000000
-212179283.7126670777797698974609375000000000000000
98789711.5334379822015762329101562500000000000000
-180939895.8493028879165649414062500000000000000000
-49616363.6017228960990905761718750000000000000000
80176218.1941947937011718750000000000000000000000
-270971843.4430609941482543945312500000000000000000
179801043.2214029431343078613281250000000000000000
423476509.9861519336700439453125000000000000000000
10393486.3343347366899251937866210937500000000000
-53921251.3156794011592864990234375000000000000000
187319233.6582517623901367187500000000000000000000
37531514.7858344241976737976074218750000000000000
-128824863.9188222885131835937500000000000000000000
-57679400.3310323208570480346679687500000000000000
-88566458.8883046209812164306640625000000000000000
-75891631.6797878444194793701171875000000000000000
322327718.2186096310615539550781250000000000000000
141935877.4321459531784057617187500000000000000000
-7524722.3785159848630428314208984375000000000000
-34901918.3196264207363128662109375000000000000000
-135825489.2537514865398406982421875000000000000000
67539442.1653281003236770629882812500000000000000
-231895752.9484227597713470458984375000000000000000
92426921.9294586628675460815429687500000000000000
108811482.5282298177480697631835937500000000000000
-30807938.5866648927330970764160156250000000000000
-15500851.8310600016266107559204101562500000000000
-56609315.0143422931432723999023437500000000000000
-50386645.2078887000679969787597656250000000000000
82450262.0122116804122924804687500000000000000000
233806683.5411733090877532958984375000000000000000
-159518799.2785850465297698974609375000000000000000
315896781.3870944976806640625000000000000000000000
128492216.2535642683506011962890625000000000000000
88589362.2968077659606933593750000000000000000000
337296158.2150255441665649414062500000000000000000
-24717004.6376291178166866302490234375000000000000
-240809913.0998069345951080322265625000000000000000
-245858677.2951439619064331054687500000000000000000
-19922718.3238441906869411468505859375000000000000
116384643.6234765052795410156250000000000000000000
-27963104.9563694484531879425048828125000000000000
-147033389.5179191827774047851562500000000000000000
-75129358.2898699790239334106445312500000000000000
-16386842.3026285432279109954833984375000000000000
3333953.8145719370804727077484130859375000000000
-359103733.0341622829437255859375000000000000000000
11529583.7997527495026588439941406250000000000000
-35802255.8288126662373542785644531250000000000000
211931325.4715386033058166503906250000000000000000
77549353.7073280066251754760742187500000000000000
-56513408.7486163601279258728027343750000000000000
87587988.0916466712951660156250000000000000000000
98137289.4588779062032699584960937500000000000000
-67159106.1365347653627395629882812500000000000000
-157083631.3799289464950561523437500000000000000000
165079328.9541708827018737792968750000000000000000
118813057.3298742026090621948242187500000000000000
87832865.7726926654577255249023437500000000000000
-177961064.6636388897895812988281250000000000000000
494423395.3778532147407531738281250000000000000000
-157921138.5062188208103179931640625000000000000000
284018875.1757317185401916503906250000000000000000
-60396002.2288340479135513305664062500000000000000
-133438582.5323913842439651489257812500000000000000
-109441945.3570334762334823608398437500000000000000
237220746.0609818994998931884765625000000000000000
103166676.3257329165935516357421875000000000000000
-184676185.3250487148761749267578125000000000000000
-215583285.2006291747093200683593750000000000000000
132246214.3886013180017471313476562500000000000000
-87377131.9543827027082443237304687500000000000000
44354532.1089634820818901062011718750000000000000
-45053646.6125369742512702941894531250000000000000
150813330.9847083389759063720703125000000000000000
-117588425.2049046307802200317382812500000000000000
82407188.2362691015005111694335937500000000000000
-188101981.6418140232563018798828125000000000000000
-91376407.0646704435348510742187500000000000000000
341533621.9677220582962036132812500000000000000000
-141922342.3633861839771270751953125000000000000000
68836190.9449758231639862060546875000000000000000
237918587.0188366472721099853515625000000000000000
-175529687.5721872150897979736328125000000000000000
-375592790.0515823364257812500000000000000000000000
-415201192.0065764784812927246093750000000000000000
-332628221.5302761197090148925781250000000000000000
213849616.1702124178409576416015625000000000000000
-186419767.1990313827991485595703125000000000000000
-120081564.9222697764635086059570312500000000000000
158101089.1887080073356628417968750000000000000000
34420987.0823710933327674865722656250000000000000
170029014.1750993132591247558593750000000000000000
155320895.2108014523983001708984375000000000000000
142016192.1737015247344970703125000000000000000000
-220776172.5963007807731628417968750000000000000000
-58792032.7240417003631591796875000000000000000000
67231448.7420822530984878540039062500000000000000
120962657.0405279546976089477539062500000000000000
-82666645.1459869742393493652343750000000000000000
69928641.9578931331634521484375000000000000000000
126364985.8818994760513305664062500000000000000000
93721692.4234459698200225830078125000000000000000
85664206.5149980485439300537109375000000000000000
40965607.7426373511552810668945312500000000000000
-272960025.5548903346061706542968750000000000000000
-28495027.7719477452337741851806640625000000000000
-45418686.0357034727931022644042968750000000000000
-44274009.0817833766341209411621093750000000000000
-242650314.0791978240013122558593750000000000000000
173397641.7691127359867095947265625000000000000000
202609417.5374473631381988525390625000000000000000
-122314221.6532026827335357666015625000000000000000
27576043.7110266946256160736083984375000000000000
62542446.6548471376299858093261718750000000000000
-209754017.5959013402462005615234375000000000000000
-76739540.4412801116704940795898437500000000000000
-170325079.3642863631248474121093750000000000000000
214992898.2897493243217468261718750000000000000000
52533156.6246681213378906250000000000000000000000
-24364361.2035740017890930175781250000000000000000
-79751082.9028098881244659423828125000000000000000
-206479870.4302401840686798095703125000000000000000
32309605.0099290460348129272460937500000000000000
9967158.8450544774532318115234375000000000000000
-52925072.8289694041013717651367187500000000000000
204780523.7506086230278015136718750000000000000000
78326027.1422588080167770385742187500000000000000
-247183719.3315211832523345947265625000000000000000
-71402418.6461718529462814331054687500000000000000
-183902549.7828144729137420654296875000000000000000
108275938.7016166895627975463867187500000000000000
-114898517.6583234518766403198242187500000000000000
-298635064.8938902616500854492187500000000000000000
291076301.5557953119277954101562500000000000000000
-246663531.5788744688034057617187500000000000000000
-86219981.0960603058338165283203125000000000000000
-140756490.7654933929443359375000000000000000000000
361761296.0295051336288452148437500000000000000000
302243947.5567780733108520507812500000000000000000
44932456.1311836540699005126953125000000000000000
-251783385.6717248260974884033203125000000000000000
384150982.8849046230316162109375000000000000000000
-43489086.9492385238409042358398437500000000000000
-110338901.4683046489953994750976562500000000000000
145104826.5578607916831970214843750000000000000000
343564712.8202035427093505859375000000000000000000
121626487.2543037086725234985351562500000000000000
96716757.9470873624086380004882812500000000000000
-129652247.9205994606018066406250000000000000000000
-13338291.2729875687509775161743164062500000000000
451438805.4962077736854553222656250000000000000000
-150185193.8291390240192413330078125000000000000000
-129012071.1997473537921905517578125000000000000000
167807411.0961318016052246093750000000000000000000
163126178.5310265123844146728515625000000000000000
-204576814.6584707498550415039062500000000000000000
-94625563.3758426308631896972656250000000000000000
-147756545.2598395049571990966796875000000000000000
221200751.0794702172279357910156250000000000000000
-307997074.1344978809356689453125000000000000000000
297804511.4520494341850280761718750000000000000000
149240528.4070939123630523681640625000000000000000
-81405776.2765283286571502685546875000000000000000
-141055478.1224165558815002441406250000000000000000
-174708131.2543707787990570068359375000000000000000
110714953.9450837224721908569335937500000000000000
258772839.5798144936561584472656250000000000000000
-116230820.3261943906545639038085937500000000000000
131219996.1222587376832962036132812500000000000000
-66477696.7003366127610206604003906250000000000000
147583255.6159991621971130371093750000000000000000
174852128.8313164412975311279296875000000000000000
-200281350.3789587914943695068359375000000000000000
-96967021.0114828199148178100585937500000000000000
-131739224.7152088284492492675781250000000000000000
149654512.3560050129890441894531250000000000000000
-202578336.7679347395896911621093750000000000000000
-8465336.4906746540218591690063476562500000000000
-163811548.6158807575702667236328125000000000000000
170701422.7515914440155029296875000000000000000000
-170385537.3273776173591613769531250000000000000000
-143569303.8208198249340057373046875000000000000000
-62841793.0129679515957832336425781250000000000000
40307165.5250309258699417114257812500000000000000
-129774661.0959614068269729614257812500000000000000
289755300.6253072619438171386718750000000000000000
216460301.4724097549915313720703125000000000000000
-139157383.1446344852447509765625000000000000000000
-92050033.2245956212282180786132812500000000000000
63154848.6183346956968307495117187500000000000000
-129620027.9995349794626235961914062500000000000000
-266161005.6377478539943695068359375000000000000000
-187953685.9930039346218109130859375000000000000000
-19543243.5131711028516292572021484375000000000000
-144882086.4233092367649078369140625000000000000000
207765417.7711425721645355224609375000000000000000
101333528.3209287077188491821289062500000000000000
82955546.8055564761161804199218750000000000000000
-26197326.7022810354828834533691406250000000000000
221024790.0000096261501312255859375000000000000000
76362233.6049661785364151000976562500000000000000
90528557.1466716080904006958007812500000000000000
214498761.5347626209259033203125000000000000000000
-148109855.1639963686466217041015625000000000000000
-33621335.6654500365257263183593750000000000000000
133780335.0065378397703170776367187500000000000000
-79067877.1662343293428421020507812500000000000000
117942878.0164630264043807983398437500000000000000
-311351856.4289196133613586425781250000000000000000
86718444.1867225468158721923828125000000000000000
48407771.2035432606935501098632812500000000000000
75928632.7973264604806900024414062500000000000000
194024751.9666894078254699707031250000000000000000
7400891.4562214184552431106567382812500000000000
-36324887.3334603756666183471679687500000000000000
375361258.8082810044288635253906250000000000000000
-110076230.6891620159149169921875000000000000000000
87978936.8247710466384887695312500000000000000000
369911098.5491351485252380371093750000000000000000
49202649.2445515021681785583496093750000000000000
365344069.2684590220451354980468750000000000000000
66235064.6861366033554077148437500000000000000000
-133540858.4863479733467102050781250000000000000000
-76326856.1396854221820831298828125000000000000000
-42819982.9917021617293357849121093750000000000000
-258587857.1312961578369140625000000000000000000000
205462373.2250112295150756835937500000000000000000
102229131.7812886536121368408203125000000000000000
44652632.8730544522404670715332031250000000000000
-221987579.0940325558185577392578125000000000000000
-8518028.5560287702828645706176757812500000000000
83892143.2995570302009582519531250000000000000000
-93067092.6077537685632705688476562500000000000000
73958355.3217155784368515014648437500000000000000
-58420868.9679116532206535339355468750000000000000
-78954901.1948473453521728515625000000000000000000
-152645939.1747572124004364013671875000000000000000
-225144591.3637423515319824218750000000000000000000
-56897665.0469480231404304504394531250000000000000
34715435.1162221953272819519042968750000000000000
-238716624.4100738167762756347656250000000000000000
16068038.1898577213287353515625000000000000000000
-25196122.4235171824693679809570312500000000000000
-115970696.5126243680715560913085937500000000000000
-136886272.1021765172481536865234375000000000000000
-29933049.7420561909675598144531250000000000000000
119140171.6915114820003509521484375000000000000000
-13190625.5441734921187162399291992187500000000000
-164738559.6565041542053222656250000000000000000000
-184111514.2223132550716400146484375000000000000000
207833475.3893147110939025878906250000000000000000
9734913.4804552104324102401733398437500000000000
-43868648.3784186169505119323730468750000000000000
-221642372.4681342840194702148437500000000000000000
-181819001.7191990315914154052734375000000000000000
95088456.2963942736387252807617187500000000000000
81338952.5377040356397628784179687500000000000000
-170593176.0477004647254943847656250000000000000000
-196893132.9615426361560821533203125000000000000000
-117061869.9317888617515563964843750000000000000000
86425667.4908096939325332641601562500000000000000
-154592130.7560187876224517822265625000000000000000
101429500.7906072437763214111328125000000000000000
84111875.6616665869951248168945312500000000000000
53347995.6135012060403823852539062500000000000000
-137285338.4072613120079040527343750000000000000000
137731353.5147666037082672119140625000000000000000
4399550.8997516585513949394226074218750000000000
112047886.5222524255514144897460937500000000000000
85177525.0852669477462768554687500000000000000000
26533507.5811555385589599609375000000000000000000
123050865.5609887987375259399414062500000000000000
31702232.0344654135406017303466796875000000000000
114054960.2557496875524520874023437500000000000000
-142671235.4603259563446044921875000000000000000000
-107158697.6519363820552825927734375000000000000000
-22425432.3459138721227645874023437500000000000000
-179799912.5894560515880584716796875000000000000000
38932753.9989645704627037048339843750000000000000
-88640022.6764238178730010986328125000000000000000
-126124123.5245401561260223388671875000000000000000
36240529.2280144914984703063964843750000000000000
-117488521.1745793074369430541992187500000000000000
291923112.1121899485588073730468750000000000000000
-10492654.3822097834199666976928710937500000000000
-4952963.3837306955829262733459472656250000000000
-285688227.0284356474876403808593750000000000000000
-76409553.9898107051849365234375000000000000000000
-2739381.3276651385240256786346435546875000000000
62568707.5177387446165084838867187500000000000000
-154246726.9964020252227783203125000000000000000000
7941411.7554347226396203041076660156250000000000
-105056636.9746359139680862426757812500000000000000
51480127.1552084088325500488281250000000000000000
-73393145.2564458549022674560546875000000000000000
129825650.1055562645196914672851562500000000000000
-193667797.2957252264022827148437500000000000000000
-84966051.9059913456439971923828125000000000000000
57566773.5656927376985549926757812500000000000000
-63995542.9068321585655212402343750000000000000000
-48436733.4350191652774810791015625000000000000000
-126978119.3450433611869812011718750000000000000000
-66794425.1003398895263671875000000000000000000000
249484916.4006885588169097900390625000000000000000
-81653325.5436880141496658325195312500000000000000
-18422840.3736121207475662231445312500000000000000
15608066.8440404683351516723632812500000000000000
108014152.8289701491594314575195312500000000000000
188475831.2501877248287200927734375000000000000000
-194729420.4358744621276855468750000000000000000000
-96614463.9182853400707244873046875000000000000000
-15501719.3212550785392522811889648437500000000000
-137585560.1469644010066986083984375000000000000000
36753687.3875974491238594055175781250000000000000
209438338.2319697737693786621093750000000000000000
71340590.5852585136890411376953125000000000000000
-190512641.4893217086791992187500000000000000000000
42371051.0381315872073173522949218750000000000000
31817724.3869846984744071960449218750000000000000
242878950.7803100943565368652343750000000000000000
-45966696.8148930221796035766601562500000000000000
137395612.7765746414661407470703125000000000000000
119744420.6111045181751251220703125000000000000000
15746599.4254784416407346725463867187500000000000
129130152.3243497312068939208984375000000000000000
41551649.1147191226482391357421875000000000000000
-99992774.9625615775585174560546875000000000000000
105164696.9712498337030410766601562500000000000000
220379438.6704499423503875732421875000000000000000
-114031535.7801076024770736694335937500000000000000
230416063.3300750851631164550781250000000000000000
78837404.9160663783550262451171875000000000000000
-9792438.0785720590502023696899414062500000000000
165084555.8386075198650360107421875000000000000000
297644844.1344394683837890625000000000000000000000
-83634141.2295124530792236328125000000000000000000
84173882.4170242697000503540039062500000000000000
267047122.8945130705833435058593750000000000000000
6975012.8065787637606263160705566406250000000000
-45534337.8792818710207939147949218750000000000000
165680704.9303229451179504394531250000000000000000
-43867964.7934876978397369384765625000000000000000
137004363.2294093966484069824218750000000000000000
-22313877.5570904091000556945800781250000000000000
-3514420.6145569733344018459320068359375000000000
-7900524.4667878318578004837036132812500000000000
-41965330.7541293874382972717285156250000000000000
201636360.1979278922080993652343750000000000000000
167301666.9941837191581726074218750000000000000000
-96583436.6241080015897750854492187500000000000000
-134053529.8212312012910842895507812500000000000000
117075758.7008070498704910278320312500000000000000
-110138000.8483208417892456054687500000000000000000
126900224.6602380275726318359375000000000000000000
-1334286.1418169413227587938308715820312500000000
4328842.7755533838644623756408691406250000000000
-58786637.8721641302108764648437500000000000000000
-55363357.3556709289550781250000000000000000000000
-8302774.1680276328697800636291503906250000000000
48394556.2903154417872428894042968750000000000000
-188493506.7239570021629333496093750000000000000000
21611366.9377496726810932159423828125000000000000
129404235.6013563424348831176757812500000000000000
-122256593.1769793778657913208007812500000000000000
183137410.1104120016098022460937500000000000000000
157569591.4706048965454101562500000000000000000000
-51160254.0846556648612022399902343750000000000000
-157782403.3480536341667175292968750000000000000000
2432065.4386426135897636413574218750000000000000
-100252300.1453800499439239501953125000000000000000
-78816825.3169845193624496459960937500000000000000
-108723774.3521807789802551269531250000000000000000
-53675297.2743862271308898925781250000000000000000
53638298.6758873984217643737792968750000000000000
-149766820.3111748099327087402343750000000000000000
1020257.7390696043148636817932128906250000000000
51676617.7701249793171882629394531250000000000000
80212558.7508724629878997802734375000000000000000
124371490.4061165601015090942382812500000000000000
-8323753.5811331523582339286804199218750000000000
122806.9852077644318342208862304687500000000000
75616092.1282941997051239013671875000000000000000
-40713374.7042845413088798522949218750000000000000
30741262.3446189239621162414550781250000000000000
7595999.9259817460551857948303222656250000000000
-60027939.8364610597491264343261718750000000000000
-66906993.2213186025619506835937500000000000000000
-295850276.8825901746749877929687500000000000000000
-13540127.6451712101697921752929687500000000000000
45234143.9099238440394401550292968750000000000000
-99604877.4991255253553390502929687500000000000000
53256366.3845753595232963562011718750000000000000
-59878370.2986764535307884216308593750000000000000
-4992527.1836191471666097640991210937500000000000
12453674.4704632163047790527343750000000000000000
-143280331.3870327472686767578125000000000000000000
-129375620.6314823478460311889648437500000000000000
-63304589.5283018872141838073730468750000000000000
64003190.9655054360628128051757812500000000000000
-1687094.6022516777738928794860839843750000000000
-83209544.8061289489269256591796875000000000000000
49873867.0826647579669952392578125000000000000000
146758780.0973776876926422119140625000000000000000
-231298329.0426538884639739990234375000000000000000
-20575335.4101910889148712158203125000000000000000
13775910.4044584482908248901367187500000000000000
162961835.7397336959838867187500000000000000000000
25980292.0352294296026229858398437500000000000000
51256477.2452148348093032836914062500000000000000
-238150757.4978217482566833496093750000000000000000
32292684.5168253146111965179443359375000000000000
152469799.0545769929885864257812500000000000000000
14443531.9967680722475051879882812500000000000000
75097772.6670737117528915405273437500000000000000
-16386412.0934830997139215469360351562500000000000
29565152.5713581889867782592773437500000000000000
-105579908.0145624130964279174804687500000000000000
-105477087.0346130281686782836914062500000000000000
-51462044.5583371147513389587402343750000000000000
-106882727.3098830282688140869140625000000000000000
-44045346.8049653321504592895507812500000000000000
122217903.6499398052692413330078125000000000000000
66416011.8489610105752944946289062500000000000000
1298137.1420095653738826513290405273437500000000
-153333134.3763304650783538818359375000000000000000
6336173.9248998351395130157470703125000000000000
-52909947.2169187739491462707519531250000000000000
75134523.0894695818424224853515625000000000000000
50637224.2361904904246330261230468750000000000000
-87471745.9210322350263595581054687500000000000000
-8429974.4641512930393218994140625000000000000000
37605730.5239106416702270507812500000000000000000
70981434.3368720114231109619140625000000000000000
-51699503.4320652782917022705078125000000000000000
-81419776.6863771975040435791015625000000000000000
74502882.6076317876577377319335937500000000000000
98388110.7182670831680297851562500000000000000000
-196238141.6574015021324157714843750000000000000000
26104157.1750232800841331481933593750000000000000
1505506.3137538637965917587280273437500000000000
139640625.2518135905265808105468750000000000000000
-45505306.8752598240971565246582031250000000000000
58049837.2586065679788589477539062500000000000000
58257903.5258085206151008605957031250000000000000
-60752170.4499550387263298034667968750000000000000
144603583.1362918913364410400390625000000000000000
-130507096.9817624986171722412109375000000000000000
-35351128.2967542558908462524414062500000000000000
-189727810.4249670505523681640625000000000000000000
83549019.7636396437883377075195312500000000000000
41282988.8457528650760650634765625000000000000000
-5980596.3919250452890992164611816406250000000000
73295674.8555934429168701171875000000000000000000
-46881439.9497911855578422546386718750000000000000
16630020.5201135165989398956298828125000000000000
-65097872.3681135401129722595214843750000000000000
43498620.4955123886466026306152343750000000000000
-23491193.3564370200037956237792968750000000000000
-155958013.7368675768375396728515625000000000000000
72838030.4795917868614196777343750000000000000000
62609851.1442015618085861206054687500000000000000
-94280934.9556393176317214965820312500000000000000
68886445.0356991887092590332031250000000000000000
14552390.9639231786131858825683593750000000000000
81414416.0727820247411727905273437500000000000000
-54005284.3054900467395782470703125000000000000000
-88466598.8577133715152740478515625000000000000000
81092628.5550476461648941040039062500000000000000
-27856071.7881216928362846374511718750000000000000
-72613871.9162689298391342163085937500000000000000
-100666679.5582939386367797851562500000000000000000
-128622651.7548025995492935180664062500000000000000
4388396.8829924603924155235290527343750000000000
-20143573.9612579084932804107666015625000000000000
65778594.6253562048077583312988281250000000000000
79602049.2432013601064682006835937500000000000000
-40275076.3673515468835830688476562500000000000000
-100464206.1191857755184173583984375000000000000000
121453031.7604648470878601074218750000000000000000
-97635044.7419430464506149291992187500000000000000
-136176713.0377399027347564697265625000000000000000
-9836805.1600088439881801605224609375000000000000
-83963827.5658821016550064086914062500000000000000
-9864678.0106374081224203109741210937500000000000
-11137799.5028107147663831710815429687500000000000
37016221.8647786751389503479003906250000000000000
52061470.4541029781103134155273437500000000000000
-12340686.4774349071085453033447265625000000000000
-14203485.6393041741102933883666992187500000000000
-1403333.2101989227812737226486206054687500000000
-71815247.3194929510354995727539062500000000000000
85407359.8682958483695983886718750000000000000000
-124652422.5155583471059799194335937500000000000000
82914058.7719665467739105224609375000000000000000
32632881.6544392928481101989746093750000000000000
134408538.7047954201698303222656250000000000000000
160523488.0734170973300933837890625000000000000000
64219366.6456978619098663330078125000000000000000
192452728.4100277423858642578125000000000000000000
3897280.1018674299120903015136718750000000000000
142225856.2073677778244018554687500000000000000000
-240981731.2512603700160980224609375000000000000000
-31818599.2223567105829715728759765625000000000000
-24347171.7911927402019500732421875000000000000000
152658427.1612173318862915039062500000000000000000
91519217.1293173581361770629882812500000000000000
-138325121.0228503346443176269531250000000000000000
-2367852.0312554528936743736267089843750000000000
101830800.6898730546236038208007812500000000000000
-88248678.1331925988197326660156250000000000000000
-19910583.2017284668982028961181640625000000000000
90492622.9167002886533737182617187500000000000000
43245510.0734268277883529663085937500000000000000
49383987.2932472601532936096191406250000000000000
10893230.5038042161613702774047851562500000000000
100980579.3704675883054733276367187500000000000000
41960723.5889572650194168090820312500000000000000
10801128.7942044418305158615112304687500000000000
5528679.5647201258689165115356445312500000000000
-35257613.1697100549936294555664062500000000000000
57846044.3360628709197044372558593750000000000000
-44389636.4341052100062370300292968750000000000000
105461895.1396730989217758178710937500000000000000
23576051.3998297639191150665283203125000000000000
29131769.9281160756945610046386718750000000000000
46221741.8033139333128929138183593750000000000000
12905514.5807866565883159637451171875000000000000
-86419221.8029764890670776367187500000000000000000
-5481966.6590696685016155242919921875000000000000
-150080221.6929203271865844726562500000000000000000
11483533.2271498646587133407592773437500000000000
-140367785.8226285576820373535156250000000000000000
68978659.8553825318813323974609375000000000000000
77666289.6466270834207534790039062500000000000000
-37051546.3313256129622459411621093750000000000000
1425817.2491938152816146612167358398437500000000
-13564421.8267529066652059555053710937500000000000
-89937132.3882221728563308715820312500000000000000
-23210036.2871978282928466796875000000000000000000
-29677730.8833084031939506530761718750000000000000
34891669.4688814729452133178710937500000000000000
-104286722.5968418121337890625000000000000000000000
-17402845.8129744157195091247558593750000000000000
59647889.5190182849764823913574218750000000000000
-35675547.4753983914852142333984375000000000000000
-10904322.7961488310247659683227539062500000000000
45717163.0956527292728424072265625000000000000000
55429348.0633107200264930725097656250000000000000
86998197.3404048681259155273437500000000000000000
-14756450.2288597803562879562377929687500000000000
513716.4956887029693461954593658447265625000000
21381862.6934342086315155029296875000000000000000
22787040.8439772538840770721435546875000000000000
-28263431.5096525102853775024414062500000000000000
-126969084.8520051985979080200195312500000000000000
35864480.1076322644948959350585937500000000000000
9912352.0831353031098842620849609375000000000000
-64940429.8036637604236602783203125000000000000000
51681001.7882810831069946289062500000000000000000
55693359.9417665451765060424804687500000000000000
-38937316.4701519533991813659667968750000000000000
98218494.8752596825361251831054687500000000000000
38595832.4215406179428100585937500000000000000000
30815069.9547137357294559478759765625000000000000
-55585354.9515221491456031799316406250000000000000
-47872761.3151856958866119384765625000000000000000
40397802.3598401397466659545898437500000000000000
-86538993.8378976732492446899414062500000000000000
-26642273.4345804825425148010253906250000000000000
18239177.9414414688944816589355468750000000000000
14371606.3209278099238872528076171875000000000000
-36922284.0533977821469306945800781250000000000000
-25455733.8913439661264419555664062500000000000000
-15506583.3236218802630901336669921875000000000000
45773288.2714759707450866699218750000000000000000
42269479.6164488196372985839843750000000000000000
50818567.5592078119516372680664062500000000000000
116711292.1776071190834045410156250000000000000000
-31540767.7766154780983924865722656250000000000000
4547161.4981515277177095413208007812500000000000
2740847.6342269759625196456909179687500000000000
-42438746.0338189005851745605468750000000000000000
28794853.6955831609666347503662109375000000000000
89486332.4700807631015777587890625000000000000000
85582140.0937155783176422119140625000000000000000
9208871.5492595657706260681152343750000000000000
-17768342.9328154511749744415283203125000000000000
-9136470.9534182026982307434082031250000000000000
52887087.2330502346158027648925781250000000000000
-97713769.1868839710950851440429687500000000000000
-45313237.6322960183024406433105468750000000000000
-132029332.9362953454256057739257812500000000000000
-120520498.7124921828508377075195312500000000000000
-81248657.5618876963853836059570312500000000000000
7707109.9603971550241112709045410156250000000000
12995009.9734118077903985977172851562500000000000
49162665.2745856493711471557617187500000000000000
-1157787.4855821344535797834396362304687500000000
-24135627.4538413286209106445312500000000000000000
9082999.8336765188723802566528320312500000000000
83583750.4671261459589004516601562500000000000000
5537299.3078155666589736938476562500000000000000
10023544.7893174942582845687866210937500000000000
-65202034.4025568440556526184082031250000000000000
37849032.0232279747724533081054687500000000000000
59021282.4485968872904777526855468750000000000000
28228193.5594505481421947479248046875000000000000
1536667.2668282559607177972793579101562500000000
-173043483.1240915954113006591796875000000000000000
51594350.6372590363025665283203125000000000000000
-70656032.7386980950832366943359375000000000000000
21049804.2661782614886760711669921875000000000000
41503431.4969894364476203918457031250000000000000
37179082.2699543610215187072753906250000000000000
10583193.2804685737937688827514648437500000000000
-60755572.0292253792285919189453125000000000000000
-24718551.0923592150211334228515625000000000000000
28895549.3054896369576454162597656250000000000000
32779804.2740202248096466064453125000000000000000
-57118246.6306748390197753906250000000000000000000
114650071.3532453626394271850585937500000000000000
38433117.5967185944318771362304687500000000000000
48482218.2743922322988510131835937500000000000000
22018027.3312039226293563842773437500000000000000
24379260.3015079535543918609619140625000000000000
-20436129.9617472030222415924072265625000000000000
1139852.2595369166228920221328735351562500000000
-23341888.1527346819639205932617187500000000000000
-27365106.2998213879764080047607421875000000000000
96442566.2325330823659896850585937500000000000000
-139047496.6250587999820709228515625000000000000000
31706180.4984774552285671234130859375000000000000
5111159.7099016215652227401733398437500000000000
35879891.4386949464678764343261718750000000000000
55262742.0612995699048042297363281250000000000000
-10712757.4376246072351932525634765625000000000000
13549920.9790709726512432098388671875000000000000
16944071.4098081961274147033691406250000000000000
-60039196.4891129806637763977050781250000000000000
-54768117.0367890447378158569335937500000000000000
10512805.3495187442749738693237304687500000000000
-37748190.7240618690848350524902343750000000000000
-56294088.7742797732353210449218750000000000000000
-110028717.0967715084552764892578125000000000000000
22644370.1474173143506050109863281250000000000000
-16668309.6873337607830762863159179687500000000000
42504912.7755955979228019714355468750000000000000
-33388797.2559983059763908386230468750000000000000
-25254072.2298563197255134582519531250000000000000
-32863664.8778935149312019348144531250000000000000
-32272447.5188436508178710937500000000000000000000
-13361200.7500398810952901840209960937500000000000
-24432772.3984073065221309661865234375000000000000
64596544.9122852087020874023437500000000000000000
23806203.7402655594050884246826171875000000000000
18742946.4898353330790996551513671875000000000000
-24744277.1760961562395095825195312500000000000000
-16644050.7852557469159364700317382812500000000000
55009369.5879381746053695678710937500000000000000
-31891215.9063825458288192749023437500000000000000
48249626.9199882820248603820800781250000000000000
-35624311.7586098834872245788574218750000000000000
-35693903.5585477426648139953613281250000000000000
9801144.2834085002541542053222656250000000000000
68929781.2019486278295516967773437500000000000000
-26951322.5192407555878162384033203125000000000000
73538032.9747624099254608154296875000000000000000
139327031.6525433361530303955078125000000000000000
-5139552.5815728781744837760925292968750000000000
62232962.5131745338439941406250000000000000000000
-77213565.0032222718000411987304687500000000000000
-27091199.4933123029768466949462890625000000000000
-60161405.1500671580433845520019531250000000000000
-6257320.7804460488259792327880859375000000000000
-59847635.3516323938965797424316406250000000000000
-33700745.3392309620976448059082031250000000000000
-36647926.1645254939794540405273437500000000000000
125027952.9544897824525833129882812500000000000000
-56935836.6777011081576347351074218750000000000000
11209289.5462840050458908081054687500000000000000
31666017.2465960271656513214111328125000000000000
-76844933.2842175513505935668945312500000000000000
-44098772.0592210292816162109375000000000000000000
-21743484.5907155275344848632812500000000000000000
-33580637.4448796063661575317382812500000000000000
27340665.4602720141410827636718750000000000000000
5617373.7864971179515123367309570312500000000000
-1497744.1480312040075659751892089843750000000000
73944981.7674401998519897460937500000000000000000
-17283896.4749232120811939239501953125000000000000
-32185398.5824277959764003753662109375000000000000
-93372143.3885063827037811279296875000000000000000
-16684111.3650294449180364608764648437500000000000
-430526.4433048623031936585903167724609375000000
-10570293.7372977081686258316040039062500000000000
77011583.1953182369470596313476562500000000000000
56643187.6825103983283042907714843750000000000000
-109014180.7087762057781219482421875000000000000000
-15773108.9231665190309286117553710937500000000000
25862644.3383963629603385925292968750000000000000
-4000946.7790793669410049915313720703125000000000
-44894003.5403206199407577514648437500000000000000
-13584537.8345244154334068298339843750000000000000
-18765599.5855499841272830963134765625000000000000
78265680.5630904287099838256835937500000000000000
-11232292.1225665006786584854125976562500000000000
9764450.9387883283197879791259765625000000000000
45017743.4575132280588150024414062500000000000000
-6657310.3616838408634066581726074218750000000000
1015593.4182613870361819863319396972656250000000
-31105200.7226170413196086883544921875000000000000
30227458.3848422616720199584960937500000000000000
-41315534.3670096993446350097656250000000000000000
27443236.2314232997596263885498046875000000000000
1862743.2331971293315291404724121093750000000000
31475629.7388077713549137115478515625000000000000
-24560346.8395196273922920227050781250000000000000
55612239.3432884365320205688476562500000000000000
64932544.8070725575089454650878906250000000000000
23609258.1344656236469745635986328125000000000000
76406984.6085289418697357177734375000000000000000
47473986.4094202145934104919433593750000000000000
-45712453.6353084817528724670410156250000000000000
5297696.6780770365148782730102539062500000000000
13908966.8518328033387660980224609375000000000000
15292846.6734803672879934310913085937500000000000
21808767.9197400063276290893554687500000000000000
-25114850.4375540241599082946777343750000000000000
5263108.2491709440946578979492187500000000000000
16277358.8270731791853904724121093750000000000000
21420418.3280249796807765960693359375000000000000
-10622033.6002064365893602371215820312500000000000
-40348446.8384931087493896484375000000000000000000
-15938546.9557060822844505310058593750000000000000
-44107343.7658307403326034545898437500000000000000
10839640.8084906283766031265258789062500000000000
13991518.0093960873782634735107421875000000000000
16154712.5259792879223823547363281250000000000000
-16616098.2638671249151229858398437500000000000000
-59918313.6894616559147834777832031250000000000000
-32067200.4932764433324337005615234375000000000000
-5174785.9013472767546772956848144531250000000000
73744909.7116981297731399536132812500000000000000
2836532.5256495098583400249481201171875000000000
10650844.0932659711688756942749023437500000000000
-26421366.9139015935361385345458984375000000000000
-21843900.2418644353747367858886718750000000000000
67442477.3585058301687240600585937500000000000000
9476691.0101292449980974197387695312500000000000
-28154715.3811291307210922241210937500000000000000
2703957.0384083301760256290435791015625000000000
-20947189.8510203510522842407226562500000000000000
37779818.3745634853839874267578125000000000000000
26858871.2564952932298183441162109375000000000000
-19915822.3516744934022426605224609375000000000000
-64124391.5335484370589256286621093750000000000000
42609967.4947609528899192810058593750000000000000
-6557176.8568743700161576271057128906250000000000
-17136642.7490111961960792541503906250000000000000
2204947.1892153257504105567932128906250000000000
-20356394.8093350753188133239746093750000000000000
11393285.6637934055179357528686523437500000000000
-14316174.8933104928582906723022460937500000000000
2270857.9542847308330237865447998046875000000000
11784534.3417274877429008483886718750000000000000
-23667974.0326104313135147094726562500000000000000
287357.1869868686189875006675720214843750000000
