1.0504112777208671758444324950687587261200
-101.9883988117228454939322546124458312988281
2628.4470520619934177375398576259613037109375
-28863.5044635912017838563770055770874023437500
154750.1734093819977715611457824707031250000000
-386050.2314007797394879162311553955078125000000
215847.5049393269873689860105514526367187500000
627661.8791279752040281891822814941406250000000
397140.8321066240314394235610961914062500000000
-4797713.4761460144072771072387695312500000000000
4885696.1709294756874442100524902343750000000000
1749710.2595023557078093290328979492187500000000
-663032.4408910626079887151718139648437500000000
-6860226.4047036003321409225463867187500000000000
7316361.2226090012118220329284667968750000000000
-5965300.4102705307304859161376953125000000000000
1307348.9971282391343265771865844726562500000000
1838026.6660421176347881555557250976562500000000
4566389.9958924455568194389343261718750000000000
-3397141.4195615178905427455902099609375000000000
1501988.3842054971028119325637817382812500000000
-2910238.5334939849562942981719970703125000000000
3028439.1664787856861948966979980468750000000000
2274565.0612337072379887104034423828125000000000
-13319917.7012600041925907135009765625000000000000
-695907.7746434191940352320671081542968750000000
9858713.1630321629345417022705078125000000000000
-6089288.5866248318925499916076660156250000000000
7542510.1108507039025425910949707031250000000000
-6623182.1159024229273200035095214843750000000000
2296157.1637755390256643295288085937500000000000
10509608.2456228658556938171386718750000000000000
6945554.3224259736016392707824707031250000000000
-11344611.2489904016256332397460937500000000000000
233816.9304696842445991933345794677734375000000
3195209.4739057547412812709808349609375000000000
2014354.6620381849352270364761352539062500000000
-2901959.0684614521451294422149658203125000000000
-16216621.3568302448838949203491210937500000000000
935378.2622226425446569919586181640625000000000
-13888125.2973299119621515274047851562500000000000
9268945.4978661146014928817749023437500000000000
-7276382.3747595148161053657531738281250000000000
14843404.2278055381029844284057617187500000000000
5576840.7666215253993868827819824218750000000000
5484625.5627044374123215675354003906250000000000
-27267341.6794663071632385253906250000000000000000
30798346.7328514158725738525390625000000000000000
-9235290.8522632252424955368041992187500000000000
-3708304.5606897100806236267089843750000000000000
15160563.3740708772093057632446289062500000000000
15436730.0585380773991346359252929687500000000000
8295612.5955618405714631080627441406250000000000
13372849.6548126302659511566162109375000000000000
2194652.4303010292351245880126953125000000000000
-18240681.3237619027495384216308593750000000000000
-15940690.4966076724231243133544921875000000000000
-27733518.0349413417279720306396484375000000000000
-24643369.7205668315291404724121093750000000000000
-16399131.5907723549753427505493164062500000000000
7097547.1602198006585240364074707031250000000000
17728445.6808622591197490692138671875000000000000
20524685.4800942130386829376220703125000000000000
27662075.4535198397934436798095703125000000000000
-18538197.8434881567955017089843750000000000000000
-12871179.5363078732043504714965820312500000000000
-42206659.8762686625123023986816406250000000000000
2417739.1359018860384821891784667968750000000000
22247560.9323616251349449157714843750000000000000
-34133770.4245951995253562927246093750000000000000
31965353.4753906130790710449218750000000000000000
4978154.0584579715505242347717285156250000000000
75646856.0712310820817947387695312500000000000000
-54147083.9402560666203498840332031250000000000000
23981885.6121195107698440551757812500000000000000
50669188.4853237867355346679687500000000000000000
-43665900.7017607688903808593750000000000000000000
55155844.1103854551911354064941406250000000000000
24204868.0232403837144374847412109375000000000000
-42410132.8452123552560806274414062500000000000000
-1117310.1446613054722547531127929687500000000000
28890677.5121060051023960113525390625000000000000
-16921876.1894403845071792602539062500000000000000
-59445693.6254860684275627136230468750000000000000
-1672010.2515345723368227481842041015625000000000
-69926397.4899169057607650756835937500000000000000
-56909163.4282174035906791687011718750000000000000
56678880.7525325194001197814941406250000000000000
-14674134.0205628015100955963134765625000000000000
13012743.9373246617615222930908203125000000000000
8731787.7693389765918254852294921875000000000000
-24816546.9601455703377723693847656250000000000000
5346969.7993546538054943084716796875000000000000
43802913.2026735469698905944824218750000000000000
-2680255.5886882189661264419555664062500000000000
17331173.9143471159040927886962890625000000000000
16395278.1833150424063205718994140625000000000000
-6322633.9320919197052717208862304687500000000000
-15476307.3985750712454319000244140625000000000000
13980455.0461948383599519729614257812500000000000
5343357.9882649779319763183593750000000000000000
22823317.3802120536565780639648437500000000000000
-17603384.8797800466418266296386718750000000000000
83202977.2881162911653518676757812500000000000000
21092379.9546802230179309844970703125000000000000
-3020569.0967857977375388145446777343750000000000
-79217634.9723695814609527587890625000000000000000
7006109.6132841929793357849121093750000000000000
-54441938.2309270426630973815917968750000000000000
-72646748.8567162305116653442382812500000000000000
33294033.0244290195405483245849609375000000000000
-10595375.7699914444237947463989257812500000000000
68214146.4113511294126510620117187500000000000000
9314883.9676268827170133590698242187500000000000
-76178875.1285517364740371704101562500000000000000
92049219.4158470481634140014648437500000000000000
-12188615.6456696204841136932373046875000000000000
-44420738.2031989842653274536132812500000000000000
-27227362.6464842520654201507568359375000000000000
25828057.6813143901526927947998046875000000000000
23408057.5189571157097816467285156250000000000000
-1338040.7658004788681864738464355468750000000000
7779188.0923095205798745155334472656250000000000
33013652.0481286458671092987060546875000000000000
23469422.9997622333467006683349609375000000000000
-77296993.8620746284723281860351562500000000000000
38498501.4387898519635200500488281250000000000000
-9465671.7983748707920312881469726562500000000000
-10225539.4574332106858491897583007812500000000000
51826957.2831107974052429199218750000000000000000
-14557662.3503846228122711181640625000000000000000
48490023.7689386978745460510253906250000000000000
13568536.5160862524062395095825195312500000000000
-36818856.5227386280894279479980468750000000000000
6552293.6245120558887720108032226562500000000000
29617618.6539036110043525695800781250000000000000
-64299800.8275168985128402709960937500000000000000
882806.2722487213322892785072326660156250000000
-52877859.8216048479080200195312500000000000000000
37949339.0001377910375595092773437500000000000000
-71967910.8691462576389312744140625000000000000000
-35256252.6402303501963615417480468750000000000000
-6838335.2804164877161383628845214843750000000000
7639055.5663784714415669441223144531250000000000
16077027.3411588724702596664428710937500000000000
67382136.9700382202863693237304687500000000000000
-21102521.8597198873758316040039062500000000000000
28397231.8047344014048576354980468750000000000000
-27418182.3316573947668075561523437500000000000000
-72031222.8848887085914611816406250000000000000000
-4475136.8797296332195401191711425781250000000000
-516116.3578313423786312341690063476562500000000
53044917.9242663010954856872558593750000000000000
28776149.1782936267554759979248046875000000000000
54579853.8337259888648986816406250000000000000000
19198096.2087648659944534301757812500000000000000
584619.0070507500786334276199340820312500000000
14227482.2777201663702726364135742187500000000000
-298732.4480568170547485351562500000000000000000
51824166.8542648926377296447753906250000000000000
19175391.4906347692012786865234375000000000000000
-65052489.9893112257122993469238281250000000000000
5161402.9433910446241497993469238281250000000000
40723439.2554233446717262268066406250000000000000
-22296811.1115229465067386627197265625000000000000
-39452876.5542377233505249023437500000000000000000
-71005739.7888833880424499511718750000000000000000
-46148294.3280615806579589843750000000000000000000
-12220923.9015127941966056823730468750000000000000
28635294.8041161596775054931640625000000000000000
-23218589.7183051332831382751464843750000000000000
-49182587.9176011234521865844726562500000000000000
16613046.9051509462296962738037109375000000000000
33494261.2632854208350181579589843750000000000000
-34784173.4800596088171005249023437500000000000000
45324593.7987433224916458129882812500000000000000
-45519086.1128035709261894226074218750000000000000
39738291.1806245520710945129394531250000000000000
28833916.4257862754166126251220703125000000000000
-41574643.7088588699698448181152343750000000000000
57311673.0081670656800270080566406250000000000000
-16037769.8082660790532827377319335937500000000000
29849915.8825278319418430328369140625000000000000
-37989045.6155619248747825622558593750000000000000
14754476.4379485528916120529174804687500000000000
10847898.1197309456765651702880859375000000000000
-6465537.8570163408294320106506347656250000000000
-52417811.1358811035752296447753906250000000000000
-23744629.1808342412114143371582031250000000000000
16330403.6459079757332801818847656250000000000000
49153551.2386576384305953979492187500000000000000
70446066.5365108996629714965820312500000000000000
42617272.6469318345189094543457031250000000000000
-9063649.7361347936093807220458984375000000000000
17675421.0155466496944427490234375000000000000000
20459086.5979188978672027587890625000000000000000
12157432.4183478113263845443725585937500000000000
10089231.4119770340621471405029296875000000000000
-10893050.1549938227981328964233398437500000000000
98579062.1553058624267578125000000000000000000000
-108578820.6375578790903091430664062500000000000000
810496.5780178298009559512138366699218750000000
-56703380.9651110023260116577148437500000000000000
-12924091.8239347599446773529052734375000000000000
-33842367.0242475569248199462890625000000000000000
23532538.7590298466384410858154296875000000000000
60439928.2991821244359016418457031250000000000000
26048005.5003237389028072357177734375000000000000
3552468.4104318688623607158660888671875000000000
-21453046.0786071494221687316894531250000000000000
-71350982.7003756612539291381835937500000000000000
-103056637.2362378984689712524414062500000000000000
7283593.0368057684972882270812988281250000000000
61018998.3977352306246757507324218750000000000000
-22739441.5460785403847694396972656250000000000000
61482565.4036610424518585205078125000000000000000
-35811649.5293046310544013977050781250000000000000
-42723293.5410956218838691711425781250000000000000
36126899.0814022496342658996582031250000000000000
50269497.5631543472409248352050781250000000000000
11008230.8533945735543966293334960937500000000000
-22427001.9085946492850780487060546875000000000000
44941071.3885782361030578613281250000000000000000
-10152344.3785110861063003540039062500000000000000
-25894636.8682743757963180541992187500000000000000
-40778527.3031466975808143615722656250000000000000
-29075057.8905576393008232116699218750000000000000
-2456037.2668362557888031005859375000000000000000
-149530677.9266750514507293701171875000000000000000
-71576657.4536085575819015502929687500000000000000
-18874487.7152157239615917205810546875000000000000
-18283164.9768082909286022186279296875000000000000
89767321.0926552265882492065429687500000000000000
-25090341.7572175040841102600097656250000000000000
-38910816.2831266894936561584472656250000000000000
-3070738.8063647346571087837219238281250000000000
26410632.3695746399462223052978515625000000000000
167471257.4185573756694793701171875000000000000000
23086824.9596679583191871643066406250000000000000
47055027.0359086096286773681640625000000000000000
8946976.8060030229389667510986328125000000000000
13164565.2251005358994007110595703125000000000000
20807294.3464306741952896118164062500000000000000
-53193940.0893332213163375854492187500000000000000
50200467.2285054326057434082031250000000000000000
11132635.1043954212218523025512695312500000000000
-26669706.3561343997716903686523437500000000000000
72353012.2166566848754882812500000000000000000000
-57754816.0454514399170875549316406250000000000000
9890844.8176462762057781219482421875000000000000
74016613.8153875768184661865234375000000000000000
74368021.8424499928951263427734375000000000000000
-23044620.5694645605981349945068359375000000000000
-73402931.1936530619859695434570312500000000000000
111071704.3303888291120529174804687500000000000000
103581934.9063856750726699829101562500000000000000
-82359597.2267593890428543090820312500000000000000
-84013480.2930135875940322875976562500000000000000
-58004161.0047423690557479858398437500000000000000
51027521.7278502508997917175292968750000000000000
-81892852.0779845714569091796875000000000000000000
-55047534.1090782284736633300781250000000000000000
8816890.1310173068195581436157226562500000000000
-26325351.8565297573804855346679687500000000000000
47240913.2336729541420936584472656250000000000000
-54092559.7268260642886161804199218750000000000000
50536960.3596722483634948730468750000000000000000
-9763672.6811130344867706298828125000000000000000
-6521469.0939680691808462142944335937500000000000
43045566.6512602344155311584472656250000000000000
-77485512.7886929064989089965820312500000000000000
2186762.0484731188043951988220214843750000000000
26063298.4894677810370922088623046875000000000000
-73386992.0882484763860702514648437500000000000000
-65400214.6842678338289260864257812500000000000000
-1372945.3919209721498191356658935546875000000000
20738599.8077771216630935668945312500000000000000
67531728.0160737484693527221679687500000000000000
-69533487.1120277047157287597656250000000000000000
7846981.9950340269133448600769042968750000000000
-302670.0385150518850423395633697509765625000000
32207509.3686473332345485687255859375000000000000
30419687.6215469874441623687744140625000000000000
-55192755.7847804203629493713378906250000000000000
72474402.8770008534193038940429687500000000000000
30059255.4766062758862972259521484375000000000000
63179056.5832385271787643432617187500000000000000
34010570.0806843638420104980468750000000000000000
9176712.1951090749353170394897460937500000000000
14762036.1145473197102546691894531250000000000000
-23146033.6388550736010074615478515625000000000000
-47276875.3383907675743103027343750000000000000000
-62506864.8701962009072303771972656250000000000000
45460552.3631346449255943298339843750000000000000
-54365155.9048023596405982971191406250000000000000
10749158.8260735850781202316284179687500000000000
-30952232.8479578047990798950195312500000000000000
35077234.7998213022947311401367187500000000000000
-35936339.8142072558403015136718750000000000000000
53288784.6643497422337532043457031250000000000000
-8529632.9671758897602558135986328125000000000000
8864736.1751215420663356781005859375000000000000
-20915449.7314825765788555145263671875000000000000
-32875660.5849603526294231414794921875000000000000
18160355.5939720459282398223876953125000000000000
-19121540.2019846960902214050292968750000000000000
-48296025.9386960864067077636718750000000000000000
96029900.0939390212297439575195312500000000000000
-13644784.3921174071729183197021484375000000000000
-4206837.3187969680875539779663085937500000000000
12563436.8588920924812555313110351562500000000000
70234200.1492446959018707275390625000000000000000
-12415239.3474765773862600326538085937500000000000
-31995445.8938946053385734558105468750000000000000
3252913.8919315594248473644256591796875000000000
-27941784.7782610468566417694091796875000000000000
