-6.0035659127865805828605516580864787101746
1931.6388462615004755207337439060211181640625
-204758.1985180874180514365434646606445312500000
10156664.9994467888027429580688476562500000000000
-288476405.8892766237258911132812500000000000000000
5247717795.8224868774414062500000000000000000000000
-65385898121.3969726562500000000000000000000000000000
581691124977.7623291015625000000000000000000000000000
-3785890722631.8110351562500000000000000000000000000000
18210699087091.2304687500000000000000000000000000000000
-64402738218602.2109375000000000000000000000000000000000
162681006464141.9062500000000000000000000000000000000000
-269581614498404.8750000000000000000000000000000000000000
207300341694946.7500000000000000000000000000000000000000
193801170515629.4062500000000000000000000000000000000000
-677159735821477.6250000000000000000000000000000000000000
584394892530136.5000000000000000000000000000000000000000
81516351558038.6093750000000000000000000000000000000000
-251127294685195.2187500000000000000000000000000000000000
-299916383125791.1250000000000000000000000000000000000000
239042801115070.1562500000000000000000000000000000000000
433605383746120.8125000000000000000000000000000000000000
-418740443484662.8125000000000000000000000000000000000000
473806058447949.6875000000000000000000000000000000000000
-1008881535977801.6250000000000000000000000000000000000000
550794047845207.5625000000000000000000000000000000000000
-280075292965772.1562500000000000000000000000000000000000
570535271384681.0000000000000000000000000000000000000000
627167913086340.6250000000000000000000000000000000000000
-758045833959713.7500000000000000000000000000000000000000
-430447192053314.8125000000000000000000000000000000000000
-9286604831978.6835937500000000000000000000000000000000
-908798030143510.0000000000000000000000000000000000000000
1256926626218184.5000000000000000000000000000000000000000
1069203756288283.6250000000000000000000000000000000000000
-647743953663518.1250000000000000000000000000000000000000
442047652648317.2500000000000000000000000000000000000000
-1141286743922536.2500000000000000000000000000000000000000
-529988904004429.3750000000000000000000000000000000000000
743105737219718.8750000000000000000000000000000000000000
-756125394932865.2500000000000000000000000000000000000000
522934947130069.2500000000000000000000000000000000000000
37709647271430.9218750000000000000000000000000000000000
307905776756690.4375000000000000000000000000000000000000
715450394605061.6250000000000000000000000000000000000000
-350875002222961.5625000000000000000000000000000000000000
309971004973772.8125000000000000000000000000000000000000
619518757642819.0000000000000000000000000000000000000000
-1460121955955689.7500000000000000000000000000000000000000
-1214070898214558.0000000000000000000000000000000000000000
518346176085067.1250000000000000000000000000000000000000
188327604721501.8125000000000000000000000000000000000000
-224849085716125.1562500000000000000000000000000000000000
208943276370821.2500000000000000000000000000000000000000
94533968668074.8906250000000000000000000000000000000000
972451648700909.2500000000000000000000000000000000000000
676807683375486.7500000000000000000000000000000000000000
423905385897326.3750000000000000000000000000000000000000
-750059339449685.1250000000000000000000000000000000000000
89612420330580.5937500000000000000000000000000000000000
-610315722880590.2500000000000000000000000000000000000000
-275774603900681.5312500000000000000000000000000000000000
-268001371282813.7187500000000000000000000000000000000000
-444101955098898.1875000000000000000000000000000000000000
-187529531523202.9375000000000000000000000000000000000000
-183347231562201.4375000000000000000000000000000000000000
-348586594541865.9375000000000000000000000000000000000000
316915307297458.8750000000000000000000000000000000000000
628151955938421.7500000000000000000000000000000000000000
647445317086828.6250000000000000000000000000000000000000
359275767417601.2500000000000000000000000000000000000000
279280348867172.0312500000000000000000000000000000000000
-10981565467401.1191406250000000000000000000000000000000
437685505530828.1875000000000000000000000000000000000000
74746164881960.6718750000000000000000000000000000000000
-122699547214724.5312500000000000000000000000000000000000
-224259642497844.1250000000000000000000000000000000000000
-327261774773317.5625000000000000000000000000000000000000
-646502143964116.1250000000000000000000000000000000000000
-117180346353483.5312500000000000000000000000000000000000
-225456395584225.2812500000000000000000000000000000000000
-1114126599308097.5000000000000000000000000000000000000000
2456328587740.8251953125000000000000000000000000000000
170248382638451.5625000000000000000000000000000000000000
153142615247459.4062500000000000000000000000000000000000
-525060747086359.0625000000000000000000000000000000000000
454957032454463.4375000000000000000000000000000000000000
765813030391448.1250000000000000000000000000000000000000
65484544346021.4765625000000000000000000000000000000000
1212959322102583.5000000000000000000000000000000000000000
-135106829848368.5937500000000000000000000000000000000000
-76232389278804.8593750000000000000000000000000000000000
587614867124726.0000000000000000000000000000000000000000
308520863315843.6250000000000000000000000000000000000000
342425045919605.7500000000000000000000000000000000000000
406189760487973.1250000000000000000000000000000000000000
-511330194942833.1875000000000000000000000000000000000000
6553419585648.2431640625000000000000000000000000000000
-1616525497700606.7500000000000000000000000000000000000000
376021624038461.2500000000000000000000000000000000000000
-760623924919523.0000000000000000000000000000000000000000
-774675716928212.6250000000000000000000000000000000000000
-719231188069285.6250000000000000000000000000000000000000
-103736314233310.4062500000000000000000000000000000000000
-213888607910133.3750000000000000000000000000000000000000
-440756822837872.0000000000000000000000000000000000000000
359308978989355.9375000000000000000000000000000000000000
177001875496281.9375000000000000000000000000000000000000
789672908826884.1250000000000000000000000000000000000000
807821766411480.2500000000000000000000000000000000000000
1076406079209649.5000000000000000000000000000000000000000
-602500152637822.6250000000000000000000000000000000000000
381733138801664.5625000000000000000000000000000000000000
719736748257736.2500000000000000000000000000000000000000
-258879453648299.6250000000000000000000000000000000000000
114209782044435.8906250000000000000000000000000000000000
727142738260669.2500000000000000000000000000000000000000
-709186323523769.5000000000000000000000000000000000000000
318429102035932.3750000000000000000000000000000000000000
148301238344978.8750000000000000000000000000000000000000
-423759237305054.1250000000000000000000000000000000000000
-66761832998521.3906250000000000000000000000000000000000
-184383552093607.8750000000000000000000000000000000000000
41967514125152.1953125000000000000000000000000000000000
-520711318730304.6250000000000000000000000000000000000000
-336020692030898.3750000000000000000000000000000000000000
95963732016590.0625000000000000000000000000000000000000
-684731931808447.5000000000000000000000000000000000000000
-78363869051279.9843750000000000000000000000000000000000
-374099806404309.8125000000000000000000000000000000000000
-479850803610219.3750000000000000000000000000000000000000
-144870147803166.1250000000000000000000000000000000000000
300202218756495.4375000000000000000000000000000000000000
-21311332646412.6679687500000000000000000000000000000000
155614763380036.5312500000000000000000000000000000000000
-1751243659008793.5000000000000000000000000000000000000000
942871692863721.0000000000000000000000000000000000000000
-403433685013732.5000000000000000000000000000000000000000
1165462155132325.2500000000000000000000000000000000000000
883998869467432.2500000000000000000000000000000000000000
-26753317036695.3242187500000000000000000000000000000000
1778248084232644.7500000000000000000000000000000000000000
-158920964186238.7187500000000000000000000000000000000000
302884247795456.3750000000000000000000000000000000000000
-640822346647608.0000000000000000000000000000000000000000
-43922268525752.5312500000000000000000000000000000000000
773422006753589.1250000000000000000000000000000000000000
-356256140762210.4375000000000000000000000000000000000000
1192882281266733.7500000000000000000000000000000000000000
616641538251965.7500000000000000000000000000000000000000
-1242900978682576.0000000000000000000000000000000000000000
-1318442900600762.7500000000000000000000000000000000000000
947031060362044.0000000000000000000000000000000000000000
-2865353864086.6562500000000000000000000000000000000000
374138584919841.9375000000000000000000000000000000000000
-920387568824513.6250000000000000000000000000000000000000
-734149206507640.8750000000000000000000000000000000000000
-1239477367825253.5000000000000000000000000000000000000000
-1792969986539.0961914062500000000000000000000000000000
-283472964206261.8750000000000000000000000000000000000000
15545959321546.9472656250000000000000000000000000000000
-361848830538914.8125000000000000000000000000000000000000
680449549420478.3750000000000000000000000000000000000000
-1327687371695736.5000000000000000000000000000000000000000
108262871406825.5156250000000000000000000000000000000000
13207500950624.4882812500000000000000000000000000000000
616118509335852.0000000000000000000000000000000000000000
-678203875886285.8750000000000000000000000000000000000000
-475331574294535.3750000000000000000000000000000000000000
735865631410447.3750000000000000000000000000000000000000
251103736067485.4062500000000000000000000000000000000000
607038644005434.0000000000000000000000000000000000000000
1207382822797469.0000000000000000000000000000000000000000
880171213247031.5000000000000000000000000000000000000000
823446027579106.6250000000000000000000000000000000000000
-460336174422155.5000000000000000000000000000000000000000
395279196262988.1250000000000000000000000000000000000000
-667164868844625.7500000000000000000000000000000000000000
-242294626233307.6875000000000000000000000000000000000000
1494083658772020.0000000000000000000000000000000000000000
-838578182610202.8750000000000000000000000000000000000000
508849959094820.0000000000000000000000000000000000000000
535367414766224.5000000000000000000000000000000000000000
-895572409215112.0000000000000000000000000000000000000000
480001690220827.8125000000000000000000000000000000000000
91446363756971.2500000000000000000000000000000000000000
-1040794604686712.5000000000000000000000000000000000000000
-397205524937651.3750000000000000000000000000000000000000
-569294646285467.3750000000000000000000000000000000000000
-352906327434116.6250000000000000000000000000000000000000
-314732366610044.9375000000000000000000000000000000000000
-62216220934218.3437500000000000000000000000000000000000
-655437060731216.2500000000000000000000000000000000000000
282929910866308.1875000000000000000000000000000000000000
636252135070272.0000000000000000000000000000000000000000
149231504928164.6562500000000000000000000000000000000000
-1502236257103490.5000000000000000000000000000000000000000
430456293830276.1875000000000000000000000000000000000000
-700936211768372.3750000000000000000000000000000000000000
-58147669952074.6093750000000000000000000000000000000000
577956122205181.8750000000000000000000000000000000000000
889788304389060.2500000000000000000000000000000000000000
-428267480193663.1875000000000000000000000000000000000000
423467805566537.6250000000000000000000000000000000000000
1586455209479296.2500000000000000000000000000000000000000
-1282203906304419.5000000000000000000000000000000000000000
20501294115026.4531250000000000000000000000000000000000
68684472530404.3515625000000000000000000000000000000000
-1297404893642972.7500000000000000000000000000000000000000
-490276716565961.1250000000000000000000000000000000000000
1003153912141616.8750000000000000000000000000000000000000
596145863069121.1250000000000000000000000000000000000000
-222484307807567.1562500000000000000000000000000000000000
86809466939529.3750000000000000000000000000000000000000
-297331588140384.0000000000000000000000000000000000000000
592321316546708.1250000000000000000000000000000000000000
502835291032279.2500000000000000000000000000000000000000
1408324823392015.7500000000000000000000000000000000000000
777990488479049.0000000000000000000000000000000000000000
-707108468442550.3750000000000000000000000000000000000000
-1646424643881501.5000000000000000000000000000000000000000
688156079058874.5000000000000000000000000000000000000000
300642392396985.3125000000000000000000000000000000000000
318796067320167.1875000000000000000000000000000000000000
-63034870053069.9453125000000000000000000000000000000000
419548033998517.7500000000000000000000000000000000000000
-47257611102968.0156250000000000000000000000000000000000
881730287405639.8750000000000000000000000000000000000000
-336111054632822.7500000000000000000000000000000000000000
-1400210742908146.5000000000000000000000000000000000000000
422863049530396.9375000000000000000000000000000000000000
-1401500623657145.5000000000000000000000000000000000000000
-486307774547107.0000000000000000000000000000000000000000
-1942981395657070.0000000000000000000000000000000000000000
999467749444717.8750000000000000000000000000000000000000
654085357181336.3750000000000000000000000000000000000000
77486752000377.9687500000000000000000000000000000000000
-1212142017714857.2500000000000000000000000000000000000000
1179799753812087.2500000000000000000000000000000000000000
-819769144767524.5000000000000000000000000000000000000000
-26696467169208.7382812500000000000000000000000000000000
-1126309290956913.5000000000000000000000000000000000000000
1212350726594136.7500000000000000000000000000000000000000
778392602665712.1250000000000000000000000000000000000000
-144707608151917.2812500000000000000000000000000000000000
-1148526305197458.0000000000000000000000000000000000000000
-351897062113680.7500000000000000000000000000000000000000
2003159839727083.7500000000000000000000000000000000000000
567723908654830.1250000000000000000000000000000000000000
55450720081382.2421875000000000000000000000000000000000
-896167277882937.6250000000000000000000000000000000000000
81971574283747.4531250000000000000000000000000000000000
241738275349870.5312500000000000000000000000000000000000
-27882225046666.2031250000000000000000000000000000000000
2924871246041469.0000000000000000000000000000000000000000
-157735245464055.8125000000000000000000000000000000000000
-1728331102413731.2500000000000000000000000000000000000000
1051256305071912.7500000000000000000000000000000000000000
-746278369551445.5000000000000000000000000000000000000000
-524496618038533.3750000000000000000000000000000000000000
1999405343868897.5000000000000000000000000000000000000000
336628156890042.4375000000000000000000000000000000000000
137279086107316.9843750000000000000000000000000000000000
-574439123167702.7500000000000000000000000000000000000000
-493574771425873.9375000000000000000000000000000000000000
692163916439889.5000000000000000000000000000000000000000
-2377785393559915.0000000000000000000000000000000000000000
-342946893246001.3750000000000000000000000000000000000000
-1018016932347858.2500000000000000000000000000000000000000
-272544802485833.6562500000000000000000000000000000000000
456221746444454.1875000000000000000000000000000000000000
-147981769512305.5000000000000000000000000000000000000000
-574943817741371.3750000000000000000000000000000000000000
-715032105173144.5000000000000000000000000000000000000000
-1220630221834508.2500000000000000000000000000000000000000
1717045846612270.7500000000000000000000000000000000000000
-1176331439572229.2500000000000000000000000000000000000000
629137753068013.8750000000000000000000000000000000000000
2040443569334479.0000000000000000000000000000000000000000
251188039642388.6562500000000000000000000000000000000000
562749786674842.6875000000000000000000000000000000000000
20343552591412.8789062500000000000000000000000000000000
1723772212801528.0000000000000000000000000000000000000000
-843745382708741.5000000000000000000000000000000000000000
-271422817219094.1875000000000000000000000000000000000000
75118071073442.8281250000000000000000000000000000000000
-771995941265458.1250000000000000000000000000000000000000
-1494061101875414.5000000000000000000000000000000000000000
349737371857918.2500000000000000000000000000000000000000
1335736524734246.0000000000000000000000000000000000000000
939211914413771.1250000000000000000000000000000000000000
790741290813472.8750000000000000000000000000000000000000
-346170717745422.8125000000000000000000000000000000000000
-2009533496558478.7500000000000000000000000000000000000000
1220382975933019.7500000000000000000000000000000000000000
-134242638840068.4218750000000000000000000000000000000000
466772074296917.8125000000000000000000000000000000000000
-419611382141312.7500000000000000000000000000000000000000
-1211923499538202.7500000000000000000000000000000000000000
-1168202153592184.7500000000000000000000000000000000000000
-1297514866411368.2500000000000000000000000000000000000000
98149262951240.3750000000000000000000000000000000000000
1163639403625534.7500000000000000000000000000000000000000
1238499814001726.2500000000000000000000000000000000000000
29178881629533.2968750000000000000000000000000000000000
421529175913653.4375000000000000000000000000000000000000
-1187553089740731.5000000000000000000000000000000000000000
-266977354986296.9687500000000000000000000000000000000000
2717356112454201.5000000000000000000000000000000000000000
68332141142926.0000000000000000000000000000000000000000
-688086562468519.3750000000000000000000000000000000000000
462225700476556.4375000000000000000000000000000000000000
-1036920452375664.1250000000000000000000000000000000000000
-1277372621180214.5000000000000000000000000000000000000000
90704507012581.4375000000000000000000000000000000000000
851096336667345.7500000000000000000000000000000000000000
