2.4067378365013913921188759559299796819687
-292.4238731194391220924444496631622314453125
9778.5823037527898122789338231086730957031250
-148536.6828074206132441759109497070312500000000
1223357.8389756772667169570922851562500000000000
-5859430.9083479158580303192138671875000000000000
16329737.5486742202192544937133789062500000000000
-23281597.7557797022163867950439453125000000000000
1752825.4140391084365546703338623046875000000000
56316537.4082942083477973937988281250000000000000
-113658472.9387502521276473999023437500000000000000
119701688.6424686759710311889648437500000000000000
-61432627.5811569020152091979980468750000000000000
-6138684.7710543032735586166381835937500000000000
55875042.2881945520639419555664062500000000000000
-149211214.2438434660434722900390625000000000000000
159062075.3933821320533752441406250000000000000000
-29762808.4626642875373363494873046875000000000000
86039380.1639678776264190673828125000000000000000
-137767828.8534956872463226318359375000000000000000
-51276649.4188506975769996643066406250000000000000
33792364.9110452234745025634765625000000000000000
40265806.2984126880764961242675781250000000000000
-22027995.9528191424906253814697265625000000000000
218341750.9415051341056823730468750000000000000000
-319796988.6364126801490783691406250000000000000000
109974062.2406167387962341308593750000000000000000
165722094.1982342004776000976562500000000000000000
-169963018.1900514960289001464843750000000000000000
-17072766.2521961405873298645019531250000000000000
36564426.1798033863306045532226562500000000000000
5024021.9217476118355989456176757812500000000000
28171806.8656528703868389129638671875000000000000
-31473241.9444891437888145446777343750000000000000
23724576.1932638548314571380615234375000000000000
-60744053.7402968853712081909179687500000000000000
35194883.1035244986414909362792968750000000000000
30872275.6165283881127834320068359375000000000000
-110237562.0753449499607086181640625000000000000000
75714244.6702024191617965698242187500000000000000
-75939471.6931182593107223510742187500000000000000
163373174.3225186169147491455078125000000000000000
88350690.9671856611967086791992187500000000000000
-148454382.4233521223068237304687500000000000000000
-142727903.7434504032135009765625000000000000000000
-23926657.1299113035202026367187500000000000000000
84225046.6699575483798980712890625000000000000000
116621374.6745514571666717529296875000000000000000
25996001.3632088601589202880859375000000000000000
-12019030.3523489050567150115966796875000000000000
30883501.3118600659072399139404296875000000000000
29085719.6803143620491027832031250000000000000000
83560382.9591562151908874511718750000000000000000
-74575251.4218892008066177368164062500000000000000
-88148316.7852125167846679687500000000000000000000
-95084239.5711559951305389404296875000000000000000
-125681454.5896859318017959594726562500000000000000
34127804.0003092363476753234863281250000000000000
-74500596.1082615703344345092773437500000000000000
-5008091.1231374824419617652893066406250000000000
10183501.8237128295004367828369140625000000000000
201860085.1938083767890930175781250000000000000000
-18790009.2636632286012172698974609375000000000000
167825252.8602893054485321044921875000000000000000
-3492272.5407895036041736602783203125000000000000
-86559333.0291518121957778930664062500000000000000
-109485372.9891228526830673217773437500000000000000
-102983895.0248786509037017822265625000000000000000
226307253.7719495296478271484375000000000000000000
-42042282.5391985177993774414062500000000000000000
6638426.5241503566503524780273437500000000000000
-25188872.5951503403484821319580078125000000000000
174476229.5270517468452453613281250000000000000000
-105432486.8431685864925384521484375000000000000000
-39502362.9288080185651779174804687500000000000000
94282624.0751723051071166992187500000000000000000
-145292321.1327712833881378173828125000000000000000
-13557593.1034782230854034423828125000000000000000
52905295.5470565333962440490722656250000000000000
-99061994.9700795561075210571289062500000000000000
-54111106.3122940436005592346191406250000000000000
104259725.0137782990932464599609375000000000000000
228899119.5691568255424499511718750000000000000000
42677281.2297015860676765441894531250000000000000
-112096593.4822918474674224853515625000000000000000
-90678752.2479294687509536743164062500000000000000
42683335.1087752580642700195312500000000000000000
189817508.2301037311553955078125000000000000000000
-93445341.7118430137634277343750000000000000000000
-246868028.0617482960224151611328125000000000000000
34147579.4137480780482292175292968750000000000000
-96871062.6867977231740951538085937500000000000000
146094504.9521791636943817138671875000000000000000
-46201214.4204883053898811340332031250000000000000
-241426245.3674268126487731933593750000000000000000
-33834825.0138563513755798339843750000000000000000
44398774.6679038107395172119140625000000000000000
-112100147.8660370111465454101562500000000000000000
52710125.8881711065769195556640625000000000000000
57133855.9119674861431121826171875000000000000000
121285092.6126542687416076660156250000000000000000
112190354.9544678777456283569335937500000000000000
-75910487.7861358970403671264648437500000000000000
105730566.9247269481420516967773437500000000000000
-49845412.9797331988811492919921875000000000000000
96115130.3448183983564376831054687500000000000000
-114910712.7547346502542495727539062500000000000000
-32084110.9109084866940975189208984375000000000000
193822808.0079378485679626464843750000000000000000
-157230879.2335999310016632080078125000000000000000
89418177.0609395802021026611328125000000000000000
32659142.9321524798870086669921875000000000000000
-17550012.0744534544646739959716796875000000000000
67344521.3894609659910202026367187500000000000000
-82036100.0657181441783905029296875000000000000000
168181288.1530735790729522705078125000000000000000
88920626.8990252614021301269531250000000000000000
219240231.9413008689880371093750000000000000000000
-106444164.8352153301239013671875000000000000000000
9620315.3953566215932369232177734375000000000000
-112008290.5590904355049133300781250000000000000000
-79070970.3826294243335723876953125000000000000000
-12600785.9332274161279201507568359375000000000000
143569345.6873769164085388183593750000000000000000
-129334869.2238794416189193725585937500000000000000
-37815777.5176713243126869201660156250000000000000
-169816725.6789595484733581542968750000000000000000
18646098.3917865827679634094238281250000000000000
117099490.0836896300315856933593750000000000000000
-134039639.4027520269155502319335937500000000000000
-250832806.2377056777477264404296875000000000000000
-58387699.9089941754937171936035156250000000000000
99783674.8944692313671112060546875000000000000000
-61469051.5299299806356430053710937500000000000000
23557068.3101851530373096466064453125000000000000
114781233.6873590052127838134765625000000000000000
39094999.6770672872662544250488281250000000000000
-141291765.4233280420303344726562500000000000000000
117386235.1667877286672592163085937500000000000000
185108128.5679751932621002197265625000000000000000
-138239961.2452327311038970947265625000000000000000
-42197307.1471743658185005187988281250000000000000
-102655192.7933147400617599487304687500000000000000
155866841.8585186004638671875000000000000000000000
-23815706.3929029628634452819824218750000000000000
-100422025.0248298496007919311523437500000000000000
-195768225.4279847741127014160156250000000000000000
66761398.7673914209008216857910156250000000000000
97006290.9771147370338439941406250000000000000000
-134149280.2174302786588668823242187500000000000000
176178836.9313851594924926757812500000000000000000
-94729950.1210639327764511108398437500000000000000
-117700382.5992781221866607666015625000000000000000
283138129.4299817085266113281250000000000000000000
-46157684.5978190451860427856445312500000000000000
-101053500.4839792996644973754882812500000000000000
26163245.2140466198325157165527343750000000000000
-45401704.4839647114276885986328125000000000000000
79610267.5619095414876937866210937500000000000000
40659364.4867361932992935180664062500000000000000
89272345.2598084509372711181640625000000000000000
48920484.6238244995474815368652343750000000000000
165476648.9232141375541687011718750000000000000000
5696660.0863550258800387382507324218750000000000
197836740.2476173341274261474609375000000000000000
-74743310.2447448670864105224609375000000000000000
62839689.9129021093249320983886718750000000000000
112508959.1228955388069152832031250000000000000000
172212319.5417141020298004150390625000000000000000
-123722238.9173356443643569946289062500000000000000
-361506904.3523205518722534179687500000000000000000
87762811.5094964057207107543945312500000000000000
66720882.0669866725802421569824218750000000000000
-199757386.8810074031352996826171875000000000000000
-131419695.7771501094102859497070312500000000000000
241526268.4239926040172576904296875000000000000000
233624163.6756021380424499511718750000000000000000
47063445.5772718116641044616699218750000000000000
-49224120.2010542303323745727539062500000000000000
30331899.5103641934692859649658203125000000000000
-49054786.2778442725539207458496093750000000000000
-56662286.7577124536037445068359375000000000000000
-123511928.4191629439592361450195312500000000000000
-118555386.8201625049114227294921875000000000000000
56876012.4606485888361930847167968750000000000000
-61077963.2501290440559387207031250000000000000000
101399559.8900212645530700683593750000000000000000
-235778794.9852470755577087402343750000000000000000
-201400052.7785421311855316162109375000000000000000
-163748829.2971080839633941650390625000000000000000
123423426.6739888638257980346679687500000000000000
-45421109.9898079037666320800781250000000000000000
-187511491.7992888987064361572265625000000000000000
-99730303.0492683053016662597656250000000000000000
48221483.9281800314784049987792968750000000000000
75048059.8278238773345947265625000000000000000000
27952850.3992333151400089263916015625000000000000
-231412389.3629908859729766845703125000000000000000
63581681.7994871735572814941406250000000000000000
162274917.2224520444869995117187500000000000000000
-76407969.8008897155523300170898437500000000000000
199187225.8376793563365936279296875000000000000000
143118960.5445443391799926757812500000000000000000
-60029489.7349432557821273803710937500000000000000
53130389.5595524832606315612792968750000000000000
31918904.4882233589887619018554687500000000000000
18862260.7037201970815658569335937500000000000000
-147926079.6057251691818237304687500000000000000000
168700260.5813996493816375732421875000000000000000
245250672.3221647441387176513671875000000000000000
633122.3425841232528910040855407714843750000000
81214527.8573617041110992431640625000000000000000
171274197.5564731955528259277343750000000000000000
-269557757.9462003707885742187500000000000000000000
102025318.3827372938394546508789062500000000000000
79211259.3803162723779678344726562500000000000000
2085138.5073229621630162000656127929687500000000
-149367964.0949629247188568115234375000000000000000
29422231.5823866091668605804443359375000000000000
186647374.2762938737869262695312500000000000000000
19296067.6529766209423542022705078125000000000000
-140851379.7091011703014373779296875000000000000000
-294470591.0339685678482055664062500000000000000000
86404853.9180043041706085205078125000000000000000
-8955185.9167819358408451080322265625000000000000
14988765.6824470981955528259277343750000000000000
-179280772.9475554525852203369140625000000000000000
222311080.2462310194969177246093750000000000000000
-194801360.6531887948513031005859375000000000000000
-56561085.0349157080054283142089843750000000000000
94206378.9709860682487487792968750000000000000000
-158841352.0810362994670867919921875000000000000000
-220336579.8882079720497131347656250000000000000000
61599841.8126244172453880310058593750000000000000
51188154.1582123860716819763183593750000000000000
122951195.3417765647172927856445312500000000000000
-82025318.1977228373289108276367187500000000000000
75643997.3732753247022628784179687500000000000000
41702302.6540697365999221801757812500000000000000
273909994.0319725871086120605468750000000000000000
-248279606.5737026631832122802734375000000000000000
87950357.3927172273397445678710937500000000000000
89285922.4013012349605560302734375000000000000000
192926742.7440705001354217529296875000000000000000
195872279.2553418874740600585937500000000000000000
9045298.2911192011088132858276367187500000000000
29051712.8002708889544010162353515625000000000000
-127203819.9513396471738815307617187500000000000000
-146032706.4322533309459686279296875000000000000000
198916274.2171641588211059570312500000000000000000
-94293634.3340244591236114501953125000000000000000
-145573622.1452081501483917236328125000000000000000
-53095408.2243398800492286682128906250000000000000
101747532.1871783286333084106445312500000000000000
72512420.3392869234085083007812500000000000000000
5474926.4319029962643980979919433593750000000000
-129746994.1104747653007507324218750000000000000000
43089087.7037747502326965332031250000000000000000
-208735442.2703789770603179931640625000000000000000
-109486804.4246504753828048706054687500000000000000
125193118.4334200769662857055664062500000000000000
71729410.4173416942358016967773437500000000000000
-181795347.4840623736381530761718750000000000000000
-10568958.5596388485282659530639648437500000000000
-25787737.9712642617523670196533203125000000000000
-76512385.9614814370870590209960937500000000000000
-21306901.6845142655074596405029296875000000000000
19644151.6578513644635677337646484375000000000000
136650096.9120523631572723388671875000000000000000
143740879.9040865004062652587890625000000000000000
12711062.0781390108168125152587890625000000000000
152082061.8323884904384613037109375000000000000000
11091832.1511570904403924942016601562500000000000
-195013043.4723814725875854492187500000000000000000
75083449.0643488317728042602539062500000000000000
122097458.5323229581117630004882812500000000000000
82542176.4484325945377349853515625000000000000000
-105206529.7520983666181564331054687500000000000000
42125871.0759207308292388916015625000000000000000
11823290.4449277669191360473632812500000000000000
44624022.1595704033970832824707031250000000000000
-4626538.9878368806093931198120117187500000000000
-124293941.7478986680507659912109375000000000000000
-116102939.0065267533063888549804687500000000000000
-193602739.1024037599563598632812500000000000000000
-112338215.7561288177967071533203125000000000000000
-39996387.7812459394335746765136718750000000000000
-136797714.2127806842327117919921875000000000000000
12730497.6393605079501867294311523437500000000000
-50794882.3019851595163345336914062500000000000000
-56772811.0987096354365348815917968750000000000000
107646795.0864123702049255371093750000000000000000
57586203.9065035209059715270996093750000000000000
-2003743.6853362421970814466476440429687500000000
-113327870.5309700667858123779296875000000000000000
-68528094.1441642642021179199218750000000000000000
110868324.4103551805019378662109375000000000000000
144616943.9345853328704833984375000000000000000000
112591162.1244040578603744506835937500000000000000
17679154.6511249393224716186523437500000000000000
50831642.3609688058495521545410156250000000000000
26668098.1170047745108604431152343750000000000000
-81945505.3487501144409179687500000000000000000000
92777696.4534818530082702636718750000000000000000
-174867435.9235420823097229003906250000000000000000
63249785.0537706315517425537109375000000000000000
37908584.5600344166159629821777343750000000000000
-128291507.5487161725759506225585937500000000000000
-8925169.2771119792014360427856445312500000000000
96983802.6867072731256484985351562500000000000000
73260876.4828528165817260742187500000000000000000
174031252.3707744479179382324218750000000000000000
-286279783.9623035788536071777343750000000000000000
42330294.0183988884091377258300781250000000000000
100553816.6488397568464279174804687500000000000000
106525517.7403599023818969726562500000000000000000
168167616.2654179930686950683593750000000000000000
-71791262.3157281279563903808593750000000000000000
-134547904.7988349199295043945312500000000000000000
185053641.0171658396720886230468750000000000000000
71810133.7205063998699188232421875000000000000000
-16783253.5647429004311561584472656250000000000000
61941828.3391616418957710266113281250000000000000
49363701.2891009002923965454101562500000000000000
78476218.8410131037235260009765625000000000000000
-72449435.8818105310201644897460937500000000000000
-128138887.7468352615833282470703125000000000000000
-59527171.6216933131217956542968750000000000000000
14040789.0081013347953557968139648437500000000000
47216693.5250072330236434936523437500000000000000
18123914.5955826640129089355468750000000000000000
33094832.6281816624104976654052734375000000000000
123464055.3493090420961380004882812500000000000000
-7330566.8530884459614753723144531250000000000000
52652394.6974006071686744689941406250000000000000
-86218163.1667250245809555053710937500000000000000
-13412795.2518154606223106384277343750000000000000
-17174343.5707507655024528503417968750000000000000
70824486.8718801736831665039062500000000000000000
-71052274.7951332926750183105468750000000000000000
-154619123.5593366920948028564453125000000000000000
-18421085.5239611715078353881835937500000000000000
55750661.1167447119951248168945312500000000000000
19172348.5535185262560844421386718750000000000000
-139423706.0213778614997863769531250000000000000000
-36927370.3147744685411453247070312500000000000000
-34133894.2337602376937866210937500000000000000000
-27593134.4165547154843807220458984375000000000000
-27154916.5533010363578796386718750000000000000000
207586476.6853528916835784912109375000000000000000
73602503.9849152117967605590820312500000000000000
-113828889.2595415413379669189453125000000000000000
-3470219.4726609461940824985504150390625000000000
-38061494.6268763169646263122558593750000000000000
-51252762.8815378099679946899414062500000000000000
-165329158.4587327837944030761718750000000000000000
-80921894.6830101311206817626953125000000000000000
-13984597.4023335184901952743530273437500000000000
-24389665.6465828679502010345458984375000000000000
116225537.2247214168310165405273437500000000000000
-114819289.6220985800027847290039062500000000000000
-9697206.7932666428387165069580078125000000000000
98857460.0122090727090835571289062500000000000000
-3330191.4630824606865644454956054687500000000000
17451623.6625946015119552612304687500000000000000
-300796025.3109415173530578613281250000000000000000
120578564.0020708441734313964843750000000000000000
-86805326.2446300834417343139648437500000000000000
41075948.3320646062493324279785156250000000000000
79293914.8500362485647201538085937500000000000000
66096400.4334984496235847473144531250000000000000
54624725.4446402415633201599121093750000000000000
70482126.5819821208715438842773437500000000000000
-151920789.6792101263999938964843750000000000000000
-5039140.7836080212146043777465820312500000000000
10305285.8012206442654132843017578125000000000000
138281785.6377137899398803710937500000000000000000
159820043.5975901186466217041015625000000000000000
-8839743.2501160893589258193969726562500000000000
44540007.9560918956995010375976562500000000000000
113748580.4747541248798370361328125000000000000000
-59018620.1519547626376152038574218750000000000000
57637678.1614339649677276611328125000000000000000
8853880.9789874833077192306518554687500000000000
-41335348.1275184005498886108398437500000000000000
-57076350.4127813428640365600585937500000000000000
-91791001.1067443490028381347656250000000000000000
-7323532.3180977581068873405456542968750000000000
-1536180.9680631007067859172821044921875000000000
32622239.3080892674624919891357421875000000000000
-94457375.5683590173721313476562500000000000000000
-284532521.7973233461380004882812500000000000000000
-26027487.1468131653964519500732421875000000000000
47928783.2329392284154891967773437500000000000000
49385436.5434134453535079956054687500000000000000
-122194128.4460985958576202392578125000000000000000
-32548933.5362020842730998992919921875000000000000
47909991.4879867359995841979980468750000000000000
181494057.3130820691585540771484375000000000000000
145500769.3391829431056976318359375000000000000000
-32569737.6583295874297618865966796875000000000000
-221379761.0240062475204467773437500000000000000000
-126692382.3465277403593063354492187500000000000000
47447943.8257609605789184570312500000000000000000
101456297.7974770814180374145507812500000000000000
-114937241.3529051840305328369140625000000000000000
173063056.8206183016300201416015625000000000000000
17862264.1961338520050048828125000000000000000000
204676577.1885342895984649658203125000000000000000
156578620.9640297889709472656250000000000000000000
18763060.0468068942427635192871093750000000000000
122013626.5793610960245132446289062500000000000000
153699011.3408859968185424804687500000000000000000
247854979.7299192249774932861328125000000000000000
-108675833.1351673603057861328125000000000000000000
-89686508.5242278128862380981445312500000000000000
-187892308.7777355313301086425781250000000000000000
-37705252.7877250909805297851562500000000000000000
-132681984.6274856179952621459960937500000000000000
-101931469.8977314978837966918945312500000000000000
-76634998.7713132500648498535156250000000000000000
-40172448.7746526226401329040527343750000000000000
116423699.5123703777790069580078125000000000000000
-120204870.7168734222650527954101562500000000000000
83626736.5330339968204498291015625000000000000000
185875933.6685377955436706542968750000000000000000
-22124749.4034561775624752044677734375000000000000
-64296543.1040755882859230041503906250000000000000
20982831.2504935115575790405273437500000000000000
49569219.6267027556896209716796875000000000000000
51574157.5911762788891792297363281250000000000000
91880190.4537369757890701293945312500000000000000
-96939869.0025797635316848754882812500000000000000
147048107.1137371957302093505859375000000000000000
-92295658.2580999284982681274414062500000000000000
-95216533.8425680696964263916015625000000000000000
-202681884.8999519050121307373046875000000000000000
132002409.5039896517992019653320312500000000000000
68030201.8527423888444900512695312500000000000000
47866645.7690650448203086853027343750000000000000
-160329393.5292624533176422119140625000000000000000
9817400.8356020096689462661743164062500000000000
59509050.7229515686631202697753906250000000000000
9477832.9214500579982995986938476562500000000000
-110596101.1849732697010040283203125000000000000000
-44871517.4972884804010391235351562500000000000000
69865904.8743467181921005249023437500000000000000
-44845883.6105865389108657836914062500000000000000
-155875035.0347705483436584472656250000000000000000
-109207327.4096657037734985351562500000000000000000
91454761.4918687045574188232421875000000000000000
-112109891.9942564815282821655273437500000000000000
-46238544.7267656400799751281738281250000000000000
7665432.2034719884395599365234375000000000000000
50554728.2835940122604370117187500000000000000000
8306310.5495454007759690284729003906250000000000
-37246580.6235160082578659057617187500000000000000
-22251202.2993490472435951232910156250000000000000
58938839.2401538565754890441894531250000000000000
-25411164.3974090442061424255371093750000000000000
114897530.2182227522134780883789062500000000000000
94502656.1445332169532775878906250000000000000000
95629427.8953635245561599731445312500000000000000
4242722.0493380650877952575683593750000000000000
-15007389.7915277946740388870239257812500000000000
4676773.1659576008096337318420410156250000000000
-94502819.7479845136404037475585937500000000000000
-34483569.6561920791864395141601562500000000000000
57912573.3123470842838287353515625000000000000000
67129546.1202549487352371215820312500000000000000
-62987022.1308752000331878662109375000000000000000
9069494.3240873049944639205932617187500000000000
-48940501.5750452205538749694824218750000000000000
86913343.6689532995223999023437500000000000000000
179825468.6485208272933959960937500000000000000000
-16593366.5814823266118764877319335937500000000000
6281171.7817942854017019271850585937500000000000
-97713011.6754303425550460815429687500000000000000
-53120362.0178536772727966308593750000000000000000
-7847571.4522709771990776062011718750000000000000
-27518878.0438311137259006500244140625000000000000
-104338931.4043181687593460083007812500000000000000
89017065.4298763275146484375000000000000000000000
-80401418.4225637167692184448242187500000000000000
-62934719.5241074487566947937011718750000000000000
8168264.7950208801776170730590820312500000000000
186399222.3111427128314971923828125000000000000000
86300613.0094624012708663940429687500000000000000
-37131005.4387941882014274597167968750000000000000
-19886628.7230871096253395080566406250000000000000
-33153933.3479415811598300933837890625000000000000
11308194.1407043933868408203125000000000000000000
44721840.0923133045434951782226562500000000000000
-100707490.2897931039333343505859375000000000000000
78381888.1729988753795623779296875000000000000000
-40203989.3027439489960670471191406250000000000000
30033870.5297905579209327697753906250000000000000
7019122.7873105807229876518249511718750000000000
-32908864.5731003917753696441650390625000000000000
-45522029.0829077884554862976074218750000000000000
23514655.9903185330331325531005859375000000000000
