1.2500268051432157356828156480332836508751
-145.0146616500125560378364752978086471557617
4285.8497960531240096315741539001464843750000
-54271.2766807100706500932574272155761718750000
358499.4649887735722586512565612792968750000000
-1374716.7134566167369484901428222656250000000000
3433337.1376515654847025871276855468750000000000
-6908863.1774839693680405616760253906250000000000
12989086.4007926546037197113037109375000000000000
-17175303.2486023418605327606201171875000000000000
5667140.4844940081238746643066406250000000000000
15271190.9085925184190273284912109375000000000000
-15208017.8564943075180053710937500000000000000000
737052.6433799702208489179611206054687500000000
5409891.9266551295295357704162597656250000000000
-10233572.2441493738442659378051757812500000000000
-377826.8013826790847815573215484619140625000000
15038762.3237775620073080062866210937500000000000
-13430384.7782491557300090789794921875000000000000
27934496.9712321311235427856445312500000000000000
-19177486.6325940862298011779785156250000000000000
-13034099.0276594962924718856811523437500000000000
5753793.3126744041219353675842285156250000000000
1138763.6320151637773960828781127929687500000000
5765749.3916070042178034782409667968750000000000
-11731763.1832432374358177185058593750000000000000
4616396.9185749487951397895812988281250000000000
8061323.0249743489548563957214355468750000000000
-3082821.6955782622098922729492187500000000000000
2870287.9293227507732808589935302734375000000000
4461882.3853250620886683464050292968750000000000
-3444235.5867677577771246433258056640625000000000
3022217.3441750421188771724700927734375000000000
-16245496.9090875331312417984008789062500000000000
12665415.2863766457885503768920898437500000000000
-6845587.6208444330841302871704101562500000000000
5046759.9578182706609368324279785156250000000000
2793354.4576508044265210628509521484375000000000
-1437028.1345984307117760181427001953125000000000
-5329980.4082191716879606246948242187500000000000
-11553024.3393218461424112319946289062500000000000
8360476.3443598896265029907226562500000000000000
1234829.0363438439089804887771606445312500000000
-2874135.1333053475245833396911621093750000000000
11805713.7336139287799596786499023437500000000000
-6532594.4407968763262033462524414062500000000000
-1158364.8926912352908402681350708007812500000000
3159480.0337042277678847312927246093750000000000
5956106.9000945389270782470703125000000000000000
-3508528.6506090369075536727905273437500000000000
-6702645.4698083903640508651733398437500000000000
6033954.3709408221766352653503417968750000000000
-1843948.0185831938870251178741455078125000000000
2172447.5163221792317926883697509765625000000000
14566307.3186216205358505249023437500000000000000
-18472204.1987891644239425659179687500000000000000
-2265101.7961609959602355957031250000000000000000
-13912047.0416601542383432388305664062500000000000
17687255.7123323418200016021728515625000000000000
14165079.5687386430799961090087890625000000000000
-2957649.5679290611296892166137695312500000000000
-5694860.6069480944424867630004882812500000000000
-321560.4805009096744470298290252685546875000000
13527663.3031595591455698013305664062500000000000
-8518048.3315610587596893310546875000000000000000
5726852.4353617830201983451843261718750000000000
-19256151.3051791079342365264892578125000000000000
-8456365.9429547768086194992065429687500000000000
-2845145.2939642732962965965270996093750000000000
2298081.4524708436802029609680175781250000000000
-793139.7884023415390402078628540039062500000000
3049053.4121548789553344249725341796875000000000
-2760510.6783662214875221252441406250000000000000
-4114945.7072195927612483501434326171875000000000
-6683905.9246221436187624931335449218750000000000
4172264.9272485016845166683197021484375000000000
10712793.1372855547815561294555664062500000000000
-493969.1477953285211697220802307128906250000000
6325747.9196502026170492172241210937500000000000
4040242.5097497543320059776306152343750000000000
-3237206.1865480383858084678649902343750000000000
1117246.2519927357789129018783569335937500000000
5222085.9211392430588603019714355468750000000000
-13639789.2966639921069145202636718750000000000000
2174106.0538591560907661914825439453125000000000
7839805.1368626384064555168151855468750000000000
5525899.5860713291913270950317382812500000000000
4311582.3271857509389519691467285156250000000000
12810374.5157024208456277847290039062500000000000
17103819.0583027042448520660400390625000000000000
-1084589.5239147096872329711914062500000000000000
-7645107.8370497338473796844482421875000000000000
2231286.5012997058220207691192626953125000000000
-21661724.6304415054619312286376953125000000000000
891281.8083390424726530909538269042968750000000
2109596.2693187650293111801147460937500000000000
6485845.8915062472224235534667968750000000000000
-8813468.5891847480088472366333007812500000000000
-1085950.3084182965103536844253540039062500000000
-8996097.5903211571276187896728515625000000000000
6875715.9067606888711452484130859375000000000000
6303733.0662603583186864852905273437500000000000
-5158618.9886812176555395126342773437500000000000
-12560869.6970028188079595565795898437500000000000
237750.0161880457017105072736740112304687500000
-7137814.5278651937842369079589843750000000000000
2847946.4138391762971878051757812500000000000000
1879426.3006240606773644685745239257812500000000
-32330714.1578597165644168853759765625000000000000
-5453212.6684835096821188926696777343750000000000
-30163251.3061401210725307464599609375000000000000
2716168.7164069586433470249176025390625000000000
14827935.6956204064190387725830078125000000000000
1025337.7526491035241633653640747070312500000000
9956419.6263582799583673477172851562500000000000
9838224.6271327324211597442626953125000000000000
1168229.2573132787365466356277465820312500000000
-4332724.6709193531423807144165039062500000000000
-5522943.9628577334806323051452636718750000000000
10737802.3555480074137449264526367187500000000000
17528679.5258064195513725280761718750000000000000
-9490371.3937263153493404388427734375000000000000
28583878.0181915126740932464599609375000000000000
-1674359.4077897465322166681289672851562500000000
8835288.5183575544506311416625976562500000000000
13158371.3214651495218276977539062500000000000000
1577785.3159322794526815414428710937500000000000
14917430.3083838578313589096069335937500000000000
-7152296.5386386225000023841857910156250000000000
4348238.3276751330122351646423339843750000000000
-708759.7252436969429254531860351562500000000000
9557580.6730038356035947799682617187500000000000
-507636.5783841970260255038738250732421875000000
-20648448.3200041800737380981445312500000000000000
1973070.8403382322285324335098266601562500000000
14650055.4530500676482915878295898437500000000000
-9926386.7245134972035884857177734375000000000000
24114928.2203961871564388275146484375000000000000
-1580131.9418239146471023559570312500000000000000
2972915.5993189257569611072540283203125000000000
-10943741.7350138109177350997924804687500000000000
-4529551.0271776719018816947937011718750000000000
-1574237.6601998331025242805480957031250000000000
2405889.6091548539698123931884765625000000000000
3122579.1803154693916440010070800781250000000000
-40748578.5544873848557472229003906250000000000000
1708702.8976720171049237251281738281250000000000
325109.0677825940656475722789764404296875000000
17001452.1683813445270061492919921875000000000000
-29588050.0842547789216041564941406250000000000000
-12322524.8786910437047481536865234375000000000000
-24259020.2023777477443218231201171875000000000000
91558.2769890521303750574588775634765625000000
3863910.7860885853879153728485107421875000000000
615669.7767326487228274345397949218750000000000
1594204.9018067321740090847015380859375000000000
-24158828.9276898689568042755126953125000000000000
-883057.8552284691249951720237731933593750000000
1740703.4388533541932702064514160156250000000000
-5383367.6887847278267145156860351562500000000000
6363175.4375715451315045356750488281250000000000
11927691.4776927866041660308837890625000000000000
-3787874.0564610282890498638153076171875000000000
15959318.2477669138461351394653320312500000000000
-2828121.1849929415620863437652587890625000000000
-12494215.9896920863538980484008789062500000000000
-4077310.6059787473641335964202880859375000000000
-4019963.3380186487920582294464111328125000000000
14401588.8779554180800914764404296875000000000000
17649122.6840202361345291137695312500000000000000
-3068155.5373312146402895450592041015625000000000
20382164.3353106826543807983398437500000000000000
8088008.0588550185784697532653808593750000000000
-1598847.2720797716174274682998657226562500000000
13202731.3636200837790966033935546875000000000000
-106745.9641750776354456320405006408691406250000
-11668130.2241316530853509902954101562500000000000
-6688013.7828366598114371299743652343750000000000
25821232.8295726552605628967285156250000000000000
4931516.4956967597827315330505371093750000000000
4923069.2049014661461114883422851562500000000000
4719305.7445986326783895492553710937500000000000
-12741340.3672270886600017547607421875000000000000
-11400150.9878518469631671905517578125000000000000
-11088595.0601099953055381774902343750000000000000
9150919.0296886060386896133422851562500000000000
-10890155.5802132207900285720825195312500000000000
-4498645.7591923512518405914306640625000000000000
-9516420.4021500963717699050903320312500000000000
8281256.8055357709527015686035156250000000000000
-4162199.4211054923944175243377685546875000000000
11761059.5734298769384622573852539062500000000000
-12439869.7461155224591493606567382812500000000000
6467946.6478408379480242729187011718750000000000
9468227.8102338593453168869018554687500000000000
9928899.1496848128736019134521484375000000000000
14027831.9208880383521318435668945312500000000000
1822490.0667259530164301395416259765625000000000
-2119918.1111956220120191574096679687500000000000
-12780176.2156366705894470214843750000000000000000
3319684.4548385031521320343017578125000000000000
-8659352.3456886392086744308471679687500000000000
8020656.8858044603839516639709472656250000000000
12457600.4743776507675647735595703125000000000000
654824.9046494202921167016029357910156250000000
6109340.6402283133938908576965332031250000000000
21770308.5832235254347324371337890625000000000000
15808711.5173257272690534591674804687500000000000
-2968054.3045561374165117740631103515625000000000
93012.0852440530870808288455009460449218750000
3674722.8567778537981212139129638671875000000000
-918023.2614081975771114230155944824218750000000
-2994456.3979067988693714141845703125000000000000
-761528.1006381547776982188224792480468750000000
-11621952.2192114517092704772949218750000000000000
-3244680.4785180618055164813995361328125000000000
-32234510.5851567871868610382080078125000000000000
-13054371.9056491237133741378784179687500000000000
-23097200.0425568409264087677001953125000000000000
4784162.2911525107920169830322265625000000000000
2076369.3942469239700585603713989257812500000000
1729320.0771929877810180187225341796875000000000
-15928209.4487739689648151397705078125000000000000
-3499282.5243871146813035011291503906250000000000
9796690.7721172235906124114990234375000000000000
-5797380.8201271491125226020812988281250000000000
20080988.7747231237590312957763671875000000000000
3323268.3411703449673950672149658203125000000000
491341.5115399667411111295223236083984375000000
-24006705.3768468834459781646728515625000000000000
9116511.3983639404177665710449218750000000000000
2983567.9878475018776953220367431640625000000000
-13287069.3206441104412078857421875000000000000000
-7816476.1259786635637283325195312500000000000000
-20512404.8237211592495441436767578125000000000000
-6083729.7005830397829413414001464843750000000000
7987997.0099819479510188102722167968750000000000
4020570.6654403735883533954620361328125000000000
-3616257.1066202651709318161010742187500000000000
-1476811.8299872095230966806411743164062500000000
-29254913.5159058459103107452392578125000000000000
9185008.1849543116986751556396484375000000000000
19776380.6270894929766654968261718750000000000000
-21325043.2653574235737323760986328125000000000000
824132.4220689724897965788841247558593750000000
-3246074.8245147205889225006103515625000000000000
315366.7931429648888297379016876220703125000000
-8864233.3245065696537494659423828125000000000000
-1312592.7296984877903014421463012695312500000000
4867864.2890563933178782463073730468750000000000
17732254.2045920118689537048339843750000000000000
-4287156.2550467541441321372985839843750000000000
7115521.0274255592375993728637695312500000000000
6495409.6169215356931090354919433593750000000000
2957059.5785284680314362049102783203125000000000
9733591.9420069139450788497924804687500000000000
13519779.2365789562463760375976562500000000000000
2810141.5392234516330063343048095703125000000000
14070268.6913703661412000656127929687500000000000
4592385.2697840509936213493347167968750000000000
2479845.9566733930259943008422851562500000000000
-5870116.2910203700885176658630371093750000000000
7318203.4564251191914081573486328125000000000000
9558463.4644628372043371200561523437500000000000
-12851621.9911909829825162887573242187500000000000
16857112.7836327888071537017822265625000000000000
-1714833.0918899469543248414993286132812500000000
-14639718.2554826512932777404785156250000000000000
18268338.4809073768556118011474609375000000000000
-4909838.9318169932812452316284179687500000000000
15370716.6000821124762296676635742187500000000000
814537.9739076438127085566520690917968750000000
4276083.3417569091543555259704589843750000000000
4784368.1106001567095518112182617187500000000000
10641375.2243394572287797927856445312500000000000
-128073.0826169484207639470696449279785156250000
21588471.6315304823219776153564453125000000000000
15081059.5774822402745485305786132812500000000000
19636964.7580926604568958282470703125000000000000
-9898894.0965128540992736816406250000000000000000
1893078.9149847414810210466384887695312500000000
-5406967.4820872861891984939575195312500000000000
-258085.0853080176457297056913375854492187500000
3317693.7544016013853251934051513671875000000000
-6577675.9989262139424681663513183593750000000000
-2927155.3015924408100545406341552734375000000000
-167614.4245030133752152323722839355468750000000
10406746.7037541810423135757446289062500000000000
-1580628.4366309102624654769897460937500000000000
-126711.3244694059540051966905593872070312500000
-3943920.8529328270815312862396240234375000000000
-8849876.7087124921381473541259765625000000000000
242567.2154028961958829313516616821289062500000
4758587.3913564849644899368286132812500000000000
-3272235.5777957155369222164154052734375000000000
-24848039.4870698079466819763183593750000000000000
-1278998.5164062138646841049194335937500000000000
-27781519.2271433472633361816406250000000000000000
5819692.0626439964398741722106933593750000000000
-21016008.6069959998130798339843750000000000000000
-16696894.0653323661535978317260742187500000000000
-4981222.8197228237986564636230468750000000000000
-9678025.2277033794671297073364257812500000000000
-19010419.1178177520632743835449218750000000000000
10525522.4680106919258832931518554687500000000000
-2207140.9984587007202208042144775390625000000000
-14166595.5639366004616022109985351562500000000000
-21672925.6255486123263835906982421875000000000000
-8859012.7449432760477066040039062500000000000000
-11160876.9518073443323373794555664062500000000000
-13578205.8459827415645122528076171875000000000000
7986746.9737222092226147651672363281250000000000
20868670.5284428447484970092773437500000000000000
-25380537.8695948049426078796386718750000000000000
8591372.7043166980147361755371093750000000000000
2192311.4437558241188526153564453125000000000000
-5995376.3048279015347361564636230468750000000000
2797580.0283801713958382606506347656250000000000
8494071.7250451613217592239379882812500000000000
15863713.4337616991251707077026367187500000000000
-11395383.0177966039627790451049804687500000000000
15066239.6651848759502172470092773437500000000000
-5444013.9656829340383410453796386718750000000000
4804040.6807954525575041770935058593750000000000
-2260011.6612628391012549400329589843750000000000
-34437.6494565734246862120926380157470703125000
394042.9649224454769864678382873535156250000000
-14565536.3009926751255989074707031250000000000000
-10617392.3634019512683153152465820312500000000000
-1205814.4394328321795910596847534179687500000000
16392910.0614454410970211029052734375000000000000
11892278.0783291459083557128906250000000000000000
21953101.8797716759145259857177734375000000000000
9477192.5579683855175971984863281250000000000000
17783580.1129955202341079711914062500000000000000
14128774.0468906983733177185058593750000000000000
-7214647.3459309283643960952758789062500000000000
17878785.6721406690776348114013671875000000000000
6598707.7073313677683472633361816406250000000000
24679735.0333973243832588195800781250000000000000
8431611.5994860548526048660278320312500000000000
5240460.5020061656832695007324218750000000000000
2975886.7196688000112771987915039062500000000000
6869312.9811903946101665496826171875000000000000
-7614075.0363215506076812744140625000000000000000
894458.7751370300538837909698486328125000000000
-865834.8062482873210683465003967285156250000000
-13878042.7571860346943140029907226562500000000000
9168146.1523496508598327636718750000000000000000
1298673.8994113211520016193389892578125000000000
1836343.1175533747300505638122558593750000000000
-13990583.2603452932089567184448242187500000000000
-2534206.7521018190309405326843261718750000000000
-11309906.3769946563988924026489257812500000000000
4961457.9889968000352382659912109375000000000000
-11793368.9134209007024765014648437500000000000000
-10802947.0603557545691728591918945312500000000000
780663.7390571725554764270782470703125000000000
-12784910.7224371302872896194458007812500000000000
18241604.5944298654794692993164062500000000000000
-7449494.9174747383221983909606933593750000000000
5744547.7414103839546442031860351562500000000000
5129715.3271835790947079658508300781250000000000
14528299.7603780459612607955932617187500000000000
-3005243.9152601514942944049835205078125000000000
-1698376.9134894874878227710723876953125000000000
6384748.0428106095641851425170898437500000000000
4233584.0378777990117669105529785156250000000000
-4963918.7229620367288589477539062500000000000000
24603876.5410181432962417602539062500000000000000
-12857146.4840291198343038558959960937500000000000
-17619744.3153109475970268249511718750000000000000
2578131.2184602823108434677124023437500000000000
-16445196.5331545304507017135620117187500000000000
241232.2783226159808691591024398803710937500000
-14581517.6631056293845176696777343750000000000000
-5952573.3471598383039236068725585937500000000000
10996164.3443061523139476776123046875000000000000
4011728.4432028057053685188293457031250000000000
-7794702.8280177162960171699523925781250000000000
-395571.1768738180981017649173736572265625000000
-17485551.5133342295885086059570312500000000000000
-1312929.6921361570712178945541381835937500000000
-3496725.5902589866891503334045410156250000000000
-9459587.0968957338482141494750976562500000000000
-1321482.8305872653145343065261840820312500000000
-11031141.0449124872684478759765625000000000000000
4918937.6214371891692280769348144531250000000000
828025.6294802560005336999893188476562500000000
3942600.9174854722805321216583251953125000000000
-2040020.1260133814066648483276367187500000000000
-8572006.1108555104583501815795898437500000000000
-3427867.5354271661490201950073242187500000000000
4046865.3592816432937979698181152343750000000000
-11860299.5364878326654434204101562500000000000000
5009370.1088227694854140281677246093750000000000
-1156195.8153698409441858530044555664062500000000
-462495.1500419084914028644561767578125000000000
9194258.9906993713229894638061523437500000000000
1730259.8665855880826711654663085937500000000000
28521225.8122219070792198181152343750000000000000
-6106643.9687821548432111740112304687500000000000
-8371984.1233088923618197441101074218750000000000
-4209003.1348926965147256851196289062500000000000
4557552.4078284595161676406860351562500000000000
16775208.6292488705366849899291992187500000000000
-8262257.0213959701359272003173828125000000000000
-3624244.7077984311617910861968994140625000000000
7774606.7056325441226363182067871093750000000000
3531930.4700858541764318943023681640625000000000
7161423.1442083464935421943664550781250000000000
-6886132.1300685787573456764221191406250000000000
-2765676.7865773122757673263549804687500000000000
-3470502.7440551598556339740753173828125000000000
-7004108.5490561956539750099182128906250000000000
9187203.8386497050523757934570312500000000000000
7432737.7531167147681117057800292968750000000000
3483136.9014626094140112400054931640625000000000
2185771.4574952493421733379364013671875000000000
-5919408.6451554223895072937011718750000000000000
6996348.5558767877519130706787109375000000000000
1928982.4447760051116347312927246093750000000000
-4431416.7212918307632207870483398437500000000000
14223732.3439326621592044830322265625000000000000
7609519.1430018413811922073364257812500000000000
-53622.8877372471979469992220401763916015625000
6313511.3061216520145535469055175781250000000000
3677029.0651681902818381786346435546875000000000
6859679.2680300483480095863342285156250000000000
3308447.4235135037451982498168945312500000000000
7972838.2991766557097434997558593750000000000000
-2510089.5728377099148929119110107421875000000000
-13907561.5018946900963783264160156250000000000000
3432350.8290351652540266513824462890625000000000
11577464.3570385556668043136596679687500000000000
1100688.0519189543556421995162963867187500000000
-9214256.2210247721523046493530273437500000000000
-4118903.5740658896975219249725341796875000000000
3777857.6110680908896028995513916015625000000000
-12695785.9698568005114793777465820312500000000000
-4797994.5819391626864671707153320312500000000000
-7648476.6410160474479198455810546875000000000000
-9080965.0859898496419191360473632812500000000000
-2913772.5104002361185848712921142578125000000000
-23493630.8148566782474517822265625000000000000000
1288944.6883841382805258035659790039062500000000
4102256.5548249436542391777038574218750000000000
3611147.8602860309183597564697265625000000000000
-24282641.0153551660478115081787109375000000000000
5581424.2160839643329381942749023437500000000000
-3424072.9760334934107959270477294921875000000000
-5439677.4666964532807469367980957031250000000000
11207354.9101107977330684661865234375000000000000
6286417.6068623913452029228210449218750000000000
-7399863.6679278342053294181823730468750000000000
-1638409.8952430181670933961868286132812500000000
-22373268.3557694181799888610839843750000000000000
4289175.0551324691623449325561523437500000000000
1292676.5367784886620938777923583984375000000000
5363704.8041359381750226020812988281250000000000
10233939.2307189963757991790771484375000000000000
10121777.7651003953069448471069335937500000000000
24567879.0364523753523826599121093750000000000000
41114.1846219428480253554880619049072265625000
6771187.2288323100656270980834960937500000000000
-3665995.2652092063799500465393066406250000000000
14271635.2137485612183809280395507812500000000000
-4214463.7098222272470593452453613281250000000000
-10048283.6827846597880125045776367187500000000000
6379476.3530235374346375465393066406250000000000
-10760420.7045725956559181213378906250000000000000
18612921.8280594274401664733886718750000000000000
-2765246.6432025656104087829589843750000000000000
5582635.7174815284088253974914550781250000000000
-13634429.0109259858727455139160156250000000000000
-11004117.3623314555734395980834960937500000000000
