0.4649342290154170331817340411362238228321
-50.0709987159045937232804135419428348541260
1404.2087302835946047707693651318550109863281
-17264.1366816237532475497573614120483398437500
114880.3584003244613995775580406188964843750000
-471036.3932689686771482229232788085937500000000
1326804.7852795629296451807022094726562500000000
-2730543.6530109853483736515045166015625000000000
3648523.7472299505025148391723632812500000000000
-1214278.4058539427351206541061401367187500000000
-4618679.4200528487563133239746093750000000000000
6748606.8195136738941073417663574218750000000000
-5197777.6730039352551102638244628906250000000000
8426496.0862728171050548553466796875000000000000
-5910595.6059666853398084640502929687500000000000
-3061701.4893688019365072250366210937500000000000
-5507376.2487422721460461616516113281250000000000
12228577.9662391543388366699218750000000000000000
-3734822.9036093475297093391418457031250000000000
6819275.1148996269330382347106933593750000000000
-6439889.7685449132695794105529785156250000000000
2620417.8408915372565388679504394531250000000000
-6401845.5268179699778556823730468750000000000000
5581720.3871631696820259094238281250000000000000
-6372115.6429531043395400047302246093750000000000
-5655509.8512222915887832641601562500000000000000
7997082.3661187794059514999389648437500000000000
5282544.9297134419903159141540527343750000000000
-1233969.5744554481934756040573120117187500000000
587544.1769596340600401163101196289062500000000
3277323.8111618752591311931610107421875000000000
-2372205.6785410321317613124847412109375000000000
-4925316.6131545463576912879943847656250000000000
-3606963.4226515074260532855987548828125000000000
2996265.4725761231966316699981689453125000000000
1540358.2847763451281934976577758789062500000000
-211168.8141385486233048141002655029296875000000
2897955.9266060893423855304718017578125000000000
-7584.9647764365772673045285046100616455078125
-1573753.6686952488962560892105102539062500000000
-152295.8283548773615621030330657958984375000000
-2957123.3231892189942300319671630859375000000000
2995458.8301837770268321037292480468750000000000
-6168245.5076832752674818038940429687500000000000
715235.2196376805659383535385131835937500000000
-42855.7539524245512438938021659851074218750000
4459864.3406838858500123023986816406250000000000
-890823.3749756102915853261947631835937500000000
-2614950.4246605955995619297027587890625000000000
610077.1156478546326979994773864746093750000000
4173898.2370316549204289913177490234375000000000
3433292.2637940268032252788543701171875000000000
5158139.8022779524326324462890625000000000000000
2808333.5353754283860325813293457031250000000000
-3613685.3151888055726885795593261718750000000000
1016015.0277015330502763390541076660156250000000
-2230626.0867529995739459991455078125000000000000
-8050322.1344068413600325584411621093750000000000
-2315272.7518384391441941261291503906250000000000
-6855559.9599881786853075027465820312500000000000
2505435.8816435253247618675231933593750000000000
-1217466.3987447873223572969436645507812500000000
-1384171.3499209554865956306457519531250000000000
604991.8966732794651761651039123535156250000000
11439592.4235427174717187881469726562500000000000
-1733508.9575386999640613794326782226562500000000
-29476.6978808567691885400563478469848632812500
-9003928.5442296229302883148193359375000000000000
7788999.2692416766658425331115722656250000000000
4074355.7692037094384431838989257812500000000000
2728325.0138261895626783370971679687500000000000
4550003.4809094266965985298156738281250000000000
-2003.4499086759067267848877236247062683105469
-10558819.6152546294033527374267578125000000000000
-9429889.7323546390980482101440429687500000000000
4032127.8750777305103838443756103515625000000000
-2426313.7417572364211082458496093750000000000000
-3589685.5161212692037224769592285156250000000000
7572898.0015906011685729026794433593750000000000
4747592.5417159004136919975280761718750000000000
-885409.9417173822876065969467163085937500000000
4014403.2693561413325369358062744140625000000000
-3586027.1960266856476664543151855468750000000000
1104108.3778908597305417060852050781250000000000
1848922.1095372613053768873214721679687500000000
-435909.3920039120130240917205810546875000000000
8576915.4151259716600179672241210937500000000000
-1442598.0264137859921902418136596679687500000000
-2496153.4089696020819246768951416015625000000000
1378861.6970960504841059446334838867187500000000
-21317.8496867541543906554579734802246093750000
23337.3931546075764345005154609680175781250000
-6681153.2988395430147647857666015625000000000000
-4091913.0856058043427765369415283203125000000000
2129065.8871826436370611190795898437500000000000
-1724809.9665375626645982265472412109375000000000
-4714507.7507184753194451332092285156250000000000
-885648.3639827764127403497695922851562500000000
3542075.2932881903834640979766845703125000000000
-3236452.0474784825928509235382080078125000000000
5816940.9377607870846986770629882812500000000000
57657.6577194352939841337502002716064453125000
-3312872.6815765858627855777740478515625000000000
4066731.3144644829444587230682373046875000000000
-9368346.5382848158478736877441406250000000000000
-3596067.2950309053994715213775634765625000000000
2132465.0384238441474735736846923828125000000000
-1550662.2025821092538535594940185546875000000000
7070655.2134233340620994567871093750000000000000
-189426.0325462486653123050928115844726562500000
4276023.6929906858131289482116699218750000000000
-3580539.1373227215372025966644287109375000000000
-1612177.1871373171452432870864868164062500000000
6348485.0054633021354675292968750000000000000000
2314467.8761760033667087554931640625000000000000
97625.3966157331014983355998992919921875000000
-2370381.9913946976885199546813964843750000000000
-4510321.9490425018593668937683105468750000000000
5738379.4624909516423940658569335937500000000000
95980.3709432557661784812808036804199218750000
9821016.8674502540379762649536132812500000000000
-1461091.0906079174019396305084228515625000000000
-244755.1457982501306105405092239379882812500000
1090151.9578662440180778503417968750000000000000
4585184.1470298655331134796142578125000000000000
3152346.3545040264725685119628906250000000000000
-3033077.7337360884994268417358398437500000000000
1709517.3658112955745309591293334960937500000000
-14753168.1882622316479682922363281250000000000000
-4708270.8564741583541035652160644531250000000000
4005288.5548574905842542648315429687500000000000
-2229678.1781797385774552822113037109375000000000
5429513.3621204392984509468078613281250000000000
-6219695.5781504875048995018005371093750000000000
-73306.9203951093368232250213623046875000000000
-3936761.0564307682216167449951171875000000000000
1609427.4320743591524660587310791015625000000000
-3291954.0376136619597673416137695312500000000000
2001228.4266079638618975877761840820312500000000
-3015779.2753501944243907928466796875000000000000
-2662026.1635568509809672832489013671875000000000
-248463.6317972276883665472269058227539062500000
4727397.2038277983665466308593750000000000000000
-238736.7323697239044122397899627685546875000000
6143881.4334131516516208648681640625000000000000
89085.4858679771277820691466331481933593750000
1300858.4185793804936110973358154296875000000000
-7480988.3310583448037505149841308593750000000000
2665062.3969415877945721149444580078125000000000
483944.4788037224207073450088500976562500000000
-2310485.8921103621833026409149169921875000000000
454381.3636542030726559460163116455078125000000
-1277555.3717149992007762193679809570312500000000
-4734031.4101838152855634689331054687500000000000
2517518.5672029703855514526367187500000000000000
1058909.5295016975142061710357666015625000000000
809360.2757194578880444169044494628906250000000
8142967.7812123494222760200500488281250000000000
3232931.5712502701207995414733886718750000000000
-3623888.7367688836529850959777832031250000000000
2207178.6251904391683638095855712890625000000000
8193124.4800848308950662612915039062500000000000
97981.9754431044857483357191085815429687500000
-4197526.8104026028886437416076660156250000000000
-6489282.7615222744643688201904296875000000000000
10949016.4167001582682132720947265625000000000000
-4400292.5967614725232124328613281250000000000000
-1405300.8382664944510906934738159179687500000000
3185754.7300281636416912078857421875000000000000
-5793439.0235536908730864524841308593750000000000
635223.6936184808146208524703979492187500000000
7055899.8322636578232049942016601562500000000000
-7451627.4991219993680715560913085937500000000000
-938266.9719291388755664229393005371093750000000
430502.1423189843189902603626251220703125000000
3526502.7326900726184248924255371093750000000000
-6157907.5641354471445083618164062500000000000000
1771199.2846147804521024227142333984375000000000
-6489076.6296078320592641830444335937500000000000
-1105886.0474391898605972528457641601562500000000
-1030057.6743767856387421488761901855468750000000
-4615954.3411016901955008506774902343750000000000
8272188.0856619002297520637512207031250000000000
6088688.1573138795793056488037109375000000000000
-1748233.8665394431445747613906860351562500000000
1021258.5646316179772838950157165527343750000000
2229694.3282614774070680141448974609375000000000
-4999914.7600588183850049972534179687500000000000
6147480.5152197824791073799133300781250000000000
4469157.7828888064250349998474121093750000000000
13940641.1605639886111021041870117187500000000000
-2790900.6434874809347093105316162109375000000000
1058101.1132994436193257570266723632812500000000
-69308.0948906339035602286458015441894531250000
-6610758.7889611423015594482421875000000000000000
-7487938.9258138090372085571289062500000000000000
-6669757.6991929914802312850952148437500000000000
9807808.5709346216171979904174804687500000000000
-8024572.6344706993550062179565429687500000000000
1530154.6823051252868026494979858398437500000000
-11017068.1297361422330141067504882812500000000000
-6323696.3372411336749792098999023437500000000000
1409050.0707592698745429515838623046875000000000
1638056.3841971768997609615325927734375000000000
-3486370.0841286224313080310821533203125000000000
898111.3196138091152533888816833496093750000000
-3451978.9246790492907166481018066406250000000000
3655791.6150310076773166656494140625000000000000
4148005.4622603328898549079895019531250000000000
2422106.9725289000198245048522949218750000000000
-3424119.8265147441998124122619628906250000000000
-1279464.9270070560742169618606567382812500000000
-1351573.1039302952121943235397338867187500000000
491713.7451583053334616124629974365234375000000
-1104743.3757565871346741914749145507812500000000
-4192133.9541959860362112522125244140625000000000
-2775262.6502286875620484352111816406250000000000
-4441952.8514953907579183578491210937500000000000
3742091.5811488730832934379577636718750000000000
1391536.9290477479808032512664794921875000000000
-2009799.2750915437936782836914062500000000000000
166735.0388631792447995394468307495117187500000
2942188.3510779980570077896118164062500000000000
6441989.3591683926060795783996582031250000000000
-4333631.6215836964547634124755859375000000000000
-5553771.7021719431504607200622558593750000000000
4357541.7446752330288290977478027343750000000000
-2545027.7352670594118535518646240234375000000000
2661602.5009148600511252880096435546875000000000
5773319.9730211962014436721801757812500000000000
-4168673.7212109602987766265869140625000000000000
7443099.8873963505029678344726562500000000000000
4875510.6324768625199794769287109375000000000000
-609115.0315059319837018847465515136718750000000
7167831.4875023569911718368530273437500000000000
-2633211.5388071434572339057922363281250000000000
-1824811.0595750298816710710525512695312500000000
3876559.9847033601254224777221679687500000000000
17133556.3443020395934581756591796875000000000000
183782.9147593069938011467456817626953125000000
2113875.3628172618336975574493408203125000000000
2403302.5385582838207483291625976562500000000000
-3034551.3097928804345428943634033203125000000000
-1077000.5346464379690587520599365234375000000000
-8964085.7331276927143335342407226562500000000000
3290845.8475316916592419147491455078125000000000
6071320.6726418323814868927001953125000000000000
-14308159.7273602485656738281250000000000000000000
1546155.5559027483686804771423339843750000000000
-3748560.6221533468924462795257568359375000000000
869881.6207478496944531798362731933593750000000
-5299750.0521257007494568824768066406250000000000
483418.0263233515433967113494873046875000000000
-5433332.8434998961165547370910644531250000000000
7370687.6134326364845037460327148437500000000000
771616.1478246221086010336875915527343750000000
1562292.3593086057808250188827514648437500000000
3011614.3145507490262389183044433593750000000000
-5906807.0831995056942105293273925781250000000000
-1333753.8737101259175688028335571289062500000000
3069989.2289429022930562496185302734375000000000
3519097.1233887835405766963958740234375000000000
13111562.5034760069102048873901367187500000000000
1433171.9764661905355751514434814453125000000000
-6694786.4553211471065878868103027343750000000000
-135292.6466540724504739046096801757812500000000
825314.5714225303381681442260742187500000000000
1252000.3017663457430899143218994140625000000000
3395563.9162052464671432971954345703125000000000
-119706.9112366636545630171895027160644531250000
2773008.3494318895973265171051025390625000000000
-3410903.7254367633722722530364990234375000000000
-3661922.3447868269868195056915283203125000000000
-2391916.7684485740028321743011474609375000000000
-550960.5623726545600220561027526855468750000000
-631366.0050566126592457294464111328125000000000
-7472719.9877862902358174324035644531250000000000
-139499.3000644795538391917943954467773437500000
-1195402.2962191323749721050262451171875000000000
2377342.8771172808483242988586425781250000000000
-1435274.9705497832037508487701416015625000000000
1352649.1487760022282600402832031250000000000000
1467026.9295210435520857572555541992187500000000
-6771645.1209587370976805686950683593750000000000
-4521088.6298616630956530570983886718750000000000
2786497.0273159188218414783477783203125000000000
-927847.4788255643798038363456726074218750000000
-1645389.4834368838928639888763427734375000000000
7802876.7162516145035624504089355468750000000000
3395815.7618823889642953872680664062500000000000
-8987017.8493189550936222076416015625000000000000
4274619.0757319964468479156494140625000000000000
-1735828.0777668622322380542755126953125000000000
-2296755.5730957998894155025482177734375000000000
-14527715.9608031772077083587646484375000000000000
190180.4129492015345022082328796386718750000000
-1366634.3825114057399332523345947265625000000000
3460697.8281048852950334548950195312500000000000
4100171.3743517072871327400207519531250000000000
2072382.8687382149510085582733154296875000000000
-5099351.1795243648812174797058105468750000000000
1443574.4259334141388535499572753906250000000000
-3379074.2551978174597024917602539062500000000000
-14849656.0602093525230884552001953125000000000000
301070.9055264678900130093097686767578125000000
-880167.2196717582410201430320739746093750000000
6920433.9647277621552348136901855468750000000000
5873594.0703477794304490089416503906250000000000
1991102.8095865319482982158660888671875000000000
-2309748.6445043608546257019042968750000000000000
1997591.6033293358050286769866943359375000000000
-1143779.1982705669943243265151977539062500000000
1205339.6833644376602023839950561523437500000000
9246195.5010105706751346588134765625000000000000
-3552135.4220192623324692249298095703125000000000
-4190642.7658864902332425117492675781250000000000
2369569.1242854930460453033447265625000000000000
528386.6198509632376953959465026855468750000000
-1223447.3633932331576943397521972656250000000000
-3590542.0033390936441719532012939453125000000000
5219875.3919332074001431465148925781250000000000
-2737889.3603574745357036590576171875000000000000
4537122.8599039530381560325622558593750000000000
-4948904.7828838285058736801147460937500000000000
2811467.9214448970742523670196533203125000000000
-1427621.2035781962331384420394897460937500000000
-2129425.3335908055305480957031250000000000000000
-1283405.4355309181846678256988525390625000000000
-2432784.7592569817788898944854736328125000000000
1950155.8085907923523336648941040039062500000000
-665575.6528308296110481023788452148437500000000
-7480218.2213602038100361824035644531250000000000
5982921.4994347319006919860839843750000000000000
1007914.7203301540575921535491943359375000000000
-1518271.5440040347166359424591064453125000000000
971334.3427882242249324917793273925781250000000
6988896.5585968699306249618530273437500000000000
208456.9903335498820524662733078002929687500000
3794523.4875874300487339496612548828125000000000
209656.2474362300999928265810012817382812500000
3049699.6033143000677227973937988281250000000000
4346174.2069626031443476676940917968750000000000
2509570.5378963802941143512725830078125000000000
-3981806.4196469844318926334381103515625000000000
2453144.9987964201718568801879882812500000000000
2684523.5613920241594314575195312500000000000000
5540516.7414167365059256553649902343750000000000
6934571.8861392131075263023376464843750000000000
-3252519.9013228425756096839904785156250000000000
1161845.6873012059368193149566650390625000000000
-6836693.5421718228608369827270507812500000000000
-1655104.8006587708368897438049316406250000000000
-455607.9551042583188973367214202880859375000000
520064.3228731907438486814498901367187500000000
-2045476.0554589224047958850860595703125000000000
-336054.7504810090176761150360107421875000000000
5477833.3689317563548684120178222656250000000000
2273772.3397124568000435829162597656250000000000
3523603.5051949215121567249298095703125000000000
5933824.1554932193830609321594238281250000000000
-1003685.2272596359252929687500000000000000000000
-147234.2436496428563259541988372802734375000000
-505029.0927004698896780610084533691406250000000
-9754881.3828111793845891952514648437500000000000
1332792.5244731039274483919143676757812500000000
-8868322.7399973925203084945678710937500000000000
-7762230.3293115142732858657836914062500000000000
450408.7659925985499285161495208740234375000000
5922070.1687866421416401863098144531250000000000
-1837412.8291763067245483398437500000000000000000
4850605.1066906219348311424255371093750000000000
4160476.9431976205669343471527099609375000000000
3007840.7735691824927926063537597656250000000000
-8566791.5054287221282720565795898437500000000000
-4670474.6510046953335404396057128906250000000000
6170403.3942752499133348464965820312500000000000
152247.3942496643285267055034637451171875000000
1915631.1698672797065228223800659179687500000000
642945.4883206702070310711860656738281250000000
1372416.0580749791115522384643554687500000000000
1010724.4203585386276245117187500000000000000000
-8038384.2646087203174829483032226562500000000000
-5606538.0081642512232065200805664062500000000000
-1293727.0390988192521035671234130859375000000000
-1126216.6947384905070066452026367187500000000000
4050936.3457855144515633583068847656250000000000
-725754.5389860991854220628738403320312500000000
-238764.6802062695787753909826278686523437500000
-2318221.4148763339035212993621826171875000000000
79758.1660161197069101035594940185546875000000
-1139262.0138204656541347503662109375000000000000
-235798.1328773683344479650259017944335937500000
652563.4320348070468753576278686523437500000000
2725010.2999024558812379837036132812500000000000
11360887.1552358269691467285156250000000000000000
-189241.0664105827745515853166580200195312500000
1782611.1398939862847328186035156250000000000000
558714.5314835486933588981628417968750000000000
-206695.6325349382823333144187927246093750000000
1397657.9013094871770590543746948242187500000000
2383533.9655378912575542926788330078125000000000
1974677.7655466890428215265274047851562500000000
274874.0522208924521692097187042236328125000000
-8487928.7432664260268211364746093750000000000000
2812239.1996077010408043861389160156250000000000
-3205670.9489124468527734279632568359375000000000
2074794.3582887134980410337448120117187500000000
-4921928.6349215442314743995666503906250000000000
-1347860.4396471795625984668731689453125000000000
-2085227.0062524895183742046356201171875000000000
7049.3053138223767746239900588989257812500000
3849089.0628977171145379543304443359375000000000
4263413.3099587596952915191650390625000000000000
-2835028.2323019993491470813751220703125000000000
2516292.2680181460455060005187988281250000000000
1422737.9015688037034124135971069335937500000000
-2417176.7038724110461771488189697265625000000000
6805764.1378366928547620773315429687500000000000
3641389.8816956831142306327819824218750000000000
904249.5061919558793306350708007812500000000000
739807.3976812371984124183654785156250000000000
-1104022.4482722962275147438049316406250000000000
-10451998.2065306976437568664550781250000000000000
-6022594.5883112587034702301025390625000000000000
-2176617.5599355064332485198974609375000000000000
767521.9352229629876092076301574707031250000000
-718924.2355770921567454934120178222656250000000
-4080267.5782940853387117385864257812500000000000
-489733.2822026488138362765312194824218750000000
98619.7808407691773027181625366210937500000000
8028932.3182733310386538505554199218750000000000
-1531327.3734467802569270133972167968750000000000
-4364905.3808884853497147560119628906250000000000
2569872.4412277024239301681518554687500000000000
-1408582.3989847395569086074829101562500000000000
-2110113.1449460419826209545135498046875000000000
-876446.5485078758792951703071594238281250000000
4298297.6665278151631355285644531250000000000000
-3185525.5192039101384580135345458984375000000000
1196910.3395943650975823402404785156250000000000
2773129.6267643487080931663513183593750000000000
-7642846.5882307905703783035278320312500000000000
-59066.0237596724327886477112770080566406250000
1003762.2220871680183336138725280761718750000000
-672894.0641427953960373997688293457031250000000
3516961.8990303222090005874633789062500000000000
1265270.7364564407616853713989257812500000000000
-4678619.5406763013452291488647460937500000000000
-301522.5667356385383754968643188476562500000000
192284.6665098968660458922386169433593750000000
-5822986.3336280938237905502319335937500000000000
7464078.5803801333531737327575683593750000000000
1118912.0593029477167874574661254882812500000000
-3329961.2626556493341922760009765625000000000000
3646624.0358960921876132488250732421875000000000
1729894.8977421279996633529663085937500000000000
2030550.1341633528936654329299926757812500000000
1753403.3282204829156398773193359375000000000000
-1391154.9638498425483703613281250000000000000000
1961454.3787905522622168064117431640625000000000
-7741165.3892134847119450569152832031250000000000
-4533619.9008116619661450386047363281250000000000
7152678.8947393856942653656005859375000000000000
3505897.5152244609780609607696533203125000000000
-4600010.0439299186691641807556152343750000000000
-2433104.3334532286971807479858398437500000000000
3769511.6145056076347827911376953125000000000000
-2466463.1816184995695948600769042968750000000000
-4163141.5525596789084374904632568359375000000000
2593108.2004903471097350120544433593750000000000
-8587580.6400558855384588241577148437500000000000
5800770.2314971638843417167663574218750000000000
808875.4151802242267876863479614257812500000000
6583590.4573984891176223754882812500000000000000
-1497608.2151407285127788782119750976562500000000
-2658476.7643546853214502334594726562500000000000
340652.4779801218537613749504089355468750000000
2219170.4676458109170198440551757812500000000000
-289621.8104571534786373376846313476562500000000
-4422307.6593829793855547904968261718750000000000
-4166178.5608411952853202819824218750000000000000
5471786.3778063906356692314147949218750000000000
73038.2703881796624045819044113159179687500000
519997.6367775380495004355907440185546875000000
1495531.6380523415282368659973144531250000000000
2935542.8138818033039569854736328125000000000000
-2263427.9881509225815534591674804687500000000000
-1818001.1941055702045559883117675781250000000000
-287445.2810766741749830543994903564453125000000
627050.3888644266407936811447143554687500000000
4073072.5090508856810629367828369140625000000000
-670408.1431513404240831732749938964843750000000
-6831757.1386050237342715263366699218750000000000
-7101299.5880417097359895706176757812500000000000
883117.3161700288765132427215576171875000000000
-2580293.3692295951768755912780761718750000000000
179152.9347245578246656805276870727539062500000
-603104.8252441463991999626159667968750000000000
2144972.0772720780223608016967773437500000000000
3839999.7284740130417048931121826171875000000000
4715196.4700949145480990409851074218750000000000
2887029.1053287070244550704956054687500000000000
-4552343.7015478927642107009887695312500000000000
1117255.5447401322890073060989379882812500000000
2970718.6062528830952942371368408203125000000000
2452642.0569004835560917854309082031250000000000
-4419060.6178687885403633117675781250000000000000
2176532.1788406996056437492370605468750000000000
282692.4928320972248911857604980468750000000000
-2505777.9094505384564399719238281250000000000000
1314619.7852916757110506296157836914062500000000
23892.3357805191262741573154926300048828125000
2917520.4794243578799068927764892578125000000000
-3580179.2917536743916571140289306640625000000000
3086975.8045576871372759342193603515625000000000
-3173408.1486078584566712379455566406250000000000
2969650.7784143188036978244781494140625000000000
1368516.6906842929311096668243408203125000000000
-1367063.0062008269596844911575317382812500000000
-2121528.8632853864692151546478271484375000000000
-645670.5687710280762985348701477050781250000000
-1855299.5805335526820272207260131835937500000000
-1806214.5063306577503681182861328125000000000000
3746627.4376842221245169639587402343750000000000
4193465.6794397686608135700225830078125000000000
4699589.0227208305150270462036132812500000000000
1235036.2276095985434949398040771484375000000000
1470896.2013334936928004026412963867187500000000
2740033.1962278974242508411407470703125000000000
-3891581.7519851047545671463012695312500000000000
-2381693.4612219175323843955993652343750000000000
3934454.1617168355733156204223632812500000000000
1839357.4385607617441564798355102539062500000000
-1607134.8104470111429691314697265625000000000000
4039802.8357734438031911849975585937500000000000
-2361292.0990465814247727394104003906250000000000
-2281122.6672615981660783290863037109375000000000
192106.1649317567644175142049789428710937500000
-492789.6686478350311517715454101562500000000000
4253574.4775241529569029808044433593750000000000
-1048553.9326742610428482294082641601562500000000
603385.1407409184612333774566650390625000000000
411092.3520480628358200192451477050781250000000
-3918341.1383811389096081256866455078125000000000
-505645.6964513702550902962684631347656250000000
160295.6270407493284437805414199829101562500000
-1060370.0906324854586273431777954101562500000000
-2741464.6889921021647751331329345703125000000000
5759974.9985756557434797286987304687500000000000
767685.3135476424358785152435302734375000000000
-568285.5862369131064042448997497558593750000000
2824442.4308315804228186607360839843750000000000
-1397716.8261420808266848325729370117187500000000
3548365.0869907555170357227325439453125000000000
-1971511.2357955214101821184158325195312500000000
-9585271.3344266172498464584350585937500000000000
2665392.1290842867456376552581787109375000000000
1709715.0423737084493041038513183593750000000000
-3598333.6568239354528486728668212890625000000000
2759141.4189276313409209251403808593750000000000
-1651190.4174120349343866109848022460937500000000
-2324347.8668568767607212066650390625000000000000
-1266707.6851530030835419893264770507812500000000
-515146.4842824203078635036945343017578125000000
30580.4788130374945467337965965270996093750000
-4007104.3050406645052134990692138671875000000000
-3431746.5021207262761890888214111328125000000000
-1319612.2738713135477155447006225585937500000000
383504.6691830849158577620983123779296875000000
-812918.6643387718359008431434631347656250000000
2794490.0826711701229214668273925781250000000000
-363120.1358740580035373568534851074218750000000
-661501.1802589963190257549285888671875000000000
1134171.8934996097814291715621948242187500000000
-1325223.4979279388207942247390747070312500000000
-114578.5840759507555048912763595581054687500000
2470038.6392162144184112548828125000000000000000
2661120.7458399855531752109527587890625000000000
1236526.3853703320492058992385864257812500000000
-2876921.6608089711517095565795898437500000000000
5172450.4419147819280624389648437500000000000000
-5522248.3845624979585409164428710937500000000000
-830070.3973483432782813906669616699218750000000
1309705.5619150423444807529449462890625000000000
-2010086.5108296093530952930450439453125000000000
3661120.7248925995081663131713867187500000000000
2678037.1034802710637450218200683593750000000000
1900814.1127241419162601232528686523437500000000
1894230.6615564660169184207916259765625000000000
-1311601.9662278851028531789779663085937500000000
91150.1201069907547207549214363098144531250000
-3031891.1343623800203204154968261718750000000000
3003477.0813605706207454204559326171875000000000
7006557.6330081541091203689575195312500000000000
223716.4328086900350172072649002075195312500000
-4217269.9024651153013110160827636718750000000000
4602651.8809274714440107345581054687500000000000
1210822.2726563175674527883529663085937500000000
523009.0061539284070022404193878173828125000000
1413208.7267018044367432594299316406250000000000
-559915.0719338580965995788574218750000000000000
-1693050.1448664171621203422546386718750000000000
1927469.4681435320526361465454101562500000000000
-507764.1319313549320213496685028076171875000000
-214198.1375252114667091518640518188476562500000
5991352.8997899321839213371276855468750000000000
3620630.5257973154075443744659423828125000000000
-4791564.1352379713207483291625976562500000000000
-2225846.6275055860169231891632080078125000000000
-8133703.5482198661193251609802246093750000000000
-535243.2700066504767164587974548339843750000000
606977.4979768181219696998596191406250000000000
924505.1546080533880740404129028320312500000000
-566935.7621946000726893544197082519531250000000
-3191586.1304495097137987613677978515625000000000
136601.9853900462330784648656845092773437500000
1511606.1777974572032690048217773437500000000000
2467497.7843186720274388790130615234375000000000
574238.5117056729504838585853576660156250000000
-665512.9245004048570990562438964843750000000000
-279739.1162020709598436951637268066406250000000
-5230692.2030106773599982261657714843750000000000
1109788.2617407175712287425994873046875000000000
1085187.6103187673725187778472900390625000000000
7285062.0451218830421566963195800781250000000000
933882.7183469266165047883987426757812500000000
-3485205.7898780019022524356842041015625000000000
4287597.7058004792779684066772460937500000000000
974569.1238112603314220905303955078125000000000
-3313174.6359894792549312114715576171875000000000
189477.2102866562490817159414291381835937500000
-4410032.1865473203361034393310546875000000000000
-2093150.7173709101043641567230224609375000000000
-73446.1194180236052488908171653747558593750000
528229.1904292278923094272613525390625000000000
-599108.0322006094502285122871398925781250000000
-2697797.1213688603602349758148193359375000000000
-1583545.4420129554346203804016113281250000000000
1140854.7973603510763496160507202148437500000000
4071564.3325769416987895965576171875000000000000
-760181.3276727664051577448844909667968750000000
4708156.0264154803007841110229492187500000000000
2182195.9777650097385048866271972656250000000000
-1406482.6124301513191312551498413085937500000000
-102652.2154502845951355993747711181640625000000
-5016.1942075345268676755949854850769042968750
-1937152.5127921607345342636108398437500000000000
-817891.9052796915639191865921020507812500000000
2356131.3294363538734614849090576171875000000000
-2429267.5893742959015071392059326171875000000000
-3573611.6850571450777351856231689453125000000000
-2788604.1785689960233867168426513671875000000000
-3298406.9328570459038019180297851562500000000000
3633801.0905712647363543510437011718750000000000
-176568.4034376824856735765933990478515625000000
165612.2665048920316621661186218261718750000000
-1032865.9035351463826373219490051269531250000000
-1129219.0674609348643571138381958007812500000000
-3615550.1327969245612621307373046875000000000000
-221353.6431993222795426845550537109375000000000
1923732.7773103939834982156753540039062500000000
-1523674.2910620649345219135284423828125000000000
-70234.6564491154858842492103576660156250000000
-2039996.9221219792962074279785156250000000000000
-2776518.7327185645699501037597656250000000000000
3166176.0588464816100895404815673828125000000000
3594297.4856404601596295833587646484375000000000
1038615.9379837610758841037750244140625000000000
-1565746.3648057586979120969772338867187500000000
-277673.4277790276100859045982360839843750000000
3300655.9531046561896800994873046875000000000000
-1584848.7700273743830621242523193359375000000000
-2837375.7218351601622998714447021484375000000000
-4716213.6931232605129480361938476562500000000000
-3206672.6890099518932402133941650390625000000000
2054834.9995243083685636520385742187500000000000
-1751414.1735560246743261814117431640625000000000
522585.4679910177364945411682128906250000000000
124794.3528613292000954970717430114746093750000
3188441.8039265237748622894287109375000000000000
566524.2461601777467876672744750976562500000000
790914.6980233357753604650497436523437500000000
-1282225.7162322923541069030761718750000000000000
-2530166.8151087397709488868713378906250000000000
-146419.5659722611308097839355468750000000000000
1483283.0023858379572629928588867187500000000000
-1546306.2572073014453053474426269531250000000000
1298606.1812762571498751640319824218750000000000
4011210.8801453062333166599273681640625000000000
-343025.4637183515587821602821350097656250000000
-3375290.0762792681343853473663330078125000000000
-3707364.9397529261186718940734863281250000000000
-1847887.1255326573736965656280517578125000000000
-178989.8672910949389915913343429565429687500000
1704016.9269811669364571571350097656250000000000
944781.6435455371392890810966491699218750000000
-697516.8319833878194913268089294433593750000000
-3177922.7786909942515194416046142578125000000000
2943299.6352819739840924739837646484375000000000
350871.4404171134228818118572235107421875000000
1585097.6655549197457730770111083984375000000000
189743.2314930755237583070993423461914062500000
1856267.5486928860191255807876586914062500000000
-502906.3244253525626845657825469970703125000000
228547.0690517822222318500280380249023437500000
2630109.7904619788751006126403808593750000000000
1065646.7870891378261148929595947265625000000000
-3541679.1130542634055018424987792968750000000000
-1034303.8056003714445978403091430664062500000000
4240726.0043883016332983970642089843750000000000
-1008924.2292258491506800055503845214843750000000
403759.4825620989431627094745635986328125000000
-2674380.3528069043532013893127441406250000000000
-520199.3451168243191204965114593505859375000000
720755.8999792182585224509239196777343750000000
79462.3881061446154490113258361816406250000000
532750.4557017848128452897071838378906250000000
-843387.5744209315162152051925659179687500000000
959489.4104965304723009467124938964843750000000
3014104.2596892463043332099914550781250000000000
1964450.9859957380685955286026000976562500000000
-2647562.6652479544281959533691406250000000000000
-338556.6572110417764633893966674804687500000000
76667.8683393524261191487312316894531250000000
1110747.4837328717112541198730468750000000000000
1875507.8653793213889002799987792968750000000000
533437.7103491824818775057792663574218750000000
-297030.9392749912803992629051208496093750000000
1586338.2259584981948137283325195312500000000000
-125867.3840671345969894900918006896972656250000
539668.7128188359783962368965148925781250000000
-1337143.4696206552907824516296386718750000000000
721918.6476426461013033986091613769531250000000
-303655.1221618984127417206764221191406250000000
2918406.5058682551607489585876464843750000000000
2558349.9069849248044192790985107421875000000000
1103641.3250051729846745729446411132812500000000
1920373.1841447274200618267059326171875000000000
1283516.9981047254987061023712158203125000000000
-128848.8981546678696759045124053955078125000000
2215029.7905710064806044101715087890625000000000
2212099.9042217982932925224304199218750000000000
2719.3320718383902203640900552272796630859375
-1283868.1869992257561534643173217773437500000000
-639734.5347542647505179047584533691406250000000
1717381.4818377851042896509170532226562500000000
-331332.7065867789206095039844512939453125000000
649347.8158812031615525484085083007812500000000
-847668.8561392190167680382728576660156250000000
375473.0691967420279979705810546875000000000000
-2058881.4830081514082849025726318359375000000000
1226149.2422645734623074531555175781250000000000
2322901.4615618018433451652526855468750000000000
-3071233.7823877613991498947143554687500000000000
-3466931.1477079638279974460601806640625000000000
281075.0134491475764662027359008789062500000000
1395597.2971776183694601058959960937500000000000
-1128641.6720227899495512247085571289062500000000
621688.5271797761088237166404724121093750000000
871169.5243509205756708979606628417968750000000
-1845893.8864073001313954591751098632812500000000
-154070.3173325312673114240169525146484375000000
2050027.8011382061522454023361206054687500000000
-2030224.1755816964432597160339355468750000000000
785049.3788695583352819085121154785156250000000
-634539.5074152903398498892784118652343750000000
-775845.0289064050884917378425598144531250000000
1210896.6958253530319780111312866210937500000000
1837023.0353120993822813034057617187500000000000
-688136.4483426472870633006095886230468750000000
-1567620.8714745517354458570480346679687500000000
1182514.8806412799749523401260375976562500000000
-1309340.5403886332642287015914916992187500000000
296580.4925197431002743542194366455078125000000
1439969.3132828953675925731658935546875000000000
-1335998.9409285618457943201065063476562500000000
-2700725.3493735827505588531494140625000000000000
2640110.1601896882057189941406250000000000000000
-4563771.9192841406911611557006835937500000000000
4131808.6460349792614579200744628906250000000000
-602346.4458817519480362534523010253906250000000
-791366.4761435760883614420890808105468750000000
-2321937.3351303357630968093872070312500000000000
-1709184.5646657363977283239364624023437500000000
-1089066.2913136978168040513992309570312500000000
-1064727.0984758823178708553314208984375000000000
1453963.4092173713725060224533081054687500000000
-965314.6050055058440193533897399902343750000000
508226.9418236631317995488643646240234375000000
-1132492.7074174205772578716278076171875000000000
117734.3631280961999436840415000915527343750000
162163.8531328160315752029418945312500000000000
-301401.1186097958707250654697418212890625000000
1611523.0085355197079479694366455078125000000000
-444804.0456373160704970359802246093750000000000
3352346.9348757043480873107910156250000000000000
1463105.5020930739119648933410644531250000000000
-2402182.3093737722374498844146728515625000000000
1048931.0221739681437611579895019531250000000000
966065.2472750303568318486213684082031250000000
-628532.9615153877530246973037719726562500000000
-386412.0931305736885406076908111572265625000000
981235.1740282753016799688339233398437500000000
2428600.9978431994095444679260253906250000000000
297822.0479107578285038471221923828125000000000
-2505190.6010329653508961200714111328125000000000
-464314.0673191266832873225212097167968750000000
-693577.4973704881267622113227844238281250000000
1803451.2547637308016419410705566406250000000000
-508836.7989182168967090547084808349609375000000
-240634.2793072717613540589809417724609375000000
2244414.9198814732953906059265136718750000000000
-684664.3347066645510494709014892578125000000000
984448.7109276477713137865066528320312500000000
-1823841.5049863264430314302444458007812500000000
-3159104.1788240959867835044860839843750000000000
-1141355.4160113243851810693740844726562500000000
-1488404.6611109247896820306777954101562500000000
-3271650.1690918277017772197723388671875000000000
1290366.1318291374482214450836181640625000000000
-1422802.1735717488918453454971313476562500000000
-603224.8209441899089142680168151855468750000000
862579.5968613480217754840850830078125000000000
-1301201.1767200557515025138854980468750000000000
2104366.2321782992221415042877197265625000000000
-358258.2083911725203506648540496826171875000000
-1460666.6556593668647110462188720703125000000000
975943.7187646760139614343643188476562500000000
-750306.7643539515556767582893371582031250000000
-110347.5587266221555182710289955139160156250000
226185.0018325057462789118289947509765625000000
-2360015.2888295953162014484405517578125000000000
385861.0042628556839190423488616943359375000000
-934844.2766336981439962983131408691406250000000
1685134.7872172484640032052993774414062500000000
370895.5066642772872000932693481445312500000000
2705776.8488246495835483074188232421875000000000
-1607950.7611026621889322996139526367187500000000
438393.6099748536944389343261718750000000000000
2130175.3548842137679457664489746093750000000000
326388.5428487784811295568943023681640625000000
293194.8488501654355786740779876708984375000000
-546153.9388264019507914781570434570312500000000
1113994.7599008867982774972915649414062500000000
1225905.8369430282618850469589233398437500000000
-1961011.7354223479051142930984497070312500000000
-1500514.3055762038566172122955322265625000000000
2185705.0368565255776047706604003906250000000000
2216249.6747950655408203601837158203125000000000
-1357388.3117148352321237325668334960937500000000
1289824.6268915894906967878341674804687500000000
-1185917.1086149238981306552886962890625000000000
-1012346.8222344786627218127250671386718750000000
-1580016.2739091017283499240875244140625000000000
3985663.4415360949933528900146484375000000000000
-1306991.7709861411713063716888427734375000000000
-3311416.4860288673080503940582275390625000000000
257585.9483470110862981528043746948242187500000
-778497.1683537296485155820846557617187500000000
1241188.1202667052857577800750732421875000000000
1300636.8455675248987972736358642578125000000000
961426.0899330910760909318923950195312500000000
-2911437.0738513595424592494964599609375000000000
-617504.0148997498909011483192443847656250000000
1659394.6778853235300630331039428710937500000000
-380647.3429327515186741948127746582031250000000
1616150.4074182766489684581756591796875000000000
-1871319.6200369654688984155654907226562500000000
2618391.3241325034759938716888427734375000000000
-501317.6400138934259302914142608642578125000000
1574216.8803879222832620143890380859375000000000
195259.4660683773108758032321929931640625000000
-1894657.9910069324541836977005004882812500000000
-390144.2467227902961894869804382324218750000000
2030998.1605959162116050720214843750000000000000
2473604.3320198049768805503845214843750000000000
-1062415.0394725927617400884628295898437500000000
-163577.0508517856360413134098052978515625000000
-439894.6517694162321276962757110595703125000000
178240.0317323004128411412239074707031250000000
1079069.2791774196084588766098022460937500000000
-668041.5104948476655408740043640136718750000000
823320.7681678076041862368583679199218750000000
-477869.6350536219542846083641052246093750000000
-1035802.7217530659399926662445068359375000000000
-1781582.7019908132497221231460571289062500000000
-519240.1006051766453310847282409667968750000000
-1153971.1288995302747935056686401367187500000000
-695336.2461956981569528579711914062500000000000
-804046.0496256554033607244491577148437500000000
618245.5888873876538127660751342773437500000000
2304564.6499262140132486820220947265625000000000
-252120.4018535765935666859149932861328125000000
75827.6377191123610828071832656860351562500000
-1499683.2642204228322952985763549804687500000000
712548.8356054334435611963272094726562500000000
1700114.7331431971397250890731811523437500000000
130712.7053826431365450844168663024902343750000
-1696465.4789991201832890510559082031250000000000
681415.4055847391718998551368713378906250000000
1013198.3688369760056957602500915527343750000000
-2190466.5333503987640142440795898437500000000000
854023.7782001633895561099052429199218750000000
-1405747.2708643767982721328735351562500000000000
1051657.2508353155571967363357543945312500000000
2078509.9380684227216988801956176757812500000000
6284.0139810562241109437309205532073974609375
-744151.7255857953568920493125915527343750000000
1265957.5161243805196136236190795898437500000000
503167.9515989103820174932479858398437500000000
-1130214.3969712255056947469711303710937500000000
-781255.7647201436338946223258972167968750000000
1138677.3595369816757738590240478515625000000000
1207319.0647364242468029260635375976562500000000
-220863.2116426613356452435255050659179687500000
-2783268.8609950621612370014190673828125000000000
-578501.4186731728259474039077758789062500000000
-25189.5050001688905467744916677474975585937500
1220452.1701595254708081483840942382812500000000
1017931.7531417906284332275390625000000000000000
-725116.6104288324713706970214843750000000000000
384253.9464732282795011997222900390625000000000
48954.3599519005583715625107288360595703125000
1483787.9142126718070358037948608398437500000000
550290.6902772223111242055892944335937500000000
595993.8526517120189964771270751953125000000000
197656.9543377302470616996288299560546875000000
-30771.5283204224033397622406482696533203125000
-565898.1336871162056922912597656250000000000000
689790.4919544105650857090950012207031250000000
82009.2191615303599974140524864196777343750000
792004.7691758035216480493545532226562500000000
-1405531.2278391062282025814056396484375000000000
-1490926.1470319069921970367431640625000000000000
-1630268.8140803819987922906875610351562500000000
2919683.1742654340341687202453613281250000000000
392857.5524598475312814116477966308593750000000
-244280.7875275390397291630506515502929687500000
-921537.9531312357867136597633361816406250000000
-2077423.7710897198412567377090454101562500000000
1381846.5970534053631126880645751953125000000000
-1591499.7863585897721350193023681640625000000000
-1215188.4401312086265534162521362304687500000000
-693487.1784100047079846262931823730468750000000
-853872.6986497908364981412887573242187500000000
-500999.1518384289811365306377410888671875000000
1281709.1961663365364074707031250000000000000000
1822768.0835543840657919645309448242187500000000
-371245.0247854565968737006187438964843750000000
1345864.4986703479662537574768066406250000000000
-1206145.0661434237845242023468017578125000000000
-2380516.7883463161997497081756591796875000000000
425247.6109331903862766921520233154296875000000
1525749.5111593378242105245590209960937500000000
-1161864.5980333620682358741760253906250000000000
569403.2043182706693187355995178222656250000000
1076516.2878485675901174545288085937500000000000
-238731.3301627605105750262737274169921875000000
-1842928.5382878070231527090072631835937500000000
-143801.6431562512007076293230056762695312500000
1315481.8711955356411635875701904296875000000000
-920158.0485294032841920852661132812500000000000
1637172.7113377598579972982406616210937500000000
-969909.1079093331936746835708618164062500000000
1319114.2729998845607042312622070312500000000000
-666294.0171915794489905238151550292968750000000
1524790.2615579189732670783996582031250000000000
-269171.0565794039866887032985687255859375000000
-4700.5992974066157330526039004325866699218750
-440897.1264721161569468677043914794921875000000
-149036.1993145480519160628318786621093750000000
230976.4861048106686212122440338134765625000000
878997.4179425729671493172645568847656250000000
-179268.1010431924078147858381271362304687500000
-204594.4987704660743474960327148437500000000000
-153620.3756268914148677140474319458007812500000
-711382.3422183115035295486450195312500000000000
-216378.4066756714018993079662322998046875000000
1817686.0857665799558162689208984375000000000000
-360260.4691236817743629217147827148437500000000
-761358.7393373567610979080200195312500000000000
41000.3564490231219679117202758789062500000000
240530.5840728343464434146881103515625000000000
2028091.0549214305356144905090332031250000000000
-1125623.0774511275812983512878417968750000000000
-518441.4331051541375927627086639404296875000000
-339154.3952595196897163987159729003906250000000
-835212.2344479090534150600433349609375000000000
-181176.7864253976440522819757461547851562500000
2455011.6257703178562223911285400390625000000000
-1048068.8936801331583410501480102539062500000000
-1105327.2368187385145574808120727539062500000000
-535315.9005271531641483306884765625000000000000
867581.8128199740312993526458740234375000000000
544653.7020557839423418045043945312500000000000
831458.9166462924331426620483398437500000000000
-36398.1028753076607245020568370819091796875000
-563196.3106949481880292296409606933593750000000
909935.0324520783033221960067749023437500000000
-504770.8145958795212209224700927734375000000000
-982993.1608528104843571782112121582031250000000
