1.3618491894621687077204796878504566848278
-191.6482616186702614413661649450659751892090
6653.9415820950034685665741562843322753906250
-99273.2693406126345507800579071044921875000000
788126.1404843832133337855339050292968750000000
-3694854.1061301329173147678375244140625000000000
10769092.7053078282624483108520507812500000000000
-19816419.0905601717531681060791015625000000000000
22334230.5034021884202957153320312500000000000000
-13054106.4926296863704919815063476562500000000000
463026.6379759100382216274738311767578125000000
1963116.2795822857879102230072021484375000000000
-1968227.6861882025841623544692993164062500000000
29575188.5751653537154197692871093750000000000000
-71800256.8178369402885437011718750000000000000000
66363586.5192375555634498596191406250000000000000
-24002930.4328702315688133239746093750000000000000
8163485.6212527640163898468017578125000000000000
-13836631.0692427121102809906005859375000000000000
15914475.1030944697558879852294921875000000000000
-8627161.6739942338317632675170898437500000000000
1741868.8013168147299438714981079101562500000000
-5646758.2948655020445585250854492187500000000000
2083637.0876836539246141910552978515625000000000
-1904893.9844301787670701742172241210937500000000
4141160.2558295167982578277587890625000000000000
1360185.9246482187882065773010253906250000000000
2887841.9853909807279706001281738281250000000000
-3626114.5102943181991577148437500000000000000000
1511365.8667738114017993211746215820312500000000
-1541789.4446367495693266391754150390625000000000
224611.5283508295542560517787933349609375000000
1754636.9811002765782177448272705078125000000000
-2612536.7204203275032341480255126953125000000000
-2833041.1211669552139937877655029296875000000000
2966670.2503586714155972003936767578125000000000
115536.9315643524751067161560058593750000000000
-1839888.7824170903768390417098999023437500000000
-582382.1160733416909351944923400878906250000000
3608965.1005422119051218032836914062500000000000
-205620.1267207076598424464464187622070312500000
-1608235.1261205265764147043228149414062500000000
-3131348.2349893804639577865600585937500000000000
3455207.0442537283524870872497558593750000000000
308255.8711432648124173283576965332031250000000
1737048.1203957041725516319274902343750000000000
-1973820.5013276103418320417404174804687500000000
1976163.8521551131270825862884521484375000000000
-2602671.4682125127874314785003662109375000000000
-1446400.1506345095112919807434082031250000000000
-720203.5651322780176997184753417968750000000000
3086086.5276383399032056331634521484375000000000
3974125.1453498401679098606109619140625000000000
-532394.1910545146092772483825683593750000000000
-4163057.6035931780934333801269531250000000000000
1674790.6124225447420030832290649414062500000000
873778.5474027704913169145584106445312500000000
-2205882.1587736126966774463653564453125000000000
1951889.3205345703754574060440063476562500000000
2482841.7064974810928106307983398437500000000000
1112288.6603986392728984355926513671875000000000
-3292517.9437015452422201633453369140625000000000
-371768.3867292272043414413928985595703125000000
-1890855.2880928497761487960815429687500000000000
1499057.4068466667085886001586914062500000000000
-4274245.5568536203354597091674804687500000000000
1123235.8987911683507263660430908203125000000000
-4118258.5296369139105081558227539062500000000000
-1237407.7563277913723140954971313476562500000000
253178.0119403770659118890762329101562500000000
1594224.2265040846541523933410644531250000000000
-914251.6498889245558530092239379882812500000000
1984055.7576112633105367422103881835937500000000
1694529.6799508624244481325149536132812500000000
-1129232.7172104909550398588180541992187500000000
2478784.8604144640266895294189453125000000000000
-1936654.0134622573386877775192260742187500000000
2449881.3648694073781371116638183593750000000000
4243286.3860903028398752212524414062500000000000
565856.1280482051661238074302673339843750000000
1089441.4118339656852185726165771484375000000000
119921.1064649692561943084001541137695312500000
998030.5564780329586938023567199707031250000000
1064578.8267060094512999057769775390625000000000
-1338725.3188776257447898387908935546875000000000
-1589906.0817236574366688728332519531250000000000
-600564.4894965476123616099357604980468750000000
1931243.4541065278463065624237060546875000000000
-456580.4404062234098091721534729003906250000000
-473867.1467825393774546682834625244140625000000
-1636091.0830028401687741279602050781250000000000
-2079775.3465146822854876518249511718750000000000
2782853.2864010212942957878112792968750000000000
2770647.6600024225190281867980957031250000000000
-5343143.8934230748564004898071289062500000000000
-2290348.3572303606197237968444824218750000000000
2241355.7857648511417210102081298828125000000000
-2621160.6389725427143275737762451171875000000000
-4329978.7723665218800306320190429687500000000000
1528135.4422860895283520221710205078125000000000
570882.6096206220099702477455139160156250000000
-4331940.1809855597093701362609863281250000000000
-3804561.2696873908862471580505371093750000000000
2921631.5547051425091922283172607421875000000000
3506430.7586098290048539638519287109375000000000
-245453.2295336136594414710998535156250000000000
442471.7516319106798619031906127929687500000000
2928063.0206825556233525276184082031250000000000
1843845.9547661414835602045059204101562500000000
2205886.4356008912436664104461669921875000000000
-1793988.3176649366505444049835205078125000000000
1135615.9754915712401270866394042968750000000000
-3879130.7989909807220101356506347656250000000000
-228387.0276930268737487494945526123046875000000
-3627973.4415727318264544010162353515625000000000
619389.9113931718748062849044799804687500000000
-1479211.1052948120050132274627685546875000000000
1596509.3282018790487200021743774414062500000000
3319574.2335255849175155162811279296875000000000
1045562.8089866433292627334594726562500000000000
2046863.5992343090474605560302734375000000000000
999028.9713452300056815147399902343750000000000
1271242.8496531420387327671051025390625000000000
5169199.0754188951104879379272460937500000000000
-1961589.3749040346592664718627929687500000000000
-1413617.4893175831530243158340454101562500000000
534487.3440819028764963150024414062500000000000
-39409.1006891304132295772433280944824218750000
-2814459.1063362210988998413085937500000000000000
336200.6638758084736764430999755859375000000000
2969100.8041776143945753574371337890625000000000
-1234145.1999478114303201436996459960937500000000
830617.4997228349093347787857055664062500000000
1328323.2952636850532144308090209960937500000000
-770768.7319416005630046129226684570312500000000
1396673.1803680565208196640014648437500000000000
-1825728.9343412602320313453674316406250000000000
-726076.9783703885041177272796630859375000000000
-1340484.0515020692255347967147827148437500000000
-75336.7828234666812932118773460388183593750000
1133648.4415584953967481851577758789062500000000
480561.4692721577594056725502014160156250000000
-1614876.5642739241011440753936767578125000000000
-2007501.2482499286998063325881958007812500000000
156588.8319231822679284960031509399414062500000
-3944200.7771563460119068622589111328125000000000
1255218.1394999693147838115692138671875000000000
-2105699.5900306655094027519226074218750000000000
1562736.9632109079975634813308715820312500000000
-3820383.8741584136150777339935302734375000000000
2701720.1951372311450541019439697265625000000000
-2292250.4463673341087996959686279296875000000000
758951.1036182220559567213058471679687500000000
2088926.4253265871666371822357177734375000000000
-1173620.2642759287264198064804077148437500000000
1415058.7666930300183594226837158203125000000000
2376027.4055718756280839443206787109375000000000
-627534.8259796525817364454269409179687500000000
-329154.2039158114930614829063415527343750000000
-4080699.9203410963527858257293701171875000000000
-1969965.8176930104382336139678955078125000000000
918716.3465661753434687852859497070312500000000
-1656778.6375942330341786146163940429687500000000
1126124.5868201325647532939910888671875000000000
-982171.0008233549306169152259826660156250000000
-313955.7346487622708082199096679687500000000000
4353936.4076641201972961425781250000000000000000
7472399.0648993365466594696044921875000000000000
-660540.1155163478106260299682617187500000000000
2538092.1913372823037207126617431640625000000000
-1150388.2687703655101358890533447265625000000000
1546698.5015012924559414386749267578125000000000
-1644222.4395958669483661651611328125000000000000
-192484.2858462250151205807924270629882812500000
-1549251.1538155965972691774368286132812500000000
-667150.0032270731171593070030212402343750000000
-732256.7446970783639699220657348632812500000000
2086726.2395660120528191328048706054687500000000
-262520.9208435952314175665378570556640625000000
-3932603.5899166725575923919677734375000000000000
5225.5174355488634319044649600982666015625000
-14835.2633904383765184320509433746337890625000
-325066.9973445975338108837604522705078125000000
-1125613.9553063530474901199340820312500000000000
741497.3453888138756155967712402343750000000000
-2080692.4866660905536264181137084960937500000000
-1812058.8822757911402732133865356445312500000000
1403019.4319864243734627962112426757812500000000
-2083649.4758419664576649665832519531250000000000
3603772.3460989110171794891357421875000000000000
195366.0010447817039676010608673095703125000000
-4251276.2762581780552864074707031250000000000000
1296516.7298286054283380508422851562500000000000
1353041.2349894044455140829086303710937500000000
-813002.0060229488881304860115051269531250000000
5360030.2778987390920519828796386718750000000000
-1295950.0605920131783932447433471679687500000000
921134.3345791794126853346824645996093750000000
-868454.8689585141837596893310546875000000000000
3493213.5749300620518624782562255859375000000000
-185799.4877238979388494044542312622070312500000
-2561234.0868770079687237739562988281250000000000
-1468839.0588588889222592115402221679687500000000
-2337517.3426461000926792621612548828125000000000
96966.4035419827123405411839485168457031250000
2667987.4180345884524285793304443359375000000000
-802669.8703752084402367472648620605468750000000
-672315.4527820707298815250396728515625000000000
-364613.9876692752004601061344146728515625000000
-1362097.7985597322694957256317138671875000000000
-936180.9493644709000363945960998535156250000000
2503469.1682238173671066761016845703125000000000
-2803852.0383528415113687515258789062500000000000
89100.0202275336923776194453239440917968750000
-2132115.9734102124348282814025878906250000000000
4840950.2851929785683751106262207031250000000000
2407311.7388407657854259014129638671875000000000
3606673.9403993343003094196319580078125000000000
-3638571.2697660834528505802154541015625000000000
650638.6346091337036341428756713867187500000000
2397173.5010944171808660030364990234375000000000
4255564.3409676682204008102416992187500000000000
-652133.3582290048943832516670227050781250000000
2930339.2218043501488864421844482421875000000000
-1024932.9356769361766055226325988769531250000000
-1709996.0927675843704491853713989257812500000000
-2246305.9413169636391103267669677734375000000000
-635553.2296979699749499559402465820312500000000
-1410386.7613088511861860752105712890625000000000
1247139.0080652274191379547119140625000000000000
2300512.2142040827311575412750244140625000000000
-1145907.2832782045006752014160156250000000000000
3173882.0428523421287536621093750000000000000000
505115.7396246450371108949184417724609375000000
546762.2421989579452201724052429199218750000000
774461.3604509168071672320365905761718750000000
1632122.1686623671557754278182983398437500000000
-3473597.9022462647408246994018554687500000000000
-22159.9806692237907554954290390014648437500000
-52434.1029924517788458615541458129882812500000
-783625.0978513717418536543846130371093750000000
-1178664.4742626938968896865844726562500000000000
-604935.6885920236818492412567138671875000000000
1886513.5477815442718565464019775390625000000000
116198.0138131085259374231100082397460937500000
-2456673.2245221273042261600494384765625000000000
-2538932.1698797703720629215240478515625000000000
317234.4869065245729871094226837158203125000000
-1529102.7689865587744861841201782226562500000000
-1507390.7569337154272943735122680664062500000000
-443182.3979625310166738927364349365234375000000
-1758022.0295625771395862102508544921875000000000
-2234982.1967967245727777481079101562500000000000
-350668.7956812920747324824333190917968750000000
-1323778.3727146917954087257385253906250000000000
-430597.8810978631372563540935516357421875000000
424996.3505964217474684119224548339843750000000
428007.8788883360102772712707519531250000000000
1228703.7545391903258860111236572265625000000000
787049.7526459665969014167785644531250000000000
3050589.9487205757759511470794677734375000000000
3932140.8279302823357284069061279296875000000000
-3372905.5337275252677500247955322265625000000000
-1115061.9385286096949130296707153320312500000000
-1200230.4146649616304785013198852539062500000000
-2819692.6445486764423549175262451171875000000000
-131880.9703297505329828709363937377929687500000
528094.3137529470259323716163635253906250000000
-588837.8109075487591326236724853515625000000000
1062153.3776337704621255397796630859375000000000
-550654.0510637103579938411712646484375000000000
-612816.9760969497729092836380004882812500000000
-915619.3963019081857055425643920898437500000000
-1924855.6255385952536016702651977539062500000000
2922078.6783070117235183715820312500000000000000
1791406.8973507720511406660079956054687500000000
3222151.3309375518001616001129150390625000000000
1244917.4299200840760022401809692382812500000000
-2015434.4642574253957718610763549804687500000000
-674832.0013959715142846107482910156250000000000
921134.8965266561135649681091308593750000000000
991015.4249717575730755925178527832031250000000
-3284648.9799174414947628974914550781250000000000
408239.2695148312486708164215087890625000000000
-1464452.4868440676946192979812622070312500000000
801009.3061111058341339230537414550781250000000
-3476390.3386475248262286186218261718750000000000
234546.2204013735172338783740997314453125000000
179222.4314918568998109549283981323242187500000
-1107970.7724022539332509040832519531250000000000
1948051.4939266107976436614990234375000000000000
-869277.5110157993622124195098876953125000000000
-1614773.2320208188612014055252075195312500000000
691183.7271372606046497821807861328125000000000
1149486.2274622027762234210968017578125000000000
-2741652.1648745015263557434082031250000000000000
-1095617.4017593499738723039627075195312500000000
610885.3793786917813122272491455078125000000000
2735243.4417264540679752826690673828125000000000
-385248.5928249826538376510143280029296875000000
1073419.6032480259891599416732788085937500000000
4236878.1879570009186863899230957031250000000000
-1909888.1006947024725377559661865234375000000000
1572110.3028811167459934949874877929687500000000
1250937.1771985571831464767456054687500000000000
3180751.1168924155645072460174560546875000000000
-1995568.2836323033552616834640502929687500000000
-771982.6305531176039949059486389160156250000000
-168539.7996864658198319375514984130859375000000
-244293.7382242019230034202337265014648437500000
-1498306.5513097182847559452056884765625000000000
-1600029.5319318827241659164428710937500000000000
1136521.6787015672307461500167846679687500000000
-1233008.6944363235961645841598510742187500000000
312637.9426208388758823275566101074218750000000
2606554.9643528973683714866638183593750000000000
-1177024.4470004166942089796066284179687500000000
1208650.4964003385975956916809082031250000000000
-588946.2651779871666803956031799316406250000000
-993453.5792405876563861966133117675781250000000
3068546.2412348994985222816467285156250000000000
1679150.8044373819138854742050170898437500000000
464402.1683951506274752318859100341796875000000
2907463.9753059949725866317749023437500000000000
-1305242.1703901914879679679870605468750000000000
2132433.3045416665263473987579345703125000000000
3175957.6142832683399319648742675781250000000000
-1705698.9633415129501372575759887695312500000000
2021386.7254475753288716077804565429687500000000
491227.6207223192905075848102569580078125000000
1021328.2180029386654496192932128906250000000000
-1867987.3498831361066550016403198242187500000000
733771.7292220080271363258361816406250000000000
-1829079.8444313325453549623489379882812500000000
1337370.0026389937847852706909179687500000000000
142729.3707927538489457219839096069335937500000
1221753.1745185558684170246124267578125000000000
-3143305.8385891984216868877410888671875000000000
2080121.2209108681418001651763916015625000000000
-224816.8244563088810537010431289672851562500000
-788367.0608821557834744453430175781250000000000
-773762.9616303823422640562057495117187500000000
-1605762.4955537770874798297882080078125000000000
1823617.3935458986088633537292480468750000000000
-840308.1255644971970468759536743164062500000000
-1532418.3010562604758888483047485351562500000000
543400.9000223738839849829673767089843750000000
-1742916.4307069489732384681701660156250000000000
-1337671.7257573788519948720932006835937500000000
273459.5506379289436154067516326904296875000000
2743960.9853491494432091712951660156250000000000
259944.7371215069724712520837783813476562500000
-787282.8296118897851556539535522460937500000000
-1831917.0763196502812206745147705078125000000000
-1765972.0088265049271285533905029296875000000000
-386398.4781605566386133432388305664062500000000
-1276944.4439321213867515325546264648437500000000
360734.8625244605937041342258453369140625000000
1029322.2931851454777643084526062011718750000000
139496.0471766736882273107767105102539062500000
366637.2222914079902693629264831542968750000000
-495473.4931886142585426568984985351562500000000
-212616.8331545990949962288141250610351562500000
1520107.3091016130056232213973999023437500000000
355203.3958039396093226969242095947265625000000
-655700.6804750132141634821891784667968750000000
12093.5152652462711557745933532714843750000000
-90464.4890044687927002087235450744628906250000
103084.3141861446783877909183502197265625000000
-1324700.8648607239592820405960083007812500000000
152576.6495813485234975814819335937500000000000
-354493.5374829210340976715087890625000000000000
972467.1688881333684548735618591308593750000000
-1418156.4041336998343467712402343750000000000000
-947783.4485507846111431717872619628906250000000
1874021.2826292174868285655975341796875000000000
-521790.8870329233468510210514068603515625000000
-419800.8495766706764698028564453125000000000000
437965.5117080968921072781085968017578125000000
-1011745.4248613159870728850364685058593750000000
1188445.3233157636132091283798217773437500000000
1951720.8225854795891791582107543945312500000000
-228544.6374142867571208626031875610351562500000
-1477607.3046428756788372993469238281250000000000
1242486.8385151491966098546981811523437500000000
-852372.9955884208902716636657714843750000000000
-723705.9330344108166173100471496582031250000000
220887.8772482401982415467500686645507812500000
1542209.3858784602489322423934936523437500000000
-164972.1922757971915416419506072998046875000000
-1676821.0045288647525012493133544921875000000000
-2277127.0102582098916172981262207031250000000000
-3561005.6515651713125407695770263671875000000000
-513879.2075596163631416857242584228515625000000
-229127.7515958930889610201120376586914062500000
885896.4301284594694152474403381347656250000000
-2394747.8963665496557950973510742187500000000000
512396.5721412564744241535663604736328125000000
-299082.0393718641716986894607543945312500000000
-2186886.6348874988034367561340332031250000000000
-882070.3374147879658266901969909667968750000000
-32995.3835575209886883385479450225830078125000
-364156.8217566281673498451709747314453125000000
2129534.7578097535297274589538574218750000000000
1366711.5404336666688323020935058593750000000000
776170.6166089181788265705108642578125000000000
-1139194.2449257124681025743484497070312500000000
950213.4242116770474240183830261230468750000000
-145684.7849272799503523856401443481445312500000
-20159.9041754759637115057557821273803710937500
3280362.4327569841407239437103271484375000000000
-795364.0152368154376745223999023437500000000000
46553.6409894022290245629847049713134765625000
-787604.9983553023776039481163024902343750000000
-133518.6344808316207490861415863037109375000000
-315732.2214424094418063759803771972656250000000
-330573.2215722037944942712783813476562500000000
-1447195.9412141700740903615951538085937500000000
1524958.0331219350919127464294433593750000000000
-575337.3429047397803515195846557617187500000000
1920240.3329841063823550939559936523437500000000
-1007421.9200678514316678047180175781250000000000
649842.4811922591179609298706054687500000000000
134042.8162764003791380673646926879882812500000
60194.0019128251151414588093757629394531250000
418979.8706906074075959622859954833984375000000
-1689412.4738716301508247852325439453125000000000
374881.5862421110505238175392150878906250000000
1089132.0928307864814996719360351562500000000000
-1640359.3336465207394212484359741210937500000000
-451964.0681714615784585475921630859375000000000
219317.8405594080395530909299850463867187500000
939166.2671239865012466907501220703125000000000
2004527.3742333159316331148147583007812500000000
464999.6608675580355338752269744873046875000000
160016.3034657235257327556610107421875000000000
534362.6024770186049863696098327636718750000000
1029675.0477602443424984812736511230468750000000
-359206.0506797984126023948192596435546875000000
-621845.7325026169419288635253906250000000000000
2220313.3920021108351647853851318359375000000000
-1168617.1924195131286978721618652343750000000000
1487231.2077667787671089172363281250000000000000
-79149.9740900542528834193944931030273437500000
-296512.9298479641438461840152740478515625000000
-1543880.2429815363138914108276367187500000000000
-87698.8803325737535487860441207885742187500000
-480674.2880957876332104206085205078125000000000
934637.1879284766037017107009887695312500000000
-389790.5350258436519652605056762695312500000000
800078.0073774848133325576782226562500000000000
-1011851.3742425881791859865188598632812500000000
-865397.9523684064624831080436706542968750000000
-1433574.8013698111753910779953002929687500000000
2318476.6025781366042792797088623046875000000000
-454088.9418057908187620341777801513671875000000
825255.9878702915739268064498901367187500000000
-552119.8641921192174777388572692871093750000000
1309891.5632493072189390659332275390625000000000
-38913.8653186743904370814561843872070312500000
311656.2978620283538475632667541503906250000000
-497687.6802628611330874264240264892578125000000
1324649.2395343021489679813385009765625000000000
1015894.4812387339770793914794921875000000000000
-1072116.9448345350101590156555175781250000000000
-224617.7876431188487913459539413452148437500000
-988726.7760507541242986917495727539062500000000
1262399.6082433515693992376327514648437500000000
1380714.1749546413775533437728881835937500000000
-1080702.3386976730544120073318481445312500000000
502207.4110222895978949964046478271484375000000
547871.4300508815795183181762695312500000000000
1088185.2654718116391450166702270507812500000000
-909497.1987090748734772205352783203125000000000
1080337.2818870248738676309585571289062500000000
-431693.5826578033738769590854644775390625000000
-650286.4689076574286445975303649902343750000000
606435.7207214075606316328048706054687500000000
-698771.9681582942139357328414916992187500000000
-581221.7017198355169966816902160644531250000000
48069.1419503282522782683372497558593750000000
-424120.5357596396934241056442260742187500000000
-1581305.1436814689077436923980712890625000000000
-1514562.2463877692352980375289916992187500000000
226572.6771167192491702735424041748046875000000
-27836.3386653795969323255121707916259765625000
1239213.4025689864065498113632202148437500000000
1415420.1727384061086922883987426757812500000000
1769451.8121102454606443643569946289062500000000
57814.7559781189702334813773632049560546875000
-575426.8674392650136724114418029785156250000000
-758413.0028792717494070529937744140625000000000
-232966.7443153953063301742076873779296875000000
147210.6950283168116584420204162597656250000000
-321111.8167492468492127954959869384765625000000
-1160095.9980051396414637565612792968750000000000
1169597.9406918513122946023941040039062500000000
314906.6616570314508862793445587158203125000000
3158.3625865189733303850516676902770996093750
24253.5039529684909211937338113784790039062500
679474.8273081370862200856208801269531250000000
580772.6018186497967690229415893554687500000000
-959081.6052184237632900476455688476562500000000
-855751.6179386625299230217933654785156250000000
366364.8235121582983992993831634521484375000000
-68670.8997579421557020395994186401367187500000
9018.9207938610361452447250485420227050781250
-1049854.0432625948451459407806396484375000000000
-258757.8553657921438571065664291381835937500000
707448.6523584296228364109992980957031250000000
-549667.9631670287344604730606079101562500000000
-199940.7243669034505728632211685180664062500000
1537012.5976328379474580287933349609375000000000
41518.4236751967691816389560699462890625000000
-152495.1773149610962718725204467773437500000000
1241894.9169870228506624698638916015625000000000
68479.5606302923697512596845626831054687500000
1321539.3041993584483861923217773437500000000000
285700.4213180509977973997592926025390625000000
-801796.8007333145942538976669311523437500000000
668668.9656483436701819300651550292968750000000
503700.2019645344116725027561187744140625000000
-215105.4575865515216719359159469604492187500000
-260540.7933449752163141965866088867187500000000
303142.5238363363896496593952178955078125000000
241610.0212487142707686871290206909179687500000
179092.6441625068255234509706497192382812500000
-843715.8234496439108625054359436035156250000000
-37754.5914299096912145614624023437500000000000
-1441466.6622686674818396568298339843750000000000
-314979.5947136249742470681667327880859375000000
-192351.9223583762650378048419952392578125000000
-943282.0445576538331806659698486328125000000000
74136.5355694013123866170644760131835937500000
423049.9937913386966101825237274169921875000000
-460500.2917071860283613204956054687500000000000
831900.6275330197531729936599731445312500000000
65328.0559123655111761763691902160644531250000
-110162.3561480043281335383653640747070312500000
-859007.5531093451427295804023742675781250000000
-1114260.4194314340129494667053222656250000000000
-507420.5546502906945534050464630126953125000000
-1022198.6347044305875897407531738281250000000000
628763.1440906214993447065353393554687500000000
-177955.4327896056929603219032287597656250000000
-331125.2671080247964709997177124023437500000000
550740.1942018696572631597518920898437500000000
-454967.0213506888831034302711486816406250000000
209951.1858361013291869312524795532226562500000
28475.5244515634039998985826969146728515625000
-606495.8934192406013607978820800781250000000000
-146295.5302535122900735586881637573242187500000
839445.4501738112885504961013793945312500000000
1136390.8831903811078518629074096679687500000000
583279.4754150615772232413291931152343750000000
-854382.2473090466810390353202819824218750000000
-680996.9126378729706630110740661621093750000000
-580809.4878275436349213123321533203125000000000
-874241.3246782833011820912361145019531250000000
249642.7656150305992923676967620849609375000000
216419.8138855897122994065284729003906250000000
205422.2229940194520168006420135498046875000000
-274467.2571197128272615373134613037109375000000
144744.9303658722201362252235412597656250000000
-477888.7675645173876546323299407958984375000000
-377062.0280166033771820366382598876953125000000
139490.8905580033606383949518203735351562500000
699682.6326415538787841796875000000000000000000
749892.1742206569761037826538085937500000000000
710244.3194152010837569832801818847656250000000
640199.6294732537353411316871643066406250000000
-1122443.6935947828460484743118286132812500000000
-438244.1650951646734029054641723632812500000000
186984.6313027712749317288398742675781250000000
-703201.6897829456720501184463500976562500000000
596044.7467344278702512383460998535156250000000
-402891.0850046384730376303195953369140625000000
-419339.1023254799656569957733154296875000000000
-14478.8300763858533173333853483200073242187500
-9997.4830343772955529857426881790161132812500
123588.3788035420875530689954757690429687500000
433136.7516879989998415112495422363281250000000
634113.3136536034289747476577758789062500000000
-359929.7814801154308952391147613525390625000000
82456.5527700504026142880320549011230468750000
-545757.2791497062426060438156127929687500000000
374859.7286694235517643392086029052734375000000
512014.4227106250473298132419586181640625000000
37575.4983181454517762176692485809326171875000
-76812.8150662330735940486192703247070312500000
-321995.4794186922954395413398742675781250000000
657888.5428173915715888142585754394531250000000
-267212.1338901569251902401447296142578125000000
224361.0694393787998706102371215820312500000000
-166658.8108886423287913203239440917968750000000
-105645.7965832372719887644052505493164062500000
-941797.7052545214537531137466430664062500000000
682125.5275214819703251123428344726562500000000
-81564.1147674327949061989784240722656250000000
162956.4255027327453717589378356933593750000000
-213075.8379497853748034685850143432617187500000
91208.6679500898899277672171592712402343750000
691269.7862267747987061738967895507812500000000
11106.7167265329953806940466165542602539062500
-139872.2807841056492179632186889648437500000000
-229589.6679627127887215465307235717773437500000
214736.3905528563482221215963363647460937500000
-248162.6382971166167408227920532226562500000000
-308892.6770285296370275318622589111328125000000
-241597.3212066892883740365505218505859375000000
-814042.7188949215924367308616638183593750000000
-824019.4582082587294280529022216796875000000000
298189.3010884997202083468437194824218750000000
436687.2237324035377241671085357666015625000000
-35032.5419543678945046849548816680908203125000
-270380.5777248397935181856155395507812500000000
134368.5968733177287504076957702636718750000000
476884.4498622866231016814708709716796875000000
676571.9917008419288322329521179199218750000000
91838.1116908643598435446619987487792968750000
188844.0444370995683129876852035522460937500000
302145.8447468799422495067119598388671875000000
618502.6416450615506619215011596679687500000000
512014.2937183303292840719223022460937500000000
-728510.0197703976882621645927429199218750000000
498875.6602028858033008873462677001953125000000
-182473.2131693269475363194942474365234375000000
-444588.0061358340899460017681121826171875000000
-750739.6680681515717878937721252441406250000000
-201556.4650823074043728411197662353515625000000
-569189.9075781917199492454528808593750000000000
242762.1949723908619489520788192749023437500000
-13362.8755815820586576592177152633666992187500
-288677.1556742838583886623382568359375000000000
-617640.1702042788965627551078796386718750000000
698191.5475570431444793939590454101562500000000
-188743.5832633114187046885490417480468750000000
-223812.8852308899222407490015029907226562500000
-656600.4460782549576833844184875488281250000000
-159415.1036492064595222473144531250000000000000
-33004.3567600357127957977354526519775390625000
146013.8177827487525064498186111450195312500000
-473882.7921505301492288708686828613281250000000
269439.3120370486867614090442657470703125000000
96073.7523718513839412480592727661132812500000
-335565.4808409030665643513202667236328125000000
924692.1716880237217992544174194335937500000000
-56086.0630400653244578279554843902587890625000
435566.0339518567780032753944396972656250000000
-450644.2398054972290992736816406250000000000000
905734.8241097986465319991111755371093750000000
152692.0009357544768135994672775268554687500000
901190.1757953356718644499778747558593750000000
-73649.4846929386840201914310455322265625000000
90417.2830255566514097154140472412109375000000
496315.3071299136499874293804168701171875000000
-691863.8556757569313049316406250000000000000000
-235484.7684346418536733835935592651367187500000
352634.9476390390191227197647094726562500000000
435584.9745397266233339905738830566406250000000
93863.9184760668576927855610847473144531250000
7970.9053624261041477438993752002716064453125
-192361.7265698554983828216791152954101562500000
-252168.9140607046720106154680252075195312500000
-319519.1484104458941146731376647949218750000000
1058999.7478441933635622262954711914062500000000
130107.9966593189019476994872093200683593750000
-92512.8965041660703718662261962890625000000000
-107689.4935750708100385963916778564453125000000
222810.5711043183691799640655517578125000000000
-456882.8685628093080595135688781738281250000000
-392395.2900364428642205893993377685546875000000
-24354.5739313553749525453895330429077148437500
-24446.9552352245045767631381750106811523437500
237120.7847096912155393511056900024414062500000
121996.5205566856748191639780998229980468750000
103190.7237818458816036581993103027343750000000
288123.8400727751431986689567565917968750000000
285261.1033076142775826156139373779296875000000
75064.4258344911067979410290718078613281250000
-70424.3395297355746151879429817199707031250000
-23403.6823944736461271531879901885986328125000
-40677.6648622157445061020553112030029296875000
-23765.6664846782150561921298503875732421875000
51491.8903545078137540258467197418212890625000
101605.2528407362697180360555648803710937500000
408610.8940310756443068385124206542968750000000
-466689.5405545791145414113998413085937500000000
-418084.4566147111472673714160919189453125000000
66017.7824605140049243345856666564941406250000
-239292.6872925233328714966773986816406250000000
-253010.3021873470570426434278488159179687500000
-373121.7292541149072349071502685546875000000000
-8399.1867712506009411299601197242736816406250
389649.1221884159604087471961975097656250000000
265089.9280575690208934247493743896484375000000
396819.7776602734229527413845062255859375000000
33244.3331239231411018408834934234619140625000
-123550.2853625382413156330585479736328125000000
-223114.9587171494495123624801635742187500000000
-443198.5228162153507582843303680419921875000000
-201277.2305227327451575547456741333007812500000
-51706.1376156017940957099199295043945312500000
766978.5384027899708598852157592773437500000000
314136.7795953975873999297618865966796875000000
-149522.2969496237637940794229507446289062500000
-21537.5531111264026549179106950759887695312500
-184965.9229622363054659217596054077148437500000
-222612.1442096330865751951932907104492187500000
384025.6181527732405811548233032226562500000000
-81476.7897848815046017989516258239746093750000
272360.5609084846219047904014587402343750000000
-509890.3904897806351073086261749267578125000000
553769.1304377727210521697998046875000000000000
-113531.6749721796368248760700225830078125000000
451348.1269215022912248969078063964843750000000
-51225.0717933327177888713777065277099609375000
181886.1617702261137310415506362915039062500000
295343.3779696413548663258552551269531250000000
257633.0814479661930818110704421997070312500000
-829798.7390861941967159509658813476562500000000
124228.9611169540148694068193435668945312500000
-232738.3450679148954804986715316772460937500000
149704.4333099940849933773279190063476562500000
100506.7066207749448949471116065979003906250000
-69206.1374861323711229488253593444824218750000
71160.7690698174264980480074882507324218750000
66914.9628720303444424644112586975097656250000
253902.4619421596289612352848052978515625000000
-238965.6291582902777008712291717529296875000000
34683.8149120730740833096206188201904296875000
47920.7773780163115588948130607604980468750000
596638.5125258540501818060874938964843750000000
123784.8861121081135934218764305114746093750000
-195662.8329462374967988580465316772460937500000
121392.5512154915631981566548347473144531250000
775983.0475142195355147123336791992187500000000
57895.4102528865696513094007968902587890625000
-328390.3039884095778688788414001464843750000000
-86688.4816106520447647199034690856933593750000
-421808.1636839481070637702941894531250000000000
-355905.6685995336156338453292846679687500000000
214189.4302270238695200532674789428710937500000
-113422.6673022741160821169614791870117187500000
151991.4166019429394509643316268920898437500000
-322014.0301661994890309870243072509765625000000
191555.8534971227927599102258682250976562500000
-178227.6767635106225498020648956298828125000000
-205077.7898424087616149336099624633789062500000
-39610.9202805549430195242166519165039062500000
-116591.3308188386290566995739936828613281250000
-110473.8106705489190062507987022399902343750000
387370.9027268777717836201190948486328125000000
-296218.4203134683775715529918670654296875000000
-266884.5075874279136769473552703857421875000000
-184.1885223457505276201118249446153640747070
56346.5514185350475599989295005798339843750000
24279.6890124740421015303581953048706054687500
-415217.5251539520686492323875427246093750000000
67108.4324029477720614522695541381835937500000
-167730.0507263739127665758132934570312500000000
158276.3555261760484427213668823242187500000000
-354882.5056314027751795947551727294921875000000
-41073.9561303181835683062672615051269531250000
-139481.7555967813241295516490936279296875000000
-443174.3607644033618271350860595703125000000000
-287737.1296867742203176021575927734375000000000
-82020.2971571378875523805618286132812500000000
288437.6817140122293494641780853271484375000000
-81503.0545519929000874981284141540527343750000
614895.2707637514686211943626403808593750000000
93260.5704917672992451116442680358886718750000
-94935.6614412535564042627811431884765625000000
206392.4429032045591156929731369018554687500000
-16212.4972166204279346857219934463500976562500
-512917.2746343048638664186000823974609375000000
-239748.3235111044486984610557556152343750000000
-116580.9925576445821207016706466674804687500000
-42856.7079450949167949147522449493408203125000
340753.3910627292934805154800415039062500000000
-15737.0525913650526490528136491775512695312500
224938.4333468326949514448642730712890625000000
-28360.1701710626766725908964872360229492187500
-231742.3048313191393390297889709472656250000000
-9855.6291882425284711644053459167480468750000
-226290.8683445560454856604337692260742187500000
-56423.4392886138375615701079368591308593750000
-369569.8132933340384624898433685302734375000000
-357071.1802717969985678791999816894531250000000
306488.8731856144149787724018096923828125000000
265491.1300091235316358506679534912109375000000
-76866.5884271075337892398238182067871093750000
102596.4998324495973065495491027832031250000000
-28433.3096318024036008864641189575195312500000
41200.6646810840902617201209068298339843750000
50432.0027664875742630101740360260009765625000
91072.1611175541765987873077392578125000000000
-263332.6941047724103555083274841308593750000000
12097.3016912502789637073874473571777343750000
-118803.8617193937825504690408706665039062500000
77595.9076327173243043944239616394042968750000
148568.6862433544010855257511138916015625000000
-288040.9727650845889002084732055664062500000000
-48503.0979305982618825510144233703613281250000
-306844.2337234092410653829574584960937500000000
521530.2403825571527704596519470214843750000000
291015.1803543279529549181461334228515625000000
205003.7052283300145063549280166625976562500000
-110067.8052526798710459843277931213378906250000
56044.6010321961730369366705417633056640625000
36475.0858656417985912412405014038085937500000
-175885.8173675908765289932489395141601562500000
-129101.0153522956388769671320915222167968750000
-79121.1734202708466909825801849365234375000000
102091.6694547919905744493007659912109375000000
-65987.9390040742000564932823181152343750000000
-98269.9687701400544028729200363159179687500000
159201.5472182170778978615999221801757812500000
-13946.7645881623611785471439361572265625000000
91440.8926959182863356545567512512207031250000
-270443.0960976064088754355907440185546875000000
-81282.2107457209640415385365486145019531250000
-174084.8206684292817953974008560180664062500000
214802.4227677230373956263065338134765625000000
-12546.8339821586268953979015350341796875000000
-85605.7327075672801584005355834960937500000000
-173292.3348083618620876222848892211914062500000
209881.8644345262728165835142135620117187500000
104121.3459643533278722316026687622070312500000
52103.4735826903270208276808261871337890625000
-80851.1252149227366317063570022583007812500000
-161623.5827916275011375546455383300781250000000
-196922.4165596214879769831895828247070312500000
22571.0703424412458844017237424850463867187500
142823.5187069848179817199707031250000000000000
143319.9288436211354564875364303588867187500000
191137.0551992486871313303709030151367187500000
65708.2436580959765706211328506469726562500000
160696.6725434463296551257371902465820312500000
10814.4513450983486109180375933647155761718750
-135971.3325145994604099541902542114257812500000
-35536.2428723884149803780019283294677734375000
-158872.8286745217046700417995452880859375000000
375966.7296560588292777538299560546875000000000
271114.0249728651833720505237579345703125000000
452751.3599674426950514316558837890625000000000
-444706.1991459125420078635215759277343750000000
-62284.9165637566547957248985767364501953125000
-194690.5028556085599120706319808959960937500000
-128486.5311772483692038804292678833007812500000
306020.1335568581125698983669281005859375000000
-34446.7697514960382250137627124786376953125000
156499.9628597219416406005620956420898437500000
119716.7384171063022222369909286499023437500000
114374.2571305885066976770758628845214843750000
-81164.1469423502421705052256584167480468750000
219479.7479626072745304554700851440429687500000
-181072.8580236941634211689233779907226562500000
-269274.0864500559400767087936401367187500000000
-92682.3565193791291676461696624755859375000000
36034.4816318462544586509466171264648437500000
-32423.4385462627105880528688430786132812500000
-245574.0278063006408046931028366088867187500000
99225.0689375353103969246149063110351562500000
95134.6672388187871547415852546691894531250000
-85462.3630880330165382474660873413085937500000
-20038.0755913726279686670750379562377929687500
307380.5348389622522518038749694824218750000000
-116000.0556998395331902429461479187011718750000
390802.3857204213272780179977416992187500000000
-80369.8269827885815175250172615051269531250000
107070.2892423400917323306202888488769531250000
-158156.2402424412139225751161575317382812500000
300933.9975483618327416479587554931640625000000
190962.4370397820894140750169754028320312500000
23573.6338083073460438754409551620483398437500
27791.0733669424662366509437561035156250000000
-85608.2673063604306662455201148986816406250000
84167.8352207349380478262901306152343750000000
-152685.1337515237391926348209381103515625000000
2054.4094480061744434351567178964614868164062
35336.5352674450477934442460536956787109375000
135299.1985312253527808934450149536132812500000
72963.6688682939857244491577148437500000000000
200232.9213195117772556841373443603515625000000
-199844.1798535999841988086700439453125000000000
10250.3289431931789295049384236335754394531250
152977.4713097694911994040012359619140625000000
-125010.9137704572785878553986549377441406250000
-56388.0547511234472040086984634399414062500000
-131739.4136138341564219444990158081054687500000
-16965.1858379399418481625616550445556640625000
112750.5239032374665839597582817077636718750000
-106637.3496868603397160768508911132812500000000
-213850.6888044068182352930307388305664062500000
109070.0688685570930829271674156188964843750000
55238.4887013048646622337400913238525390625000
18032.6735303576679143588989973068237304687500
28385.9068865537446981761604547500610351562500
44755.6216880965730524621903896331787109375000
157472.6258655708224978297948837280273437500000
91218.4701539698289707303047180175781250000000
-85463.7869252585660433396697044372558593750000
141512.8727358305186498910188674926757812500000
219195.8448001325887162238359451293945312500000
-116869.3391774234914919361472129821777343750000
-57532.0243338339787442237138748168945312500000
4608.7795518065750002278946340084075927734375
61643.9662279628173564560711383819580078125000
-18580.6108689740103727672249078750610351562500
-146215.4968089468311518430709838867187500000000
-60044.0357328921963926404714584350585937500000
-138024.7752014986763242632150650024414062500000
262138.1042463431949727237224578857421875000000
140055.9368231015978381037712097167968750000000
-199048.0509172804013360291719436645507812500000
-9454.1385845893146324669942259788513183593750
-47973.3416349710969370789825916290283203125000
-126657.9764623402443248778581619262695312500000
163150.7522422297624871134757995605468750000000
-110655.5895170123403659090399742126464843750000
-36424.4253908874889020808041095733642578125000
-155319.0814060182892717421054840087890625000000
108567.4926276409532874822616577148437500000000
-208984.5052959108143113553524017333984375000000
-122006.7368997809244319796562194824218750000000
-111209.0796848438330926001071929931640625000000
137112.0559649020724464207887649536132812500000
-54623.3795359564901445992290973663330078125000
-33179.7815827307640574872493743896484375000000
-104027.0337137112946948036551475524902343750000
-72203.1789426019095117226243019104003906250000
124923.5877968544809846207499504089355468750000
-31335.4511050510445784311741590499877929687500
21218.7626191032613860443234443664550781250000
-188062.0121194724633824080228805541992187500000
143850.7320277758990414440631866455078125000000
-11337.8047917545864038402214646339416503906250
3427.4470308755485348228830844163894653320312
-80985.7947830938646802678704261779785156250000
61051.8417978982761269435286521911621093750000
10754.5960689435250969836488366127014160156250
84121.3839880521700251847505569458007812500000
-25533.5086139968807401601225137710571289062500
36886.0093751085150870494544506072998046875000
159735.6604012163006700575351715087890625000000
-171418.8556760178762488067150115966796875000000
250733.9180884346424136310815811157226562500000
-125074.9362940515566151589155197143554687500000
142654.4534699138021096587181091308593750000000
252316.2802062652772292494773864746093750000000
40041.2693536491497070528566837310791015625000
84136.9641824124992126598954200744628906250000
-39132.6897030425388948060572147369384765625000
-6242.1579541504670487483963370323181152343750
-67041.2129604112997185438871383666992187500000
-34063.3552899999340297654271125793457031250000
-10833.5846170847944449633359909057617187500000
223994.2484342792595271021127700805664062500000
6623.5234487841944428510032594203948974609375
-73140.0739952120638918131589889526367187500000
-50655.9847997737015248276293277740478515625000
-40641.4518155073892557993531227111816406250000
-102930.1360358649544650688767433166503906250000
-152269.4837023091095034033060073852539062500000
-192519.1100268506270367652177810668945312500000
-22726.6126557666939334012567996978759765625000
69452.6916160043765557929873466491699218750000
-128272.9497923997842008247971534729003906250000
-90439.2134941190015524625778198242187500000000
-139469.6572758551337756216526031494140625000000
-48493.2029965658584842458367347717285156250000
-29417.2394185581651981920003890991210937500000
-137418.5566193078702781349420547485351562500000
100427.3501003432320430874824523925781250000000
-111373.6644711757980985566973686218261718750000
14856.8908377538537024520337581634521484375000
3479.9609997090747128822840750217437744140625
88998.8132677460816921666264533996582031250000
37438.0423989910996169783174991607666015625000
-85670.2068379003030713647603988647460937500000
-187282.3437467795738484710454940795898437500000
24702.5245728560512361582368612289428710937500
34996.7670753216007142327725887298583984375000
181906.6980625549331307411193847656250000000000
57317.6108308677794411778450012207031250000000
-108937.0222823000513017177581787109375000000000
18865.9870020087510056328028440475463867187500
-4232.1603461425647765281610190868377685546875
-18521.4943100262462394312024116516113281250000
62976.3846208648537867702543735504150390625000
36962.6259801708583836443722248077392578125000
122622.4916773636505240574479103088378906250000
17695.1793810157178086228668689727783203125000
-167714.7769442787976004183292388916015625000000
120992.6582606499432586133480072021484375000000
-106951.4897579916723771020770072937011718750000
126340.7548079615371534600853919982910156250000
-67830.9850216081395046785473823547363281250000
26544.4895226076732797082513570785522460937500
-9875.0575691645826736930757761001586914062500
110171.1147052207234082743525505065917968750000
-143764.2271844919887371361255645751953125000000
22557.2827767892340489197522401809692382812500
19017.0109273898269748315215110778808593750000
-60889.8454493729586829431354999542236328125000
-25011.2039337333117146044969558715820312500000
88041.4293181556131457909941673278808593750000
-8348.1456296217693306971341371536254882812500
41760.3735737229580990970134735107421875000000
88911.8592827883403515443205833435058593750000
-180216.5245733069023117423057556152343750000000
120110.7906918305961880832910537719726562500000
-30047.5631436832991312257945537567138671875000
66440.6775907916744472458958625793457031250000
-42273.5425904426374472677707672119140625000000
33596.6209490242763422429561614990234375000000
-79462.8136222993925912305712699890136718750000
-33335.0712591848205192945897579193115234375000
-165401.4253554640745278447866439819335937500000
192954.0402542043884750455617904663085937500000
-78462.8354598672885913401842117309570312500000
97289.1742780598870012909173965454101562500000
71751.5684582499088719487190246582031250000000
5882.3464227756339823827147483825683593750000
100583.4793410966522060334682464599609375000000
-72136.3968951364222448319196701049804687500000
67285.8370369170443154871463775634765625000000
120817.2934039672254584729671478271484375000000
-16238.2091937564309773733839392662048339843750
-76678.4728247626189840957522392272949218750000
-7751.3115246636734809726476669311523437500000
-53019.3281152337367529980838298797607421875000
-31900.6662860010037547908723354339599609375000
-156596.7554272494162432849407196044921875000000
30821.8463383919588522985577583312988281250000
111785.5462960191216552630066871643066406250000
42534.0068302598301670514047145843505859375000
31248.4468820720139774493873119354248046875000
-44163.4391786957639851607382297515869140625000
19703.9451785488345194607973098754882812500000
29343.8070280559732054825872182846069335937500
-4635.7980903880479672807268798351287841796875
-56397.1070831086472026072442531585693359375000
49470.5096590114771970547735691070556640625000
-135742.2579708899720571935176849365234375000000
41710.9008692323332070372998714447021484375000
-73787.5889975944737670943140983581542968750000
-24823.0903240920706593897193670272827148437500
12613.5184931865551334340125322341918945312500
-26280.5655651172128273174166679382324218750000
-37582.6476244981095078401267528533935546875000
96636.5193134120345348492264747619628906250000
-18831.5415291380122653208673000335693359375000
-98719.6844781621184665709733963012695312500000
39446.0919331262484774924814701080322265625000
-34514.0993665665228036232292652130126953125000
36685.9468195977678988128900527954101562500000
-3529.0552990640690040891058743000030517578125
-78552.0359565591643331572413444519042968750000
98980.5229356111522065475583076477050781250000
26029.7466384066283353604376316070556640625000
14125.0680868288218334782868623733520507812500
101437.3113243918633088469505310058593750000000
24930.1645738455263199284672737121582031250000
-28355.1297766620918991975486278533935546875000
37206.0139671654033008962869644165039062500000
-66712.7060510767478263005614280700683593750000
65.5365520868094080242372001521289348602295
-117495.8813721552724018692970275878906250000000
31616.7630177577229915186762809753417968750000
94295.6003234482923289760947227478027343750000
-76450.7905182382091879844665527343750000000000
-107850.7549062965990742668509483337402343750000
-53240.4243103899934794753789901733398437500000
-28725.8993849197358940728008747100830078125000
-74703.2941901217418489977717399597167968750000
43889.3755631061576423235237598419189453125000
-52109.2864601216933806426823139190673828125000
70754.8435222975240321829915046691894531250000
32799.0791110875434242188930511474609375000000
-36701.1903851906026829965412616729736328125000
20269.5009499488296569325029850006103515625000
-5508.5587957098732658778317272663116455078125
177053.7754080633749254047870635986328125000000
95217.8008356351347174495458602905273437500000
-10857.8314910096196399535983800888061523437500
-23579.8767148609476862475275993347167968750000
71486.1497730620176298543810844421386718750000
-33553.5279054159036604687571525573730468750000
6244.3095701371958057279698550701141357421875
39571.5149228550362749956548213958740234375000
116925.1427506972104310989379882812500000000000
123732.3263006524794036522507667541503906250000
-68804.6693839953513815999031066894531250000000
-21831.2492763312548049725592136383056640625000
-7385.4247265755329863168299198150634765625000
-25860.1364935657911701127886772155761718750000
-69125.8183149256947217509150505065917968750000
38328.7224431810900568962097167968750000000000
1542.4928773806291246728505939245223999023438
17848.7024967246143205557018518447875976562500
10645.6021139977929124142974615097045898437500
45403.4416517453501001000404357910156250000000
17206.6670687971018196549266576766967773437500
34269.5491819569360814057290554046630859375000
82216.7434983805578667670488357543945312500000
-89986.4279695319273741915822029113769531250000
-14958.6663333009291818598285317420959472656250
67272.8411567550356267020106315612792968750000
-85857.6084261049109045416116714477539062500000
-52571.2969609377032611519098281860351562500000
50460.0796750594963668845593929290771484375000
-86883.2324211116938386112451553344726562500000
147411.4351071837591007351875305175781250000000
-35360.5318870577466441318392753601074218750000
6950.7742775147544307401403784751892089843750
-970.8049485484586966776987537741661071777344
-19147.2427653163758805021643638610839843750000
-4638.2063924486592441098764538764953613281250
-92058.2462612283125054091215133666992187500000
4105.4676779282217466970905661582946777343750
-21504.9316630070679821074008941650390625000000
-13487.4833376429742202162742614746093750000000
34610.5867760369801544584333896636962890625000
29288.6593996763258473947644233703613281250000
-159147.7403608535241801291704177856445312500000
10833.2783387731287803035229444503784179687500
72283.1459454587020445615053176879882812500000
-4150.0626754112445269129239022731781005859375
3916.8653824943162362615112215280532836914062
-24574.3902253243431914597749710083007812500000
-43062.2538229498532018624246120452880859375000
65430.0119177713131648488342761993408203125000
-14971.8121443436339177424088120460510253906250
14084.8395335234345111530274152755737304687500
-66437.5741451546491589397192001342773437500000
33555.8089205328069510869681835174560546875000
42902.7403640604243264533579349517822265625000
98213.8561326260678470134735107421875000000000
-72652.6610295824066270142793655395507812500000
-42187.4550168674686574377119541168212890625000
-18230.0386363856814568862318992614746093750000
104900.6610855097969761118292808532714843750000
-89108.0963444844092009589076042175292968750000
-23970.2216727875565993599593639373779296875000
-37905.2413310555784846656024456024169921875000
334.4753324376400200890202540904283523559570
-96318.9929397320083808153867721557617187500000
-21707.3142966188679565675556659698486328125000
23658.7624518943448492791503667831420898437500
36529.7703211134139564819633960723876953125000
58092.0443225959534174762666225433349609375000
56832.0449610832001781091094017028808593750000
-72791.3162261860998114570975303649902343750000
-27331.7648763743818562943488359451293945312500
93033.3403948829945875331759452819824218750000
-63480.6780128418758977204561233520507812500000
76225.1481824013608274981379508972167968750000
-33291.6860991383509826846420764923095703125000
-9743.5014967456245358334854245185852050781250
-54308.1826893880788702517747879028320312500000
-2543.2168024561060519772581756114959716796875
18457.1754292401092243380844593048095703125000
47662.5051576769328676164150238037109375000000
28851.3344515112476074136793613433837890625000
-56527.9591562689311103895306587219238281250000
-24531.5077885883438284508883953094482421875000
1104.7929287977794956532306969165802001953125
1419.2441755018410276534268632531166076660156
79715.8834905542171327397227287292480468750000
-35161.5498592927615391090512275695800781250000
-3902.5536964935354262706823647022247314453125
-67220.5538989884953480213880538940429687500000
-13661.8632606241881148889660835266113281250000
-22038.9810235047516471240669488906860351562500
-69601.8009952380380127578973770141601562500000
-26618.8832381548199919052422046661376953125000
-19217.1751926368815475143492221832275390625000
4401.4724436729420631309039890766143798828125
-21536.8296845573822793085128068923950195312500
36565.9383971111092250794172286987304687500000
-60819.4433975302817998453974723815917968750000
33027.2833405475830659270286560058593750000000
20817.5437915579204855021089315414428710937500
60729.9601407972659217193722724914550781250000
-28128.5115994568368478212505578994750976562500
11618.1305113005364546552300453186035156250000
38384.4649433053782558999955654144287109375000
-7704.3868008341651147929951548576354980468750
8603.9774007120486203348264098167419433593750
-48641.4775650076699093915522098541259765625000
-24432.6325982650378136895596981048583984375000
26213.8422952701585018076002597808837890625000
-8319.4795200548960565356537699699401855468750
53580.0381514169930596835911273956298828125000
-2840.9657684347239410271868109703063964843750
41024.4345210966494050808250904083251953125000
75603.2426134304550942033529281616210937500000
28772.9068606856126280035823583602905273437500
63012.1030098454793915152549743652343750000000
17077.9261200062610441818833351135253906250000
-28294.8373807521820708643645048141479492187500
43425.5957265778779401443898677825927734375000
47813.8285163563850801438093185424804687500000
62572.9297793615478440187871456146240234375000
6800.2369416802084742812439799308776855468750
-7476.9012093314831872703507542610168457031250
-34701.3659192693448858335614204406738281250000
4874.2633668934531669947318732738494873046875
1045.5443885668646544218063354492187500000000
-31372.1172523503264528699219226837158203125000
39434.5996783404189045540988445281982421875000
4545.1228441567409390700049698352813720703125
19906.0218521224960568360984325408935546875000
-21592.0880236331613559741526842117309570312500
-9000.5211318158089852659031748771667480468750
-1186.6587982464366177737247198820114135742188
-47871.0367412314590183086693286895751953125000
6069.0302149888839267077855765819549560546875
24590.6484395434199541341513395309448242187500
-12930.5753737709292181534692645072937011718750
-22067.3975226664624642580747604370117187500000
-23263.1736382146409596316516399383544921875000
-8973.6760093598295497940853238105773925781250
13993.6266263277557300170883536338806152343750
16501.9207234652494662441313266754150390625000
-30825.3891127355891512706875801086425781250000
7851.0310082379746745573356747627258300781250
-4087.3037128445080270466860383749008178710938
-24141.1654323127586394548416137695312500000000
-7721.0761629475018708035349845886230468750000
-8634.0792404811527376295998692512512207031250
20801.4608924059393757488578557968139648437500
51789.8260907018993748351931571960449218750000
-37821.6236503614127286709845066070556640625000
7345.3068125692052490194328129291534423828125
-40268.1584681518943398259580135345458984375000
23093.3449824956078373361378908157348632812500
5542.2806006993778282776474952697753906250000
7848.5767071330155886244028806686401367187500
39078.1132058520743157714605331420898437500000
-20256.0281697616192104760557413101196289062500
-43636.9049842917156638577580451965332031250000
21094.1079668505262816324830055236816406250000
28288.5507380506642221007496118545532226562500
-45738.6737093249830650165677070617675781250000
29222.1329453320613538380712270736694335937500
-2737.2280685341124808473978191614151000976562
-46025.0688970866249292157590389251708984375000
-23264.0963529981163446791470050811767578125000
-9769.1593240346828679321333765983581542968750
14205.2695562869921559467911720275878906250000
-47801.5113107004071935079991817474365234375000
13844.7595246575001510791480541229248046875000
-15951.6111032646349485730752348899841308593750
-9716.0191641363089729566127061843872070312500
1023.0828200696399790103896521031856536865234
-13243.5227062714475323446094989776611328125000
16980.6718414214010408613830804824829101562500
-41785.9203449357664794661104679107666015625000
54875.9452358241105685010552406311035156250000
30586.3623668640721007250249385833740234375000
-12709.7693350614954397315159440040588378906250
6016.0023415222358380560763180255889892578125
10102.7207857647754281060770153999328613281250
-7923.1749786037898957147262990474700927734375
-24324.7581018880664487369358539581298828125000
-14730.0420657011400180635973811149597167968750
-11968.5958070064134517451748251914978027343750
-23857.6470425327424891293048858642578125000000
34848.7808160647327895276248455047607421875000
-49872.0010169618690269999206066131591796875000
22676.7840077287874009925872087478637695312500
-30168.9393834928996511735022068023681640625000
-6051.7935577739399377605877816677093505859375
-26565.4560018697557097766548395156860351562500
16078.5962243599769863067194819450378417968750
2268.6706013416328460152726620435714721679688
35215.0855715919460635632276535034179687500000
18250.7935782307977206073701381683349609375000
41992.4366537486566812731325626373291015625000
-18518.7781325244759500492364168167114257812500
-9703.0505546303902519866824150085449218750000
86041.1707431004761019721627235412597656250000
25440.3539488132082624360918998718261718750000
2285.3034355321301518415566533803939819335938
-47594.9051750770959188230335712432861328125000
-30703.6563415488199098035693168640136718750000
-4597.8780903773713362170383334159851074218750
13445.0176387705978413578122854232788085937500
-22194.1746252804368850775063037872314453125000
64037.8488807925168657675385475158691406250000
35183.6242897723641362972557544708251953125000
-22665.7988734616883448325097560882568359375000
7037.2263255790030598291195929050445556640625
18323.1950842079932044725865125656127929687500
1370.3422373766643431736156344413757324218750
19335.6886952624372497666627168655395507812500
2798.0852153053792790160514414310455322265625
-7632.2023134979808673961088061332702636718750
4069.1888449080033751670271158218383789062500
-13380.0582721189766743918880820274353027343750
27172.8295196274957561399787664413452148437500
-6133.6471052668266565888188779354095458984375
-23520.6586940071974822785705327987670898437500
-13033.6171441111091553466394543647766113281250
-8192.9164528480669105192646384239196777343750
18614.2342528868539375253021717071533203125000
-34765.5437214483317802660167217254638671875000
-27291.6497032001061597838997840881347656250000
-25866.9625114524278615135699510574340820312500
52261.0400140619167359545826911926269531250000
-6518.3640897514778771437704563140869140625000
4726.8323629655815238947980105876922607421875
-13426.0881902927740156883373856544494628906250
-15957.1242246963265642989426851272583007812500
-22814.2207723153733240906149148941040039062500
-6549.4402076625347035587765276432037353515625
-29772.4656347390082373749464750289916992187500
-13387.6224168116350483614951372146606445312500
-26631.3408740881968697067350149154663085937500
2276.8042184974156043608672916889190673828125
-13125.7546591771952080307528376579284667968750
2339.2787977504185619181953370571136474609375
-4204.0957571195895070559345185756683349609375
-16287.1596914784367982065305113792419433593750
-12284.0620355807714076945558190345764160156250
-6119.6188166726915369508787989616394042968750
-9081.3403288378121942514553666114807128906250
48087.7437979056194308213889598846435546875000
36458.7569407330884132534265518188476562500000
-14362.2920594016086397459730505943298339843750
-1828.4490162252384379826253280043601989746094
3894.4113827286591913434676826000213623046875
-2281.8530258489267907862085849046707153320312
-515.4178652585674171859864145517349243164062
10760.0615152500213298480957746505737304687500
-16659.0274101308241370134055614471435546875000
9537.5729929807002918096259236335754394531250
-9069.7103349061017070198431611061096191406250
19746.3258347550945472903549671173095703125000
5429.6965336511020723264664411544799804687500
-30596.6689610387256834656000137329101562500000
-26824.3230385435854259412735700607299804687500
2466.9269960684446232335176318883895874023438
10215.1466392164911667350679636001586914062500
4171.9360331691132159903645515441894531250000
-3131.2014984582851866434793919324874877929688
9866.7070124930523888906463980674743652343750
15964.0654333822167245671153068542480468750000
-14151.6788817525921331252902746200561523437500
-15276.8918136779120686696842312812805175781250
15687.9464427852199150947853922843933105468750
-2401.1680086472492803295608609914779663085938
10022.2201502754305693088099360466003417968750
-5160.7318810810975264757871627807617187500000
5757.5979469613030232721939682960510253906250
1871.5446193001391748111927881836891174316406
1174.2476270390927766129607334733009338378906
31454.5786316996054665651172399520874023437500
18716.9874380931141786277294158935546875000000
7853.4197194273201603209599852561950683593750
-28042.4204228334456274751573801040649414062500
14190.4266930144822254078462719917297363281250
661.1773592985825871437555178999900817871094
-282.3779348039709589102130848914384841918945
8066.3340778443007366149686276912689208984375
9363.0931131490578991360962390899658203125000
-2926.5501081612474081339314579963684082031250
23007.0346774513491254765540361404418945312500
6369.2624804653059982229024171829223632812500
-17540.7490896285125927533954381942749023437500
351.2175901261930448526982218027114868164062
-7055.7293079578503238735720515251159667968750
-2715.1232800254920221050269901752471923828125
10680.3247128925504512153565883636474609375000
-7168.3676744233553108642809092998504638671875
-4256.4456573925035627325996756553649902343750
12684.3613923296070424839854240417480468750000
-22920.0834798685791611205786466598510742187500
23912.9221007977503177244216203689575195312500
6535.0716140109680054592899978160858154296875
-3519.7944716388246888527646660804748535156250
13141.5295319299366383347660303115844726562500
11238.6135796714625030290335416793823242187500
-15200.0680968374763324391096830368041992187500
8443.1057569319236790761351585388183593750000
-3230.5590241444197090459056198596954345703125
22807.5605713425975409336388111114501953125000
-3044.2245016525735081813763827085494995117188
-706.2504524804866150589077733457088470458984
-3006.6804809144155115063767880201339721679688
-22889.2096440295863430947065353393554687500000
15258.5442370945947914151474833488464355468750
1860.9946127307728147570742294192314147949219
-27253.3585529292649880517274141311645507812500
-15287.3715716423357662279158830642700195312500
-3486.6935532441275427117943763732910156250000
-11198.8379705432671471498906612396240234375000
-1599.7983367706747230840846896171569824218750
-134.2095332311185700291389366611838340759277
-2772.5724589318679136340506374835968017578125
-23407.4573284890539071056991815567016601562500
-8622.8135615515566314570605754852294921875000
3406.6020025865386742225382477045059204101562
-25636.3624249832137138582766056060791015625000
-8278.6414152786110207671299576759338378906250
27738.1015594886557664722204208374023437500000
-9155.2974883308652351843193173408508300781250
-5398.7890704305018516606651246547698974609375
9145.4976914957933331606909632682800292968750
-13051.9749891615738306427374482154846191406250
1468.3958544237837031687377020716667175292969
-34055.9951999897893983870744705200195312500000
-1995.1032022877116105519235134124755859375000
21895.6602548798655334394425153732299804687500
4933.6785646310554511728696525096893310546875
20858.8585735011802171356976032257080078125000
4255.1702919262816067202948033809661865234375
8036.0273363836104181245900690555572509765625
-6155.7516980673126454348675906658172607421875
15287.8637725253956887172535061836242675781250
-16071.0328769450225081527605652809143066406250
9561.9455999397760024294257164001464843750000
8244.6474859058107540477067232131958007812500
12491.3373480225036473711952567100524902343750
8511.1085943760353984544053673744201660156250
179.2763168822848456329666078090667724609375
-6751.3153925721244377200491726398468017578125
-3338.5763278300482852500863373279571533203125
6545.3527383842383642331697046756744384765625
23123.5837371186171367298811674118041992187500
-6851.4108635608499753288924694061279296875000
17471.1002450716114253737032413482666015625000
1030.5188210773317223356571048498153686523438
2428.8894796239833340223412960767745971679688
-6378.4164667106988417799584567546844482421875
-16073.4088902599323773756623268127441406250000
-254.5675846877703065729292575269937515258789
29725.2694827249652007594704627990722656250000
19116.4219847269851015880703926086425781250000
-6284.7642615129843761678785085678100585937500
-18145.8261648765183053910732269287109375000000
23735.2827116515218222048133611679077148437500
10658.1435353847136866534128785133361816406250
-11978.6376489650410803733393549919128417968750
-5358.9550505567549407714977860450744628906250
-7132.8409576287394884275272488594055175781250
-8144.5474403038242598995566368103027343750000
-26929.4440719403755792882293462753295898437500
-13916.3644054123633395647630095481872558593750
-9293.8972513381850149016827344894409179687500
-5755.4059234840342469397000968456268310546875
5113.7317283442707775975577533245086669921875
-7619.8667428188864505500532686710357666015625
-19429.4009437947388505563139915466308593750000
-2181.2934752184191893320530652999877929687500
7132.7839933537688921205699443817138671875000
5461.0146439101372379809617996215820312500000
13654.3970302606139739509671926498413085937500
-3257.8207466995086178940255194902420043945312
6928.8321298893843049881979823112487792968750
-6471.7295630772023287136107683181762695312500
-4737.4337918867995540495030581951141357421875
-7904.7806579461384899332188069820404052734375
31058.1338083055088645778596401214599609375000
3887.0149131041916916728951036930084228515625
-8137.4840520194338751025497913360595703125000
-14191.1952203986384120071306824684143066406250
7546.9057041050527914194390177726745605468750
-13581.6066931692494108574464917182922363281250
14336.6801647223001054953783750534057617187500
20958.3528859158759587444365024566650390625000
-508.9468488520750497627886943519115447998047
5564.5886499457592435646802186965942382812500
6227.9107896693485599826090037822723388671875
3519.1445582927290161023847758769989013671875
-2029.3033511951955460972385480999946594238281
0.0017482840667512374727143864561185182538
2269.5060975849819442373700439929962158203125
-22643.0366632013210619334131479263305664062500
7250.9761971514180913800373673439025878906250
1413.0870582592722257686546072363853454589844
-347.3631259582871280144900083541870117187500
-8723.6681924176773463841527700424194335937500
9237.8905144293730700155720114707946777343750
-22023.6307444608428340870887041091918945312500
655.2741556974885952513432130217552185058594
3296.9984032557522368733771145343780517578125
11002.0046978779482742538675665855407714843750
14712.8004943703563185408711433410644531250000
774.7775643379436587565578520298004150390625
13847.3535208397825044812634587287902832031250
1833.4998837389766777050681412220001220703125
1505.5864099490811440773541107773780822753906
6349.7154836802237696247175335884094238281250
-1084.0721086023020234279101714491844177246094
-27388.6087588184782362077385187149047851562500
-2068.6295229958654999791178852319717407226562
-9362.6734109204662672709673643112182617187500
1752.2363167343489749328000470995903015136719
6241.3802560699932655552402138710021972656250
-340.9776101125027025773306377232074737548828
18957.6369825507572386413812637329101562500000
-5372.8010147054455956094898283481597900390625
-1570.3982351188515167450532317161560058593750
-4861.9854188553090352797880768775939941406250
-5568.5331944003974058432504534721374511718750
14608.0667229962818964850157499313354492187500
9907.2500274529811576940119266510009765625000
-11598.8917150840716203674674034118652343750000
5475.7271602944356345687992870807647705078125
4903.1284894485588665702380239963531494140625
-16375.3366684864213311811909079551696777343750
1919.1148019668578399432590231299400329589844
-1226.3935929743386168411234393715858459472656
3624.6741266404119414801243692636489868164062
-4453.3733575074393229442648589611053466796875
-3709.3668787266578874550759792327880859375000
-4278.5412873417617447557859122753143310546875
6522.6128273473095759982243180274963378906250
13226.5063746523264853749424219131469726562500
-5715.6923285710190612007863819599151611328125
728.6472222860764986762660555541515350341797
-5811.6795752536072541261091828346252441406250
-1466.1447919377440030075376853346824645996094
1644.0929224630519911443116143345832824707031
-3149.2536193212163198040798306465148925781250
-11171.6617376988779142266139388084411621093750
6265.7682492330304739880375564098358154296875
12738.7212429451828938908874988555908203125000
8316.0086406050522782607004046440124511718750
5864.0156902883545626536943018436431884765625
1866.4258977967865575919859111309051513671875
987.7865671965993215053458698093891143798828
-9343.3096085224478883901610970497131347656250
-8753.9077899400872411206364631652832031250000
-10314.0860653488307434599846601486206054687500
-8124.6488092768686328781768679618835449218750
8574.0604826043218054110184311866760253906250
-14498.0917738412244943901896476745605468750000
16812.4777644093883282039314508438110351562500
-3347.2185974150283982453402131795883178710938
8703.2831117039459059014916419982910156250000
-2268.9232493075573984242510050535202026367188
22986.4462958879012148827314376831054687500000
-5694.8512120376226448570378124713897705078125
-4809.7411595881803805241361260414123535156250
5713.8473862051714604604057967662811279296875
3951.2163785377601925574708729982376098632812
-10838.6828791824955260381102561950683593750000
-7055.4621694879542701528407633304595947265625
-6002.8690240112373430747538805007934570312500
613.8218133538650818081805482506752014160156
-8242.5378257454085542121902108192443847656250
-6366.9464611679004519828595221042633056640625
-25003.7500133490102598443627357482910156250000
-1387.0593208498655712901381775736808776855469
-6117.3017163995964438072405755519866943359375
5746.4998986778491598670370876789093017578125
10996.7159363493137789191678166389465332031250
7907.2037788457009810372255742549896240234375
-10009.5407700271207431796938180923461914062500
-2371.4148163838335676700808107852935791015625
3984.4115286817068408709019422531127929687500
-7157.2863948494887154083698987960815429687500
6485.9313510689453323720954358577728271484375
10100.9374533082846028264611959457397460937500
-8517.9825336532303481362760066986083984375000
25.7246384483042547230979835148900747299194
-1562.7537641933809027250390499830245971679688
9302.2935012526904756668955087661743164062500
-3814.3491643875904628657735884189605712890625
4930.3478060710713180014863610267639160156250
-5288.1581320491459337063133716583251953125000
1494.1686854157637753814924508333206176757812
3041.7957418176365536055527627468109130859375
-2599.2522014296082488726824522018432617187500
14442.1701417394669988425448536872863769531250
-905.6657908704841020153253339231014251708984
