-1.9580556265297783813394971730303950607777
1047.6497788526876320247538387775421142578125
-134416.2905625264975242316722869873046875000000
7236161.6720192171633243560791015625000000000000
-213560975.8281189799308776855468750000000000000000
3953015808.3326849937438964843750000000000000000000
-49596323980.6898345947265625000000000000000000000000
442395102444.1035156250000000000000000000000000000000
-2887833876282.7246093750000000000000000000000000000000
13998835664645.4765625000000000000000000000000000000000
-50434030631193.6093750000000000000000000000000000000000
132724175293237.3750000000000000000000000000000000000000
-242379447785207.0312500000000000000000000000000000000000
263686683387849.7812500000000000000000000000000000000000
-56375980311946.0390625000000000000000000000000000000000
-261153543596901.5625000000000000000000000000000000000000
251405704046151.5000000000000000000000000000000000000000
185687061420211.8125000000000000000000000000000000000000
-395948462548160.4375000000000000000000000000000000000000
96677342157955.2812500000000000000000000000000000000000
-45404819914859.2812500000000000000000000000000000000000
243557175900889.9687500000000000000000000000000000000000
209632927000140.7187500000000000000000000000000000000000
-558608199211936.1250000000000000000000000000000000000000
-25861870268500.0937500000000000000000000000000000000000
169494270709313.4062500000000000000000000000000000000000
185919570162935.4062500000000000000000000000000000000000
-37737820109379.6406250000000000000000000000000000000000
64513110384084.2031250000000000000000000000000000000000
130447821425730.5781250000000000000000000000000000000000
-377585776815554.4375000000000000000000000000000000000000
-31377059162724.8476562500000000000000000000000000000000
-537900578316249.0625000000000000000000000000000000000000
389350195287107.6875000000000000000000000000000000000000
686101717294959.3750000000000000000000000000000000000000
162260799499508.6250000000000000000000000000000000000000
101810579265536.4531250000000000000000000000000000000000
-607615096553500.3750000000000000000000000000000000000000
-305291427545614.3125000000000000000000000000000000000000
-141637886221125.3125000000000000000000000000000000000000
-280096759764947.8750000000000000000000000000000000000000
96658728519317.3437500000000000000000000000000000000000
547580432413993.0000000000000000000000000000000000000000
364816671297911.1875000000000000000000000000000000000000
-36359737393767.1328125000000000000000000000000000000000
199193987763017.3125000000000000000000000000000000000000
48088578979146.0390625000000000000000000000000000000000
161923455937619.5000000000000000000000000000000000000000
-404779808712215.7500000000000000000000000000000000000000
-557584794414307.3125000000000000000000000000000000000000
-530943581462126.1875000000000000000000000000000000000000
72125743382471.0156250000000000000000000000000000000000
-314231712453786.2500000000000000000000000000000000000000
5369045992491.4628906250000000000000000000000000000000
523907471574829.9375000000000000000000000000000000000000
785392100426145.2500000000000000000000000000000000000000
812895749207208.3750000000000000000000000000000000000000
420736913491693.1875000000000000000000000000000000000000
-621818968186294.2500000000000000000000000000000000000000
-181032093905302.5937500000000000000000000000000000000000
219779158471372.6250000000000000000000000000000000000000
-1264784132943663.5000000000000000000000000000000000000000
-354520933435560.0625000000000000000000000000000000000000
221763599008523.3750000000000000000000000000000000000000
-141189280386957.1562500000000000000000000000000000000000
-463372329130999.1250000000000000000000000000000000000000
1456913369752.6423339843750000000000000000000000000000
123167002924566.8750000000000000000000000000000000000000
143561959664556.9375000000000000000000000000000000000000
475370253925916.6250000000000000000000000000000000000000
621811053759488.3750000000000000000000000000000000000000
212677834378947.9062500000000000000000000000000000000000
796278639721754.0000000000000000000000000000000000000000
-66667882155147.9375000000000000000000000000000000000000
-250595415885850.3125000000000000000000000000000000000000
87130549261041.2187500000000000000000000000000000000000
-217368530989884.8125000000000000000000000000000000000000
-355191711420116.5000000000000000000000000000000000000000
-504780483274816.9375000000000000000000000000000000000000
-66237910738274.3515625000000000000000000000000000000000
-11785142513360.2402343750000000000000000000000000000000
-776371056595601.7500000000000000000000000000000000000000
-335445220572575.8125000000000000000000000000000000000000
-260465685835837.5312500000000000000000000000000000000000
426619683964305.8125000000000000000000000000000000000000
-204634241812101.4375000000000000000000000000000000000000
-150651126814384.6250000000000000000000000000000000000000
463179375629264.3125000000000000000000000000000000000000
417803052492704.3125000000000000000000000000000000000000
728283105837757.3750000000000000000000000000000000000000
225061310209200.5312500000000000000000000000000000000000
641808429169339.3750000000000000000000000000000000000000
369715058009973.1875000000000000000000000000000000000000
-26941189317539.3476562500000000000000000000000000000000
172384500628943.1562500000000000000000000000000000000000
-478669027087474.7500000000000000000000000000000000000000
-30568050396605.0156250000000000000000000000000000000000
-573442539588952.8750000000000000000000000000000000000000
-34865754533717.3281250000000000000000000000000000000000
-184262667411806.2812500000000000000000000000000000000000
-114824683508720.8906250000000000000000000000000000000000
-430576873107764.9375000000000000000000000000000000000000
-749187138957282.6250000000000000000000000000000000000000
-16377798017303.2285156250000000000000000000000000000000
428835018210668.1250000000000000000000000000000000000000
-538654340779070.9375000000000000000000000000000000000000
-212927974735642.3125000000000000000000000000000000000000
38340106864699.8046875000000000000000000000000000000000
147955734651877.8437500000000000000000000000000000000000
350560735170107.5625000000000000000000000000000000000000
87058646917994.0312500000000000000000000000000000000000
131638166462027.9062500000000000000000000000000000000000
-67836733808280.1015625000000000000000000000000000000000
445608510580088.9375000000000000000000000000000000000000
316500016639451.1250000000000000000000000000000000000000
21544881078368.2929687500000000000000000000000000000000
94392042707535.2343750000000000000000000000000000000000
789110325960086.1250000000000000000000000000000000000000
200563630320084.7812500000000000000000000000000000000000
126419458939418.7031250000000000000000000000000000000000
-150105501130314.3125000000000000000000000000000000000000
222337530498664.0625000000000000000000000000000000000000
313438627657484.6875000000000000000000000000000000000000
-398063648541812.7500000000000000000000000000000000000000
-537104261770210.8750000000000000000000000000000000000000
-274725683565812.0312500000000000000000000000000000000000
-284293041041390.7500000000000000000000000000000000000000
-127925530267483.1250000000000000000000000000000000000000
-106353332713519.2500000000000000000000000000000000000000
-282389514858763.7500000000000000000000000000000000000000
-32297964387860.3164062500000000000000000000000000000000
-531823305316847.1875000000000000000000000000000000000000
-216221175865304.5312500000000000000000000000000000000000
-31148097956351.3515625000000000000000000000000000000000
54920460431486.8203125000000000000000000000000000000000
-138589191600771.0156250000000000000000000000000000000000
-33297706429676.5507812500000000000000000000000000000000
144029505897476.5312500000000000000000000000000000000000
-293485648383135.6875000000000000000000000000000000000000
-115932206663071.2968750000000000000000000000000000000000
220612065494441.0000000000000000000000000000000000000000
131498595934279.7500000000000000000000000000000000000000
571585235243669.0000000000000000000000000000000000000000
170667261340379.9062500000000000000000000000000000000000
583730548956698.2500000000000000000000000000000000000000
263112193516608.1250000000000000000000000000000000000000
207219065217111.3125000000000000000000000000000000000000
102349226245253.0781250000000000000000000000000000000000
112540070932943.4062500000000000000000000000000000000000
-270799101707162.7500000000000000000000000000000000000000
306483747344659.7500000000000000000000000000000000000000
214273327862162.3125000000000000000000000000000000000000
174952543865429.7812500000000000000000000000000000000000
-460190046587209.8750000000000000000000000000000000000000
185408116401986.2500000000000000000000000000000000000000
222438005949967.7812500000000000000000000000000000000000
-346744619028948.0000000000000000000000000000000000000000
122181103030600.7968750000000000000000000000000000000000
118048723746829.0312500000000000000000000000000000000000
-341286687074774.5000000000000000000000000000000000000000
-185552281304549.8750000000000000000000000000000000000000
-380643177403160.5000000000000000000000000000000000000000
-233097407317153.6562500000000000000000000000000000000000
-268229720232532.1250000000000000000000000000000000000000
-138194732921593.0781250000000000000000000000000000000000
77130607834181.4218750000000000000000000000000000000000
143701976073257.5312500000000000000000000000000000000000
-380616457742040.0625000000000000000000000000000000000000
-339363270293279.0000000000000000000000000000000000000000
253766230446971.9375000000000000000000000000000000000000
-965406535707491.2500000000000000000000000000000000000000
254346268270291.7187500000000000000000000000000000000000
152105689084477.2187500000000000000000000000000000000000
-610541819806028.8750000000000000000000000000000000000000
265176823559805.0937500000000000000000000000000000000000
168833876957792.0312500000000000000000000000000000000000
186089594788504.1562500000000000000000000000000000000000
52045206536367.1796875000000000000000000000000000000000
8965865223372.9023437500000000000000000000000000000000
107513860962940.5312500000000000000000000000000000000000
450881986632689.6875000000000000000000000000000000000000
315711235095411.1875000000000000000000000000000000000000
179720250424842.9062500000000000000000000000000000000000
290958762512057.1250000000000000000000000000000000000000
359894073049644.4375000000000000000000000000000000000000
119228153420649.8593750000000000000000000000000000000000
280920492111994.9687500000000000000000000000000000000000
364172647483470.6250000000000000000000000000000000000000
-408974917229852.0625000000000000000000000000000000000000
-208408400471713.8437500000000000000000000000000000000000
408548074224760.8750000000000000000000000000000000000000
-33284758606145.1953125000000000000000000000000000000000
-156174761871908.6875000000000000000000000000000000000000
110169748641584.6093750000000000000000000000000000000000
261228048660477.8750000000000000000000000000000000000000
-363204277204119.3125000000000000000000000000000000000000
87687498336289.3593750000000000000000000000000000000000
-108735593961347.8125000000000000000000000000000000000000
-154758635978110.5625000000000000000000000000000000000000
-378243447353932.3125000000000000000000000000000000000000
196616848635568.3437500000000000000000000000000000000000
-372647040696499.7500000000000000000000000000000000000000
37507605447031.1015625000000000000000000000000000000000
-12670877534459.9960937500000000000000000000000000000000
26331914684679.4296875000000000000000000000000000000000
-44436856868695.3828125000000000000000000000000000000000
-192918867490612.1250000000000000000000000000000000000000
-559856749639413.6875000000000000000000000000000000000000
-163490728559804.0625000000000000000000000000000000000000
233826101456537.3750000000000000000000000000000000000000
191377401772908.4062500000000000000000000000000000000000
-219075433545957.7500000000000000000000000000000000000000
-244846452828915.5625000000000000000000000000000000000000
-138095931876025.0625000000000000000000000000000000000000
-217170522206787.1250000000000000000000000000000000000000
17506281271816.7128906250000000000000000000000000000000
-61667712008901.3671875000000000000000000000000000000000
-98532197512078.3281250000000000000000000000000000000000
181844521547044.8437500000000000000000000000000000000000
203944862238233.8750000000000000000000000000000000000000
-41667376098915.5078125000000000000000000000000000000000
20049547334209.5195312500000000000000000000000000000000
-175619227438671.1562500000000000000000000000000000000000
324104730160337.9375000000000000000000000000000000000000
-47356706562128.9140625000000000000000000000000000000000
13991288016506.1562500000000000000000000000000000000000
-328481927964166.3750000000000000000000000000000000000000
37823969877244.6796875000000000000000000000000000000000
399214050299688.0625000000000000000000000000000000000000
388753897361632.3125000000000000000000000000000000000000
-65406595953383.6015625000000000000000000000000000000000
403141959252369.0000000000000000000000000000000000000000
687244439544613.7500000000000000000000000000000000000000
-242027722402793.6562500000000000000000000000000000000000
-46270056024468.6484375000000000000000000000000000000000
-351011671052645.7500000000000000000000000000000000000000
394422494993462.0000000000000000000000000000000000000000
282536814901222.6250000000000000000000000000000000000000
117118489856884.4375000000000000000000000000000000000000
148341455194105.4062500000000000000000000000000000000000
508402236180157.0000000000000000000000000000000000000000
40993779001088.9765625000000000000000000000000000000000
-132931375202874.2187500000000000000000000000000000000000
-243756062740155.0312500000000000000000000000000000000000
-711494271265922.0000000000000000000000000000000000000000
398502724044908.9375000000000000000000000000000000000000
-55212874133440.7734375000000000000000000000000000000000
591515992802818.0000000000000000000000000000000000000000
-432973219336925.8750000000000000000000000000000000000000
290713007189523.6250000000000000000000000000000000000000
-561919174631725.9375000000000000000000000000000000000000
-41235952676248.4218750000000000000000000000000000000000
-267487967975007.7187500000000000000000000000000000000000
-64001123117103.0937500000000000000000000000000000000000
-441349543900429.7500000000000000000000000000000000000000
-625098752804635.0000000000000000000000000000000000000000
278499283838921.5000000000000000000000000000000000000000
-27447607530283.9531250000000000000000000000000000000000
78878399629812.0156250000000000000000000000000000000000
-289205290330967.9375000000000000000000000000000000000000
207320553712605.9375000000000000000000000000000000000000
-290100902630637.6250000000000000000000000000000000000000
226209337733464.8125000000000000000000000000000000000000
-84730182586384.9218750000000000000000000000000000000000
-174719879639011.0312500000000000000000000000000000000000
-194033932046700.7500000000000000000000000000000000000000
132246546611262.2656250000000000000000000000000000000000
193780494875143.7187500000000000000000000000000000000000
-200173380538615.7187500000000000000000000000000000000000
-593982509072771.6250000000000000000000000000000000000000
-75474283574029.2968750000000000000000000000000000000000
368811380288361.6250000000000000000000000000000000000000
40657957206921.1015625000000000000000000000000000000000
-216680680599908.2812500000000000000000000000000000000000
458595359024205.2500000000000000000000000000000000000000
77521047736049.3437500000000000000000000000000000000000
153405701239058.8750000000000000000000000000000000000000
-114401441925074.9843750000000000000000000000000000000000
189743128682103.1250000000000000000000000000000000000000
601937488193118.1250000000000000000000000000000000000000
-280117535640531.9062500000000000000000000000000000000000
-580222017151177.6250000000000000000000000000000000000000
136576104123338.2031250000000000000000000000000000000000
257714756605151.6250000000000000000000000000000000000000
518632036247059.6875000000000000000000000000000000000000
123265815115814.2031250000000000000000000000000000000000
-89890551569093.8906250000000000000000000000000000000000
-244278116002358.4375000000000000000000000000000000000000
59419446377931.2812500000000000000000000000000000000000
15648746696278.4667968750000000000000000000000000000000
778707716005062.7500000000000000000000000000000000000000
65509905782384.1562500000000000000000000000000000000000
-14642414368635.8398437500000000000000000000000000000000
242984536641033.1875000000000000000000000000000000000000
-42610153188977.6171875000000000000000000000000000000000
-271435143073522.2812500000000000000000000000000000000000
-150203365689393.6562500000000000000000000000000000000000
634303390125767.1250000000000000000000000000000000000000
-93966241252427.7968750000000000000000000000000000000000
-220007603057220.6875000000000000000000000000000000000000
387082367328429.6875000000000000000000000000000000000000
-881377315261196.6250000000000000000000000000000000000000
-272788583994968.8437500000000000000000000000000000000000
288083154984094.8750000000000000000000000000000000000000
45152616356377.6328125000000000000000000000000000000000
353650630480856.8750000000000000000000000000000000000000
1964344874471.7338867187500000000000000000000000000000
87623055774631.0156250000000000000000000000000000000000
-390065063715153.4375000000000000000000000000000000000000
143679090448980.9375000000000000000000000000000000000000
-116901421277697.1093750000000000000000000000000000000000
-252835238534098.7812500000000000000000000000000000000000
-93797876612335.7187500000000000000000000000000000000000
-50759946906557.4218750000000000000000000000000000000000
-159831537228412.7500000000000000000000000000000000000000
-94990109600815.9218750000000000000000000000000000000000
13912290479095.9980468750000000000000000000000000000000
113832902157623.3125000000000000000000000000000000000000
-736224869341029.0000000000000000000000000000000000000000
232991247731079.6250000000000000000000000000000000000000
-589314049492801.5000000000000000000000000000000000000000
113194994950569.3750000000000000000000000000000000000000
289747486936242.1875000000000000000000000000000000000000
-208712356957244.0312500000000000000000000000000000000000
318678971707059.6250000000000000000000000000000000000000
-440231885110745.6250000000000000000000000000000000000000
136774411524829.8437500000000000000000000000000000000000
-404423932430387.3750000000000000000000000000000000000000
-13236719360152.2480468750000000000000000000000000000000
444093080517742.3750000000000000000000000000000000000000
88710037453742.3593750000000000000000000000000000000000
674314130993914.8750000000000000000000000000000000000000
-388645084342031.8125000000000000000000000000000000000000
125224193769738.3437500000000000000000000000000000000000
13523602670131.5000000000000000000000000000000000000000
130680663552888.8906250000000000000000000000000000000000
-61242593684940.9218750000000000000000000000000000000000
-304245048947015.6875000000000000000000000000000000000000
125394545829484.5625000000000000000000000000000000000000
-80055066045355.0156250000000000000000000000000000000000
424606422180461.3750000000000000000000000000000000000000
-118811771440464.2812500000000000000000000000000000000000
-89674685274292.9062500000000000000000000000000000000000
35670442370212.0937500000000000000000000000000000000000
-860781897395458.0000000000000000000000000000000000000000
18342183544749.9296875000000000000000000000000000000000
356500536340187.8750000000000000000000000000000000000000
100308144117467.4062500000000000000000000000000000000000
185277610015863.4062500000000000000000000000000000000000
446756140307046.1875000000000000000000000000000000000000
270611682590290.7812500000000000000000000000000000000000
729808268005460.7500000000000000000000000000000000000000
-357739500173422.8125000000000000000000000000000000000000
-274982201557108.2812500000000000000000000000000000000000
76960867965047.1562500000000000000000000000000000000000
-324725085510207.1875000000000000000000000000000000000000
305552237700781.1875000000000000000000000000000000000000
638362173592769.7500000000000000000000000000000000000000
63653859429564.1953125000000000000000000000000000000000
-86638602719635.5000000000000000000000000000000000000000
-279654735212227.1875000000000000000000000000000000000000
-8499662365033.8808593750000000000000000000000000000000
-393595174811471.1250000000000000000000000000000000000000
-144035517940368.6562500000000000000000000000000000000000
300442494557874.3125000000000000000000000000000000000000
7622272150658.5429687500000000000000000000000000000000
185841204497924.2187500000000000000000000000000000000000
-463779079134024.5625000000000000000000000000000000000000
-187462002423400.4375000000000000000000000000000000000000
291531993895729.7500000000000000000000000000000000000000
298378658831307.8750000000000000000000000000000000000000
-66814572725804.6796875000000000000000000000000000000000
120778510301144.7812500000000000000000000000000000000000
-24516002404548.8007812500000000000000000000000000000000
-227990822058189.6250000000000000000000000000000000000000
343864206442059.1250000000000000000000000000000000000000
-41469856873223.2656250000000000000000000000000000000000
-442358669215590.8750000000000000000000000000000000000000
-240174890387302.5312500000000000000000000000000000000000
-27448042687082.7109375000000000000000000000000000000000
-220266093067145.7187500000000000000000000000000000000000
379374958799995.4375000000000000000000000000000000000000
-371073866571341.0000000000000000000000000000000000000000
272321362877210.4375000000000000000000000000000000000000
-123635346222564.8906250000000000000000000000000000000000
-418759228662121.5625000000000000000000000000000000000000
-346943166609153.6250000000000000000000000000000000000000
-73083018348427.7968750000000000000000000000000000000000
-216628274347094.8125000000000000000000000000000000000000
72538019072231.9062500000000000000000000000000000000000
66254371878835.3359375000000000000000000000000000000000
-127785439425517.7812500000000000000000000000000000000000
482257896340952.2500000000000000000000000000000000000000
-282496573638951.3750000000000000000000000000000000000000
223774420085607.1562500000000000000000000000000000000000
80701357299535.4375000000000000000000000000000000000000
-144184201042955.3437500000000000000000000000000000000000
235580669124227.4687500000000000000000000000000000000000
-66588069232618.3281250000000000000000000000000000000000
106937438518899.1406250000000000000000000000000000000000
14940118732847.3613281250000000000000000000000000000000
-214404555990684.2500000000000000000000000000000000000000
80087533532327.8906250000000000000000000000000000000000
-368126579183819.5000000000000000000000000000000000000000
-322152901720251.6875000000000000000000000000000000000000
68055817559701.9531250000000000000000000000000000000000
51529601197317.7187500000000000000000000000000000000000
223190019058562.1875000000000000000000000000000000000000
32581820702845.1914062500000000000000000000000000000000
606356932504618.6250000000000000000000000000000000000000
260250031326887.5625000000000000000000000000000000000000
531541892856815.7500000000000000000000000000000000000000
-127488266564673.3125000000000000000000000000000000000000
90845529820267.5156250000000000000000000000000000000000
162901800246540.5937500000000000000000000000000000000000
-96961048780275.3437500000000000000000000000000000000000
269581947963018.1250000000000000000000000000000000000000
99184981919146.0781250000000000000000000000000000000000
59748480980297.6406250000000000000000000000000000000000
356082706735528.3750000000000000000000000000000000000000
234374396344100.8750000000000000000000000000000000000000
-477690153927710.0625000000000000000000000000000000000000
-189857049269764.0000000000000000000000000000000000000000
-269201334055196.9687500000000000000000000000000000000000
-98299387899233.1250000000000000000000000000000000000000
98763068060680.2968750000000000000000000000000000000000
-350682482068320.5000000000000000000000000000000000000000
405656360048377.6250000000000000000000000000000000000000
116408247089331.5625000000000000000000000000000000000000
-893515854316170.5000000000000000000000000000000000000000
-174458866986191.9687500000000000000000000000000000000000
520997608586577.3750000000000000000000000000000000000000
-362529351212767.7500000000000000000000000000000000000000
-242853229492444.4062500000000000000000000000000000000000
336552079093634.8125000000000000000000000000000000000000
64606912989463.6328125000000000000000000000000000000000
199671488920687.5312500000000000000000000000000000000000
-28658204208025.5976562500000000000000000000000000000000
242208805967287.6250000000000000000000000000000000000000
-306021364554734.2500000000000000000000000000000000000000
-256439484201176.1562500000000000000000000000000000000000
-321848737689113.5625000000000000000000000000000000000000
158831930655894.5937500000000000000000000000000000000000
-447136568769950.3750000000000000000000000000000000000000
161938645340881.5312500000000000000000000000000000000000
-232747863617048.0000000000000000000000000000000000000000
158220099342861.0312500000000000000000000000000000000000
482419684639851.7500000000000000000000000000000000000000
113358614112218.1718750000000000000000000000000000000000
-711883286801005.3750000000000000000000000000000000000000
-220392227928876.0312500000000000000000000000000000000000
79774006761817.9375000000000000000000000000000000000000
349452554544389.1250000000000000000000000000000000000000
67311129923182.9921875000000000000000000000000000000000
-276299213815488.6562500000000000000000000000000000000000
-177242757853316.7187500000000000000000000000000000000000
506363644475016.5000000000000000000000000000000000000000
-151608004262370.8125000000000000000000000000000000000000
-538487490359987.5000000000000000000000000000000000000000
309056852816040.4375000000000000000000000000000000000000
492619687671951.0000000000000000000000000000000000000000
278456599938665.6250000000000000000000000000000000000000
419943675828129.9375000000000000000000000000000000000000
-30581513176913.1132812500000000000000000000000000000000
-255266306673671.9375000000000000000000000000000000000000
-189217227624011.8437500000000000000000000000000000000000
251955320199742.7812500000000000000000000000000000000000
-105422192047538.5000000000000000000000000000000000000000
243615323047130.5625000000000000000000000000000000000000
259017152010117.2812500000000000000000000000000000000000
127045134538972.9531250000000000000000000000000000000000
-134039960950545.0468750000000000000000000000000000000000
141354791865708.3750000000000000000000000000000000000000
231918836032619.7500000000000000000000000000000000000000
-416088826517352.6875000000000000000000000000000000000000
-23623681659368.5976562500000000000000000000000000000000
-51355957044183.3515625000000000000000000000000000000000
-35664336739158.9531250000000000000000000000000000000000
49477533810935.6718750000000000000000000000000000000000
-413775002335689.7500000000000000000000000000000000000000
58150281360686.5234375000000000000000000000000000000000
-401759528710285.8125000000000000000000000000000000000000
300175048507068.4375000000000000000000000000000000000000
-382818648531990.6250000000000000000000000000000000000000
310756060698425.6250000000000000000000000000000000000000
-311740444031290.6250000000000000000000000000000000000000
136868604965049.6718750000000000000000000000000000000000
-62795434510604.2578125000000000000000000000000000000000
-679450469862592.8750000000000000000000000000000000000000
-62672831883534.2968750000000000000000000000000000000000
765381407764834.2500000000000000000000000000000000000000
104692192040976.6093750000000000000000000000000000000000
-397963140821917.3125000000000000000000000000000000000000
-67514555385254.2968750000000000000000000000000000000000
497213855205063.6250000000000000000000000000000000000000
137984632711164.1093750000000000000000000000000000000000
568557086656860.8750000000000000000000000000000000000000
7033210025856.2968750000000000000000000000000000000000
-121965531059979.0156250000000000000000000000000000000000
-557913213185017.9375000000000000000000000000000000000000
60843002636785.3125000000000000000000000000000000000000
