0.7061372453193256459869076024915557354689
-72.4318664522888440160386380739510059356689
1859.5664620617112632317002862691879272460938
-20582.4816244263311091344803571701049804687500
122590.1005279611854348331689834594726562500000
-459182.7123153241700492799282073974609375000000
1286690.5572080938145518302917480468750000000000
-3060846.6453278507106006145477294921875000000000
5754437.7114014839753508567810058593750000000000
-7521768.2109779855236411094665527343750000000000
9104060.8174664378166198730468750000000000000000
-17911394.9538900293409824371337890625000000000000
28274840.2124084644019603729248046875000000000000
-14728122.4544664062559604644775390625000000000000
-16739210.5703229233622550964355468750000000000000
22967822.5288156270980834960937500000000000000000
2342772.9259482342749834060668945312500000000000
-20727043.2056428752839565277099609375000000000000
4391382.4856053553521633148193359375000000000000
31125444.8450916744768619537353515625000000000000
-42487972.6285215243697166442871093750000000000000
15028925.2262550089508295059204101562500000000000
21173295.1133724302053451538085937500000000000000
-26741255.6476587988436222076416015625000000000000
9701674.9929942078888416290283203125000000000000
-4261728.6638100501149892807006835937500000000000
6273570.3446940341964364051818847656250000000000
-5937332.6978677799925208091735839843750000000000
-1745607.8258188723120838403701782226562500000000
8230384.4060106147080659866333007812500000000000
-3157779.4486953415907919406890869140625000000000
2853948.4181915074586868286132812500000000000000
-2830380.0998366489075124263763427734375000000000
410246.2999796895892359316349029541015625000000
-1152412.1865580943413078784942626953125000000000
-2607810.4818366472609341144561767578125000000000
2215880.7682056482881307601928710937500000000000
1575685.7679401421919465065002441406250000000000
1722821.9861734469886869192123413085937500000000
2220675.7160108699463307857513427734375000000000
-2805653.4612855524756014347076416015625000000000
-904060.6681399182416498661041259765625000000000
-1647585.6010344526730477809906005859375000000000
-1013858.0166004268685355782508850097656250000000
-138307.6888600737147498875856399536132812500000
-2848332.2230212851427495479583740234375000000000
-443080.7461936188046820461750030517578125000000
2216553.4763333527371287345886230468750000000000
3831557.6490263170562684535980224609375000000000
-1711595.3801217167638242244720458984375000000000
-1449235.0109671868849545717239379882812500000000
2104618.3375924406573176383972167968750000000000
-740938.7547424493823200464248657226562500000000
2254555.1394702787511050701141357421875000000000
1166993.7438854558859020471572875976562500000000
308753.2374284570687450468540191650390625000000
1114561.0986611701082438230514526367187500000000
-1438633.0190819269046187400817871093750000000000
1391326.6848871286492794752120971679687500000000
2394324.5767798903398215770721435546875000000000
-1033826.7599448646651580929756164550781250000000
600565.4141100813867524266242980957031250000000
-3745902.9951722980476915836334228515625000000000
-4783113.6478904215618968009948730468750000000000
1090923.2609644166659563779830932617187500000000
-635126.4571587112732231616973876953125000000000
-3592413.7654542839154601097106933593750000000000
-63546.3998485387273831292986869812011718750000
-646139.8969836195465177297592163085937500000000
2229605.5211236765608191490173339843750000000000
-4653824.6621324820443987846374511718750000000000
178015.5792824201053008437156677246093750000000
3911577.7652247804217040538787841796875000000000
4397921.9403304876759648323059082031250000000000
3772475.1951996353454887866973876953125000000000
-2324572.9204208250157535076141357421875000000000
-670046.4469884772552177309989929199218750000000
341598.4883298163767904043197631835937500000000
4808140.6328633967787027359008789062500000000000
-501711.7687304550199769437313079833984375000000
-4797704.9111413313075900077819824218750000000000
2691742.3835881254635751247406005859375000000000
1711497.9138145784381777048110961914062500000000
1395271.1976553017739206552505493164062500000000
-1177631.6057045268826186656951904296875000000000
-3398952.3139649042859673500061035156250000000000
-226575.1115549072856083512306213378906250000000
-923222.8159442013129591941833496093750000000000
112062.3877525758434785529971122741699218750000
2548524.2389307441189885139465332031250000000000
-3213083.2039548601023852825164794921875000000000
1638476.2725605634041130542755126953125000000000
1788555.7756986699532717466354370117187500000000
-169120.5007967937854118645191192626953125000000
-3475233.6423652567900717258453369140625000000000
-2181864.5398987634107470512390136718750000000000
-813843.8209978441009297966957092285156250000000
-1685572.6202067181002348661422729492187500000000
-542192.7369479791959747672080993652343750000000
1722122.2621493439655750989913940429687500000000
2453637.3704022956080734729766845703125000000000
-750237.8052063884679228067398071289062500000000
-1033955.4198069598060101270675659179687500000000
1308562.8731888469774276018142700195312500000000
1354970.0424118496011942625045776367187500000000
-311849.2661727270460687577724456787109375000000
-1533203.9044015386607497930526733398437500000000
4408311.7913222936913371086120605468750000000000
283974.9610004105488769710063934326171875000000
-250676.4904616050771437585353851318359375000000
-404825.9409252619370818138122558593750000000000
1672218.3668555682525038719177246093750000000000
-606161.3337367697386071085929870605468750000000
-2675593.3412930252961814403533935546875000000000
1948620.3343460771720856428146362304687500000000
-3098360.3987484686076641082763671875000000000000
-3295042.1677042897790670394897460937500000000000
741243.0575876771472394466400146484375000000000
-327407.7488309290492907166481018066406250000000
2615117.7053940729238092899322509765625000000000
1582748.9987789178267121315002441406250000000000
3846149.6048947516828775405883789062500000000000
-65248.9468969025256228633224964141845703125000
-1244576.0368783208541572093963623046875000000000
999459.0970137916738167405128479003906250000000
-1797169.2163454734254628419876098632812500000000
-3364360.2992222639732062816619873046875000000000
-1745146.9604071339126676321029663085937500000000
4726293.4245218373835086822509765625000000000000
109813.6469886092381784692406654357910156250000
1852421.6080837890040129423141479492187500000000
-2226607.3030271693132817745208740234375000000000
1348675.4353094368707388639450073242187500000000
-2374231.3402654654346406459808349609375000000000
-429962.3747027948265895247459411621093750000000
834930.9582744368817657232284545898437500000000
695070.9947152468375861644744873046875000000000
-4339115.9551261104643344879150390625000000000000
1923972.0823004445992410182952880859375000000000
-362770.4552646690281108021736145019531250000000
2625331.9351404332555830478668212890625000000000
-2406284.0439115306362509727478027343750000000000
2565165.3082912457175552845001220703125000000000
-3489274.8708249311894178390502929687500000000000
-1535927.0829236160498112440109252929687500000000
-134256.1581432586244773119688034057617187500000
2119210.2653878298588097095489501953125000000000
-1059359.0555153919849544763565063476562500000000
329429.7386497231782414019107818603515625000000
1154514.6328265746124088764190673828125000000000
-754887.9892592537216842174530029296875000000000
-324786.8374407393275760114192962646484375000000
-658045.2068192840088158845901489257812500000000
4484686.0066006537526845932006835937500000000000
588106.0850413122680038213729858398437500000000
827886.1361199999228119850158691406250000000000
-1721270.5363812949508428573608398437500000000000
266044.9879216140252538025379180908203125000000
486803.4691847381182014942169189453125000000000
1685882.5529215340502560138702392578125000000000
175736.7962213103892281651496887207031250000000
1131873.2699143367353826761245727539062500000000
-3947395.0124149331822991371154785156250000000000
-281625.3038810820435173809528350830078125000000
45267.3891358245673472993075847625732421875000
976948.4261863685678690671920776367187500000000
924979.6391861491138115525245666503906250000000
-398319.1510591561673209071159362792968750000000
-534115.1280446032760664820671081542968750000000
-401636.9302141424850560724735260009765625000000
-2454827.9115531709976494312286376953125000000000
2608614.8031598529778420925140380859375000000000
-525657.2192544075660407543182373046875000000000
1948275.4482124496717005968093872070312500000000
-1560410.3931177943013608455657958984375000000000
812010.7916116374544799327850341796875000000000
-1850478.3452954806853085756301879882812500000000
1715598.3137394872028380632400512695312500000000
-671380.2355044638970866799354553222656250000000
-4144396.7158021465875208377838134765625000000000
-461622.9691635862691327929496765136718750000000
-1884929.2945944608654826879501342773437500000000
2181754.9906432270072400569915771484375000000000
-620007.4161495191510766744613647460937500000000
-1090412.0134580309968441724777221679687500000000
3135718.6087585608474910259246826171875000000000
1770507.0408380483277142047882080078125000000000
-917555.6844985836651176214218139648437500000000
1449394.7434034021571278572082519531250000000000
-1751474.3484524930827319622039794921875000000000
-1648981.5230846938211470842361450195312500000000
752133.6810896698152646422386169433593750000000
2450861.3312589311972260475158691406250000000000
2403879.0745097850449383258819580078125000000000
-263260.6158189893467351794242858886718750000000
1108574.2612160039134323596954345703125000000000
-1745638.0886583975516259670257568359375000000000
-1532655.7928204596973955631256103515625000000000
1929363.8588821948505938053131103515625000000000
-1887867.5865831673145294189453125000000000000000
305314.1888282895088195800781250000000000000000
946313.8532445855671539902687072753906250000000
31899.0691185195319121703505516052246093750000
1237418.8911538864485919475555419921875000000000
-5912998.7848994405940175056457519531250000000000
1339103.5021183423232287168502807617187500000000
-2173023.0449170703068375587463378906250000000000
-821564.1425182966049760580062866210937500000000
-954814.4497443004511296749114990234375000000000
1297042.3357952956575900316238403320312500000000
1601889.0838428379502147436141967773437500000000
-1057868.5979581112042069435119628906250000000000
1620954.4313441419508308172225952148437500000000
740114.4053863930748775601387023925781250000000
575717.4051744100870564579963684082031250000000
1381974.0928627091925591230392456054687500000000
675883.5215827089268714189529418945312500000000
-2054219.8821249883621931076049804687500000000000
828537.6029839855618774890899658203125000000000
-471836.9635675123427063226699829101562500000000
-1851526.4676183960400521755218505859375000000000
-2789665.2612407407723367214202880859375000000000
2161634.3102892525494098663330078125000000000000
789095.0346519297454506158828735351562500000000
1976365.1373349935747683048248291015625000000000
756702.0352585363434627652168273925781250000000
-2507747.9035209408029913902282714843750000000000
215005.1850611219415441155433654785156250000000
1359110.7719984545838087797164916992187500000000
-168340.2677914112864527851343154907226562500000
3404381.5292368237860500812530517578125000000000
335318.5022701912675984203815460205078125000000
561836.0308078641537576913833618164062500000000
-349832.3924582749605178833007812500000000000000
-45576.3782570502007729373872280120849609375000
-1180397.2432885675225406885147094726562500000000
172448.0804038165370002388954162597656250000000
-2060393.7443881405051797628402709960937500000000
-836372.6165631234180182218551635742187500000000
1681462.9297596125397831201553344726562500000000
1128984.8162520807236433029174804687500000000000
-990130.0774793047457933425903320312500000000000
-220922.1366571947291959077119827270507812500000
-95537.8411129763117060065269470214843750000000
-731003.0078150698682293295860290527343750000000
-1694453.5640822411514818668365478515625000000000
613673.9165404445957392454147338867187500000000
-666499.9917218274204060435295104980468750000000
-931582.8925913366256281733512878417968750000000
473875.0177567360224202275276184082031250000000
317133.5746650329092517495155334472656250000000
2320531.1152753653004765510559082031250000000000
1324869.1054026598576456308364868164062500000000
940347.4027137362863868474960327148437500000000
-690867.0748354484094306826591491699218750000000
-2716840.9660952962003648281097412109375000000000
-63332.4339853796773240901529788970947265625000
-356505.8568487858865410089492797851562500000000
1665638.2802533654030412435531616210937500000000
2078870.2534750683698803186416625976562500000000
-1008035.9205457838252186775207519531250000000000
414086.5926666157320141792297363281250000000000
1788982.8442618933040648698806762695312500000000
-1754256.2622312274761497974395751953125000000000
-11342.4830091720668860943987965583801269531250
904763.4956533074146136641502380371093750000000
-1710025.3163610694464296102523803710937500000000
3940373.2936824839562177658081054687500000000000
-1584005.1368463088292628526687622070312500000000
-947812.1528965695761144161224365234375000000000
-2039168.9526550145819783210754394531250000000000
622325.7360113407485187053680419921875000000000
2973291.8305359287187457084655761718750000000000
-756855.0373417460359632968902587890625000000000
-1304601.0836523026227951049804687500000000000000
-285727.2850778974243439733982086181640625000000
-956048.1375693018781021237373352050781250000000
-1129983.1437770279590040445327758789062500000000
-128806.0656231736502377316355705261230468750000
-844452.3550427616573870182037353515625000000000
-301483.1032712687738239765167236328125000000000
-3381697.4574118861928582191467285156250000000000
583672.0950714629143476486206054687500000000000
443013.1802889096434228122234344482421875000000
284313.6494264762732200324535369873046875000000
1214280.0287681606132537126541137695312500000000
1342307.1427586637437343597412109375000000000000
-1934125.3812717688269913196563720703125000000000
127056.7759926082944730296730995178222656250000
1518021.2058670192491263151168823242187500000000
-557960.6145734643796458840370178222656250000000
-359108.5399777540587820112705230712890625000000
2653709.0481126545928418636322021484375000000000
-171387.6552600028517190366983413696289062500000
417210.0787128669326193630695343017578125000000
-1577214.8629057507496327161788940429687500000000
-95235.0086832161759957671165466308593750000000
-244971.9762009222176857292652130126953125000000
2466390.2440587407909333705902099609375000000000
957524.5619234124897047877311706542968750000000
776557.7776331284549087285995483398437500000000
-861235.1893089980585500597953796386718750000000
927187.0463207206921651959419250488281250000000
-2175896.3064556657336652278900146484375000000000
773690.1744688418693840503692626953125000000000
227721.5893589298357255756855010986328125000000
-321779.0357338584726676344871520996093750000000
-117033.4603453355375677347183227539062500000000
-46144.1633522514312062412500381469726562500000
-1013996.4146538409404456615447998046875000000000
-1109024.9114157424774020910263061523437500000000
-981997.0868671472417190670967102050781250000000
-338948.1335005656001158058643341064453125000000
-1908438.6280099032446742057800292968750000000000
-2174375.7893491159193217754364013671875000000000
650941.7364333753939718008041381835937500000000
-1277086.7205978289712220430374145507812500000000
223849.9107875230256468057632446289062500000000
-513761.5835164582240395247936248779296875000000
254157.0576966035005170851945877075195312500000
-173069.6950712971738539636135101318359375000000
2561138.4089166764169931411743164062500000000000
1138898.7714563047047704458236694335937500000000
728568.3318554032593965530395507812500000000000
-1441971.5014790145214647054672241210937500000000
2576388.9232863327488303184509277343750000000000
-83514.3054545094491913914680480957031250000000
-2460448.5721068517304956912994384765625000000000
566287.0489366889232769608497619628906250000000
-45122.6931313442255486734211444854736328125000
1152872.3958095838315784931182861328125000000000
-1293516.0927297710441052913665771484375000000000
443803.4605471087852492928504943847656250000000
1213684.1414712385740131139755249023437500000000
-831201.9759579468518495559692382812500000000000
1772910.9138833840843290090560913085937500000000
-985994.4704928476130589842796325683593750000000
510956.4762798020383343100547790527343750000000
1924489.0468963189050555229187011718750000000000
2513630.6714384229853749275207519531250000000000
-1188632.5196878451388329267501831054687500000000
-2824919.0168284820392727851867675781250000000000
1442526.3363901386037468910217285156250000000000
-1434417.4538548104465007781982421875000000000000
-2039513.7574255240615457296371459960937500000000
-118014.2755185395653825253248214721679687500000
202520.5850016204640269279479980468750000000000
-1385939.1387513994704931974411010742187500000000
1399336.6118593411520123481750488281250000000000
-32384.6808068678947165608406066894531250000000
-227895.2322634151787497103214263916015625000000
1459603.7617505758535116910934448242187500000000
679801.5808837078511714935302734375000000000000
287019.9217845141538418829441070556640625000000
431209.1810586678329855203628540039062500000000
-87812.1233680594014003872871398925781250000000
67676.5840537936019245535135269165039062500000
251736.2510144916013814508914947509765625000000
-1538039.8371732870582491159439086914062500000000
1579253.9129117203410714864730834960937500000000
1657205.7178923075553029775619506835937500000000
51221.0172895839205011725425720214843750000000
1601949.7685810262337327003479003906250000000000
-213693.8522562539728824049234390258789062500000
941385.9016785866115242242813110351562500000000
-719991.3176982873119413852691650390625000000000
294596.7741341072833165526390075683593750000000
1732581.8122717370279133319854736328125000000000
94656.3725056522525846958160400390625000000000
-417053.2556120886001735925674438476562500000000
-1255190.4772363353986293077468872070312500000000
1233684.4258248412515968084335327148437500000000
974410.6570732133695855736732482910156250000000
-891261.8636515903053805232048034667968750000000
86047.6931331303348997607827186584472656250000
-330205.8671332724043168127536773681640625000000
-17686.4918358763461583293974399566650390625000
207568.7212433171516750007867813110351562500000
-2279003.9492203686386346817016601562500000000000
-413311.7944722712854854762554168701171875000000
420934.0714765019947662949562072753906250000000
-1109586.5812388602644205093383789062500000000000
-613089.6754732505651190876960754394531250000000
-491917.1812826510285958647727966308593750000000
259859.6185204284847714006900787353515625000000
1243611.3841970725916326045989990234375000000000
837594.2347434568218886852264404296875000000000
-338000.9928898931830190122127532958984375000000
-1285843.4125830926932394504547119140625000000000
-294372.3141903984360396862030029296875000000000
-185505.9218784820404835045337677001953125000000
-748325.2061412727925926446914672851562500000000
-796230.8023277079919353127479553222656250000000
483080.9605640982626937329769134521484375000000
-9478.8456670865434716688469052314758300781250
-581018.0194293328095227479934692382812500000000
884716.2912345940712839365005493164062500000000
-359496.0328774726367555558681488037109375000000
273653.5127918656799010932445526123046875000000
299731.1483921091421507298946380615234375000000
-268745.7580101328785531222820281982421875000000
303539.9384174238657578825950622558593750000000
545158.8865905870916321873664855957031250000000
-208912.5264366855262778699398040771484375000000
-1549663.0349369221366941928863525390625000000000
-90399.6715943767630960792303085327148437500000
-319210.1289334183093160390853881835937500000000
-1823560.5073805984575301408767700195312500000000
890356.6760203550802543759346008300781250000000
-851752.4974262645700946450233459472656250000000
696742.9148202558280900120735168457031250000000
314816.0000756608205847442150115966796875000000
404316.6317388755851425230503082275390625000000
260042.9588245275081135332584381103515625000000
58084.4582600776193430647253990173339843750000
-528809.5320658896816894412040710449218750000000
-84136.0511918702832190319895744323730468750000
704326.8804881251417100429534912109375000000000
-451693.2992647449136711657047271728515625000000
1001641.3266845110338181257247924804687500000000
570411.6905745968688279390335083007812500000000
1354981.3358262518886476755142211914062500000000
-756339.8390626647742465138435363769531250000000
2350901.9983453070744872093200683593750000000000
-1074971.5284819584339857101440429687500000000000
-1482372.9868614934384822845458984375000000000000
-284576.1211971645825542509555816650390625000000
619886.7691758346045389771461486816406250000000
-1131874.8572663068771362304687500000000000000000
-26688.2418502828695636708289384841918945312500
158507.0675197225646115839481353759765625000000
-714210.4290054469602182507514953613281250000000
-258540.8601157542434521019458770751953125000000
338148.3963428919669240713119506835937500000000
-221313.3317723988729994744062423706054687500000
-819602.0485919649945572018623352050781250000000
813272.4666053594555705785751342773437500000000
-805186.4142618030309677124023437500000000000000
1590426.7118994640186429023742675781250000000000
1092154.7790490589104592800140380859375000000000
-703771.5653781455475836992263793945312500000000
1294653.4748584255576133728027343750000000000000
-712818.7061587336938828229904174804687500000000
-392622.4798731898772530257701873779296875000000
-4569.6368393596048917970620095729827880859375
-301692.5233366284519433975219726562500000000000
1275695.9899108938407152891159057617187500000000
513668.8686445611529052257537841796875000000000
-324860.4314933118293993175029754638671875000000
-861508.8006924958899617195129394531250000000000
630542.9512843205593526363372802734375000000000
-640408.6378948532510548830032348632812500000000
129675.1153031580470269545912742614746093750000
-125251.9359975055704126134514808654785156250000
-742194.8213672349229454994201660156250000000000
-100930.6942454368399921804666519165039062500000
-464723.7866596995736472308635711669921875000000
507439.6890947998617775738239288330078125000000
-36228.2027166611878783442080020904541015625000
672786.4839242870220914483070373535156250000000
930838.2721319894772022962570190429687500000000
-106212.4313607952790334820747375488281250000000
220736.0432739546813536435365676879882812500000
-785930.9973421357572078704833984375000000000000
-599816.9439131257822737097740173339843750000000
-304508.1149900530581362545490264892578125000000
255454.5832656804705038666725158691406250000000
-594147.0210206599440425634384155273437500000000
107686.2593663126172032207250595092773437500000
443703.3490128385601565241813659667968750000000
-197623.6492824037268292158842086791992187500000
473282.6242393107968382537364959716796875000000
-1136081.3040384943597018718719482421875000000000
39149.3462129351319163106381893157958984375000
924382.0529606124619022011756896972656250000000
665393.3998223465168848633766174316406250000000
-1121893.0649217464961111545562744140625000000000
-1007906.7629348881309852004051208496093750000000
930562.2969049243256449699401855468750000000000
232008.9516394958482123911380767822265625000000
539782.6196811273694038391113281250000000000000
-399112.4228216852643527090549468994140625000000
1091966.2133223034907132387161254882812500000000
-595335.2141022909199818968772888183593750000000
442908.2262297567212954163551330566406250000000
-439544.0175395994447171688079833984375000000000
525528.7847083811648190021514892578125000000000
810373.2916983215836808085441589355468750000000
-1314740.8282095179893076419830322265625000000000
1459940.8349963061045855283737182617187500000000
-648030.1130186306545510888099670410156250000000
-507537.3610282143345102667808532714843750000000
-335617.9655609599431045353412628173828125000000
-1063039.4337864716071635484695434570312500000000
-643941.3212942593963816761970520019531250000000
-460583.2067052437923848628997802734375000000000
583608.9529189339373260736465454101562500000000
-295468.7133361861924640834331512451171875000000
652437.2879986474290490150451660156250000000000
-224241.8841048922913614660501480102539062500000
1085466.0303758862428367137908935546875000000000
-1327012.5313398097641766071319580078125000000000
-1294999.3598138655070215463638305664062500000000
1093992.5361286790575832128524780273437500000000
512171.3665931483847089111804962158203125000000
779093.4859806094318628311157226562500000000000
-133592.6297473459271714091300964355468750000000
233541.8086187161097768694162368774414062500000
-140048.7390143625380005687475204467773437500000
375694.1886415396002121269702911376953125000000
-668501.1541332093765959143638610839843750000000
142754.8142416868649888783693313598632812500000
-765879.5467023622477427124977111816406250000000
-1603503.6945793058257550001144409179687500000000
394646.9226490461151115596294403076171875000000
15744.3722014580453105736523866653442382812500
-256397.5653696465305984020233154296875000000000
161389.0688156796095427125692367553710937500000
-31191.9591769182043208274990320205688476562500
-122441.8973722902883309870958328247070312500000
567440.4432804072275757789611816406250000000000
177317.5965589478728361427783966064453125000000
17667.8523330052230448927730321884155273437500
152908.2320909682603087276220321655273437500000
-366375.9905550799448974430561065673828125000000
1777859.0681660978589206933975219726562500000000
-1537729.6461042952723801136016845703125000000000
-206328.0704280893842224031686782836914062500000
-674554.9812396666966378688812255859375000000000
808650.6685565556399524211883544921875000000000
-579428.7426269237184897065162658691406250000000
575264.3420387428486719727516174316406250000000
127894.6052094838378252461552619934082031250000
-79257.8630599284806521609425544738769531250000
590807.8108246815390884876251220703125000000000
-472372.8903530313982628285884857177734375000000
1348291.0634250068105757236480712890625000000000
720140.6588939761277288198471069335937500000000
273026.6682243719696998596191406250000000000000
-619135.6793142695678398013114929199218750000000
109079.2455630574113456532359123229980468750000
-611474.4455548261757940053939819335937500000000
-656477.9894593599019572138786315917968750000000
-392979.8115462313871830701828002929687500000000
387965.5745761981816031038761138916015625000000
60738.0756539005087688565254211425781250000000
-312191.2685500819934532046318054199218750000000
121015.4497874608350684866309165954589843750000
-85326.9065301675291266292333602905273437500000
1110102.5819770847447216510772705078125000000000
-390353.1061970419832505285739898681640625000000
-448636.3707056469866074621677398681640625000000
1044163.5330928026232868432998657226562500000000
-51822.0831209880561800673604011535644531250000
-134778.7472629476978909224271774291992187500000
-533649.7032516393810510635375976562500000000000
991291.3399459772044792771339416503906250000000
-350914.4365520301507785916328430175781250000000
140522.6933611501590348780155181884765625000000
326741.5176921573583967983722686767578125000000
-324738.3779822075157426297664642333984375000000
957347.5864332099445164203643798828125000000000
-581716.3383882925845682621002197265625000000000
105558.1795086690108291804790496826171875000000
-503149.3275509651866741478443145751953125000000
349178.9535107017727568745613098144531250000000
-463074.1368014162871986627578735351562500000000
254322.7034390686021652072668075561523437500000
-201208.4083473126229364424943923950195312500000
79945.2837949587410548701882362365722656250000
39289.1963769604262779466807842254638671875000
-705307.9152537970803678035736083984375000000000
-358722.5553324248758144676685333251953125000000
-853547.4987444874132052063941955566406250000000
648893.5172337599797174334526062011718750000000
301581.6685490792733617126941680908203125000000
582670.2688358456362038850784301757812500000000
484513.8416565934894606471061706542968750000000
949755.0250158089911565184593200683593750000000
843865.4664511817973107099533081054687500000000
330922.6689920995268039405345916748046875000000
-634256.7928216705331578850746154785156250000000
342038.7562746813637204468250274658203125000000
136939.3713891863881144672632217407226562500000
-307560.0942119245883077383041381835937500000000
502444.2456394143518991768360137939453125000000
-523591.2734423878719098865985870361328125000000
-343679.6458866117172874510288238525390625000000
-647897.2759691396495327353477478027343750000000
141216.2882987453194800764322280883789062500000
-209290.8162684059061575680971145629882812500000
97422.2028074852569261565804481506347656250000
36822.8402396084420615807175636291503906250000
-7167.4533082814859881182201206684112548828125
-603038.4912376875290647149085998535156250000000
-287690.4424213287420570850372314453125000000000
-75255.0167985952575691044330596923828125000000
-359960.3230158477672375738620758056640625000000
1009966.0868995802011340856552124023437500000000
51709.8125593774966546334326267242431640625000
35696.8817140230239601805806159973144531250000
103769.9383941193227656185626983642578125000000
-213805.1107878596812952309846878051757812500000
20813.8891498558732564561069011688232421875000
-313264.6853164435597136616706848144531250000000
417035.1369607163942418992519378662109375000000
-291365.5979419173090718686580657958984375000000
74769.5393361578462645411491394042968750000000
92227.3635770103865070268511772155761718750000
44381.3990967703794012777507305145263671875000
777072.6405188947683200240135192871093750000000
780463.0428256774321198463439941406250000000000
-461407.3649688913137651979923248291015625000000
85900.6182391366601223126053810119628906250000
-77335.0585734047926962375640869140625000000000
-318235.2170361899770796298980712890625000000000
252944.6746497193817049264907836914062500000000
-171073.4385195194627158343791961669921875000000
319983.6183244520798325538635253906250000000000
-26641.7107885044861177448183298110961914062500
279296.0182967415894381701946258544921875000000
-75434.1095272573002148419618606567382812500000
36541.4952069421342457644641399383544921875000
-138109.1508321443689055740833282470703125000000
-92632.1748087929881876334547996520996093750000
246502.8798369419819209724664688110351562500000
150628.7213904831151012331247329711914062500000
205900.4327956077177077531814575195312500000000
-430818.1370888014789670705795288085937500000000
110578.8492584288615034893155097961425781250000
-231963.4770502911705989390611648559570312500000
-704700.9375908329384401440620422363281250000000
-51244.6867135994179989211261272430419921875000
693663.5465903665171936154365539550781250000000
383826.4128817060263827443122863769531250000000
-302645.6778402895433828234672546386718750000000
322244.3895163845154456794261932373046875000000
1201310.4728435780853033065795898437500000000000
241807.5098445742914918810129165649414062500000
-485586.9074752933811396360397338867187500000000
-810580.8487111364956945180892944335937500000000
-49949.5431700264307437464594841003417968750000
-597241.6747183458646759390830993652343750000000
-243331.7173416507721412926912307739257812500000
17633.1860662443468754645437002182006835937500
264614.1073444469948299229145050048828125000000
-230607.1922010458365548402070999145507812500000
-489030.9957081485190428793430328369140625000000
13386.4818995559853647137060761451721191406250
3316.3693305884826258989050984382629394531250
-289661.1781255493406206369400024414062500000000
-149665.2670577861717902123928070068359375000000
229452.2538963805418461561203002929687500000000
-311732.6740607307874597609043121337890625000000
321237.7859393307589925825595855712890625000000
-501456.3776505733258090913295745849609375000000
-351614.9130357342073693871498107910156250000000
-200283.5208682954253163188695907592773437500000
-125085.5109596765541937202215194702148437500000
101254.7253318123694043606519699096679687500000
523221.2996600301121361553668975830078125000000
423441.7909511961624957621097564697265625000000
-597105.6591335560660809278488159179687500000000
-573044.7976543325930833816528320312500000000000
-334808.0507974085630849003791809082031250000000
-163483.9888250555959530174732208251953125000000
-989069.4018334837164729833602905273437500000000
57706.0066592958173714578151702880859375000000
87597.9514699677674798294901847839355468750000
-29702.7660055567721428815275430679321289062500
1000599.7015667192172259092330932617187500000000
18449.5636233298573642969131469726562500000000
-70770.6519043135776882991194725036621093750000
540644.0100052905036136507987976074218750000000
-348920.8273503931122832000255584716796875000000
188080.0930828655837103724479675292968750000000
-429466.6854552746517583727836608886718750000000
62397.1623292261283495463430881500244140625000
-84784.5403726209769956767559051513671875000000
-23026.6339186602708650752902030944824218750000
379299.3238311106106266379356384277343750000000
-279317.1722658703220076858997344970703125000000
2843.3803620518638126668520271778106689453125
-410649.6724750122521072626113891601562500000000
349422.2441576233250088989734649658203125000000
9259.5897279555738350609317421913146972656250
380328.0126184637192636728286743164062500000000
-274787.6135298204026184976100921630859375000000
-247270.1684132832742761820554733276367187500000
-98142.5156282364332582801580429077148437500000
-209167.9207746280007995665073394775390625000000
290948.1076534124440513551235198974609375000000
473021.7819509670371189713478088378906250000000
17329.5165965348533063661307096481323242187500
-377357.6530679613351821899414062500000000000000
435859.3911033698241226375102996826171875000000
-480977.7044513087603263556957244873046875000000
310414.3327480000443756580352783203125000000000
43909.7836285593875800259411334991455078125000
2683.4586372529388427210506051778793334960938
20468.1882384572199953254312276840209960937500
-165850.1301536639512050896883010864257812500000
92857.9306010134896496310830116271972656250000
-21339.1145270132183213718235492706298828125000
65566.7769899693957995623350143432617187500000
-66839.2602380000025732442736625671386718750000
47242.4197174721412011422216892242431640625000
448656.6558052774635143578052520751953125000000
-19551.2781160197082499507814645767211914062500
334629.5768159843864850699901580810546875000000
-182059.7913913910742849111557006835937500000000
282950.3649185037938877940177917480468750000000
611009.3234023138647899031639099121093750000000
76929.4784514614875661209225654602050781250000
-416757.3730593374348245561122894287109375000000
-433605.1832047415664419531822204589843750000000
-51577.7387893077248008921742439270019531250000
437796.8221751126693561673164367675781250000000
48547.7681043968477752059698104858398437500000
-82119.5729255845362786203622817993164062500000
-112932.0102298638375941663980484008789062500000
-289145.3961441554711200296878814697265625000000
453733.3699560507666319608688354492187500000000
-519983.3588557413895614445209503173828125000000
438770.3262208513333462178707122802734375000000
55525.1203224589116871356964111328125000000000
73071.8505377357505494728684425354003906250000
172067.4502807968819979578256607055664062500000
516482.3044785616802982985973358154296875000000
57667.4862282616668380796909332275390625000000
169700.8808687758282758295536041259765625000000
-714444.9999377940548583865165710449218750000000
-374637.6486018453142605721950531005859375000000
-206633.8026667020458262413740158081054687500000
-36700.8425053962346282787621021270751953125000
-593453.3893470490584149956703186035156250000000
-97493.0394424577534664422273635864257812500000
216185.6324835626001004129648208618164062500000
-61800.3242255469085648655891418457031250000000
-6873.2295584743924337089993059635162353515625
93632.7294671058771200478076934814453125000000
367509.8448133801575750112533569335937500000000
505146.9226132705225609242916107177734375000000
206391.8604473628511186689138412475585937500000
-152626.9141692848061211407184600830078125000000
-84855.5794719611876644194126129150390625000000
274061.4293426861404441297054290771484375000000
-273600.8566725330310873687267303466796875000000
18362.1276108273123099934309720993041992187500
60185.0463631784223252907395362854003906250000
-293931.4167872846010141074657440185546875000000
-279855.4524844308616593480110168457031250000000
330015.8770406874245963990688323974609375000000
-21389.6122570212610298767685890197753906250000
482134.7214768161065876483917236328125000000000
-106236.5012565294309752061963081359863281250000
138957.7256860386405605822801589965820312500000
-57851.1889132243959465995430946350097656250000
221589.3778890521498396992683410644531250000000
-79172.0760752801143098622560501098632812500000
160209.0364677790203131735324859619140625000000
-10173.6662108846976479981094598770141601562500
238219.0134680093033239245414733886718750000000
47510.7707543168871779926121234893798828125000
8014.1651818107529834378510713577270507812500
116644.2900225139892427250742912292480468750000
94156.4037643822957761585712432861328125000000
83399.8993405529909068718552589416503906250000
3113.7940852829915456823073327541351318359375
-108916.7838295248657232150435447692871093750000
114418.8762779497046722099184989929199218750000
-255599.1914075074892025440931320190429687500000
-18377.4034864057066442910581827163696289062500
-5577.2855709870491409674286842346191406250000
-690600.7263912629568949341773986816406250000000
41972.4895203529667924158275127410888671875000
-279154.5053916284814476966857910156250000000000
29099.9537504384607018437236547470092773437500
-129436.4182052594114793464541435241699218750000
30847.8194919570523779839277267456054687500000
-47400.9310229096736293286085128784179687500000
-109678.8605226434592623263597488403320312500000
-134316.6377513934567105025053024291992187500000
-195676.4950013284978922456502914428710937500000
-30684.2322534819977590814232826232910156250000
-312349.1053685664664953947067260742187500000000
-81638.7302206027088686823844909667968750000000
-497635.6223502802313305437564849853515625000000
188135.1186635959020350128412246704101562500000
74059.9389348165859701111912727355957031250000
-220173.1426590073679108172655105590820312500000
-236064.2957374539109878242015838623046875000000
141681.1496244035370182245969772338867187500000
-521698.0939457908389158546924591064453125000000
-34404.0332010478523443453013896942138671875000
338525.8357926564640365540981292724609375000000
-217260.2257729715784080326557159423828125000000
488100.4667779043666087090969085693359375000000
39486.1079025232393178157508373260498046875000
48071.4820047840694314800202846527099609375000
-295335.7841578508378006517887115478515625000000
356433.3079050788073800504207611083984375000000
39841.5555311237185378558933734893798828125000
-390470.2821338963694870471954345703125000000000
132157.8961856763053219765424728393554687500000
-93167.4566186617012135684490203857421875000000
44602.9728412205731729045510292053222656250000
-38523.1550157347519416362047195434570312500000
345669.7027764912927523255348205566406250000000
24822.6560907122839125804603099822998046875000
361711.5885492198867723345756530761718750000000
-466541.8089541116496548056602478027343750000000
8042.7993250317304045893251895904541015625000
-48989.4201828601435408927500247955322265625000
9549.3032291211038682376965880393981933593750
-220839.1132723465561866760253906250000000000000
-190388.3021285458526108413934707641601562500000
-425075.7217444055713713169097900390625000000000
-42710.1705177081530564464628696441650390625000
-158115.1486794011143501847982406616210937500000
-221578.8757348392973653972148895263671875000000
-5213.9423008659077822812832891941070556640625
708155.0997383652720600366592407226562500000000
109996.8707088974770158529281616210937500000000
329629.6095451041474007070064544677734375000000
10702.2846722980921185808256268501281738281250
-139260.0553948070155456662178039550781250000000
54303.2361267621527076698839664459228515625000
-257434.2446218281693290919065475463867187500000
-6827.3789334333432634593918919563293457031250
231119.2944110046082641929388046264648437500000
326733.9482698434730991721153259277343750000000
-48398.1197119244752684608101844787597656250000
-84365.7636925311962841078639030456542968750000
157724.7302163283457048237323760986328125000000
76839.0478669101867126300930976867675781250000
252193.1017251297307666391134262084960937500000
-38644.3846846700034802779555320739746093750000
-367842.2829254130483604967594146728515625000000
-82906.5759951281943358480930328369140625000000
124908.8798108451010193675756454467773437500000
162667.5409663726750295609235763549804687500000
-58226.0145364090712973847985267639160156250000
189006.2535033863969147205352783203125000000000
264668.8482353917788714170455932617187500000000
-100025.8040178271621698513627052307128906250000
227043.2574569621647242456674575805664062500000
151825.2487787846184801310300827026367187500000
155627.6887752238253597170114517211914062500000
-23812.7348726392010576091706752777099609375000
381665.1019346919492818415164947509765625000000
-35365.8095933404329116456210613250732421875000
-70809.2331813938944833353161811828613281250000
15417.4024519185895769624039530754089355468750
-36762.4092021725227823480963706970214843750000
59736.1684424050617963075637817382812500000000
-184220.4688733042275998741388320922851562500000
179627.0832070529286283999681472778320312500000
-133102.4422084707475733011960983276367187500000
-203092.5774825685075484216213226318359375000000
28981.7085644195103668607771396636962890625000
122938.6915543465584050863981246948242187500000
392212.7163825997267849743366241455078125000000
136719.4858429020678158849477767944335937500000
-47671.7178598057871568016707897186279296875000
875.3045106867992899424280039966106414794922
336449.8621588921523652970790863037109375000000
7127.6775568670855136588215827941894531250000
9081.9898729698306851787492632865905761718750
-252339.3913150609587319195270538330078125000000
-139135.9008464781800284981727600097656250000000
57689.4770638976333430036902427673339843750000
485487.8490849211812019348144531250000000000000
-58834.0396296193284797482192516326904296875000
-62382.6818263171517173759639263153076171875000
-299769.5487617777544073760509490966796875000000
60021.6169388609487214125692844390869140625000
-17752.4573538728545827325433492660522460937500
94706.4592537493153940886259078979492187500000
-205512.2139571929001249372959136962890625000000
-98510.5591179098264547064900398254394531250000
90287.6835448835772695019841194152832031250000
154933.0776026081584859639406204223632812500000
-302466.5193760474212467670440673828125000000000
128152.4645957886532414704561233520507812500000
193588.2117473550606518983840942382812500000000
44018.0486323454315424896776676177978515625000
-136035.1592369768186472356319427490234375000000
-369744.0747597563895396888256072998046875000000
-17058.6121957064424350392073392868041992187500
-97535.6812823367363307625055313110351562500000
445121.4678239178028889000415802001953125000000
181680.5220755274058319628238677978515625000000
-92834.3476566385652404278516769409179687500000
-126046.2868303088762331753969192504882812500000
37290.5013551796218962408602237701416015625000
298722.0157733102678321301937103271484375000000
-60540.0579944330238504335284233093261718750000
89719.0933126099116634577512741088867187500000
-135535.6221398679481353610754013061523437500000
-40716.4796101953033939935266971588134765625000
34333.8349891823963844217360019683837890625000
-277679.0072042887331917881965637207031250000000
36504.0476924799440894275903701782226562500000
290985.5509252849151380360126495361328125000000
-22866.3738529343863774556666612625122070312500
118788.8815224183344980701804161071777343750000
-29503.5908366129224305041134357452392578125000
228269.1178908967121969908475875854492187500000
-232281.2739820569986477494239807128906250000000
-49939.6575634121545590460300445556640625000000
-90086.7318591127841500565409660339355468750000
-90634.9493151675269473344087600708007812500000
-173861.2490925616002641618251800537109375000000
-82151.2022060421877540647983551025390625000000
-59961.3739129639434395357966423034667968750000
35940.8315526381775271147489547729492187500000
-70044.9703311721241334453225135803222656250000
-60186.3791345049758092500269412994384765625000
191657.5507995332009159028530120849609375000000
362917.2855314936605282127857208251953125000000
-107932.5953922332555521279573440551757812500000
39969.8803573282420984469354152679443359375000
-113913.8192389777541393414139747619628906250000
40507.7360927057015942409634590148925781250000
-142755.9430207164259627461433410644531250000000
-90270.5137088883057003840804100036621093750000
17182.2283327582845231518149375915527343750000
-137750.2185907284729182720184326171875000000000
-8685.4338620599100977415218949317932128906250
-32763.0231176693923771381378173828125000000000
-39284.1869853900425368919968605041503906250000
-143895.2138239123160019516944885253906250000000
79704.2734104569535702466964721679687500000000
-82535.4695773235289379954338073730468750000000
-80360.0068433465057751163840293884277343750000
-161767.0474959000130183994770050048828125000000
-85129.2159108369814930483698844909667968750000
192162.6872959986212663352489471435546875000000
114181.5252115259208949282765388488769531250000
88846.0039664712530793622136116027832031250000
-184055.4974540966213680803775787353515625000000
41729.3617635374976089224219322204589843750000
-12345.8666858858505293028429150581359863281250
19110.8391331803177308756858110427856445312500
45490.7718501547715277411043643951416015625000
41771.2866572651255410164594650268554687500000
-22365.5097852258877537678927183151245117187500
151693.3482329008402302861213684082031250000000
44596.6680597595623112283647060394287109375000
-119182.0895475538127357140183448791503906250000
-110535.2062867215281585231423377990722656250000
211279.2072899579361546784639358520507812500000
-9397.8743717850866232765838503837585449218750
12314.7460650782959419302642345428466796875000
-13712.2792443877515324857085943222045898437500
-113848.9530766877578571438789367675781250000000
-161615.3244568802765570580959320068359375000000
10816.8889797507035837043076753616333007812500
-50099.4893568218976724892854690551757812500000
84074.2035485461674397811293601989746093750000
-119862.8794221276766620576381683349609375000000
-27303.1418363126686017494648694992065429687500
-86145.9809773815941298380494117736816406250000
26661.1357271248307370115071535110473632812500
-140373.7020330594968982040882110595703125000000
-45912.9501915430882945656776428222656250000000
-182435.4873115922964643687009811401367187500000
-17251.2024642697288072668015956878662109375000
132688.6318578622012864798307418823242187500000
28247.7521253467493806965649127960205078125000
-133628.1763766340154688805341720581054687500000
149061.5780738749890588223934173583984375000000
64691.4281506857078056782484054565429687500000
91364.6188938651612261310219764709472656250000
-108020.4672722037939820438623428344726562500000
-26446.6180971838912228122353553771972656250000
-26680.0133356655533134471625089645385742187500
9874.8873319012855063192546367645263671875000
-131854.5400637954880949109792709350585937500000
4800.6380106010255985893309116363525390625000
-3082.6334870177347511344123631715774536132812
74687.9266890778235392645001411437988281250000
90545.2308583543635904788970947265625000000000
2831.4136734022563359758350998163223266601562
39043.2938273631953052245080471038818359375000
20954.3390233247409923933446407318115234375000
-44601.9067485074774594977498054504394531250000
-17397.0903531436269986443221569061279296875000
-33765.0158186077023856341838836669921875000000
132197.3874390698620118200778961181640625000000
14679.3399518958940461743623018264770507812500
59900.2631342176173347979784011840820312500000
-45164.2074697318239486776292324066162109375000
3730.8482258518624803400598466396331787109375
65881.1501380168483592569828033447265625000000
53937.1746207638789201155304908752441406250000
198487.1831535676901694387197494506835937500000
-173954.5901082199707161635160446166992187500000
51456.8708398214221233502030372619628906250000
107219.4848793481796747073531150817871093750000
292491.8127197207650169730186462402343750000000
12163.1835440794420719612389802932739257812500
90132.9472580638539511710405349731445312500000
76300.8033105752401752397418022155761718750000
66110.3833811572258127853274345397949218750000
13742.6736905432899220613762736320495605468750
-75064.1129830096178920939564704895019531250000
109943.6643784773041261360049247741699218750000
-21053.7478801254437712486833333969116210937500
-90492.5718299196159932762384414672851562500000
-73362.6009456941246753558516502380371093750000
-161054.9289658366178628057241439819335937500000
-79815.5367759707733057439327239990234375000000
11883.0011660200198093662038445472717285156250
165130.1498272582539357244968414306640625000000
191444.3079658143979031592607498168945312500000
43011.3585123127268161624670028686523437500000
-135515.3941239354899153113365173339843750000000
-43688.2455442571517778560519218444824218750000
-9340.6844138614469557069242000579833984375000
1552.5193428802756443474208936095237731933594
80564.8313899381319060921669006347656250000000
83245.8394620524923084303736686706542968750000
-125221.5683467235357966274023056030273437500000
-5181.0817679638621484627947211265563964843750
-59069.1207457388736656866967678070068359375000
-116750.0109749399271095171570777893066406250000
-149453.5334874696563929319381713867187500000000
29974.6945746008095738943666219711303710937500
-150446.8015689308231230825185775756835937500000
97167.8646318435057764872908592224121093750000
27798.9125848549301736056804656982421875000000
106131.7644668615103000774979591369628906250000
43610.9697514013168984092772006988525390625000
41447.0589055996970273554325103759765625000000
30457.3967294409558235201984643936157226562500
-76980.9003788704867474734783172607421875000000
137450.7877712803019676357507705688476562500000
1931.4247252779293830826645717024803161621094
41133.5876893354507046751677989959716796875000
-85859.3832772621390176936984062194824218750000
-58256.9607315543107688426971435546875000000000
155256.5527258874499239027500152587890625000000
97440.0124485796113731339573860168457031250000
-92153.3924592477123951539397239685058593750000
87369.4758308429882163181900978088378906250000
-8404.1749239446835417766124010086059570312500
-21356.3730993840472365263849496841430664062500
-40701.3812654119828948751091957092285156250000
18837.9693145638993883039802312850952148437500
-143753.6055986076535191386938095092773437500000
-156384.4188670586445368826389312744140625000000
-90005.7903242564061656594276428222656250000000
5516.3183526414177322294563055038452148437500
104490.2393281349213793873786926269531250000000
-137531.4599525019875727593898773193359375000000
144369.5314018817734904587268829345703125000000
72314.4680443897668737918138504028320312500000
88370.4233630687667755410075187683105468750000
-52992.7139669380267150700092315673828125000000
-35806.3063764366743271239101886749267578125000
-133994.1353942779824137687683105468750000000000
-116504.5563465119339525699615478515625000000000
52730.9414012725101201795041561126708984375000
-1054.5750760077021368488203734159469604492188
-68815.9390999315801309421658515930175781250000
79980.1110088426066795364022254943847656250000
113855.6805735723319230601191520690917968750000
-7786.3980149836725104250945150852203369140625
-93490.4793422786606242880225181579589843750000
-66649.4190467524749692529439926147460937500000
149878.7891616495035123080015182495117187500000
39100.1422288507019402459263801574707031250000
-191151.5316952753346413373947143554687500000000
-18890.8680175780827994458377361297607421875000
-51486.5847584969160379841923713684082031250000
-57785.7336875894325203262269496917724609375000
181097.9730116302671376615762710571289062500000
-12648.2961453164971317164599895477294921875000
46865.7223467785079265013337135314941406250000
-1412.4335570329621987184509634971618652343750
104346.9269222586153773590922355651855468750000
-43589.5484921357783605344593524932861328125000
-140886.3191657160059548914432525634765625000000
-54212.4268412551609799265861511230468750000000
-21542.3085385854756168555468320846557617187500
-88531.9833691018720855936408042907714843750000
84286.2612868976866593584418296813964843750000
-20462.9393060899383272044360637664794921875000
-64614.6690384332687244750559329986572265625000
92461.7858616564917610958218574523925781250000
-31792.2949783720541745424270629882812500000000
92679.0688280514150392264127731323242187500000
-23749.4180605653637030627578496932983398437500
45292.3856955475057475268840789794921875000000
-12461.8831110824048664653673768043518066406250
8239.1394986422656074864789843559265136718750
-66861.2868691028270404785871505737304687500000
-123167.4090334547217935323715209960937500000000
48784.4737728170439368113875389099121093750000
-48296.1469786534362356178462505340576171875000
19211.2102815876351087354123592376708984375000
-19912.4986830045017995871603488922119140625000
27304.2994892591959796845912933349609375000000
-174814.1644765574019402265548706054687500000000
17038.9766779115598183125257492065429687500000
122228.5610829827346606180071830749511718750000
96590.2938980367907788604497909545898437500000
-56195.9788251615755143575370311737060546875000
-6464.4403758258931702584959566593170166015625
-126744.0018631976563483476638793945312500000000
23642.8095589998301875311881303787231445312500
88979.8134788858878891915082931518554687500000
-60902.1367721941496711224317550659179687500000
-4360.1290244304200314218178391456604003906250
-83867.7034267559502040967345237731933593750000
-44224.6581460956949740648269653320312500000000
-22768.5831250609553535468876361846923828125000
59135.8546423613224760629236698150634765625000
-34105.5861604001911473460495471954345703125000
2990.6313798459304962307214736938476562500000
31494.7217066432313004042953252792358398437500
46378.9589482232186128385365009307861328125000
8302.9394592670960264513269066810607910156250
-44700.2998899656085995957255363464355468750000
-39428.7742025323605048470199108123779296875000
13351.5871919351429824018850922584533691406250
-137453.5857199781457893550395965576171875000000
20924.5757377223453659098595380783081054687500
41938.4045062741206493228673934936523437500000
-86805.2593856149032944813370704650878906250000
-21264.0411840856941125821322202682495117187500
65978.7793453968042740598320960998535156250000
-18735.4904733919029240496456623077392578125000
-44566.0809592233708826825022697448730468750000
-9025.0794980588907492347061634063720703125000
-11963.0822578770930704195052385330200195312500
-74964.1430352202296489849686622619628906250000
-93187.0942049064178718253970146179199218750000
-711.6926505577171155891846865415573120117188
-90489.8116443769104080274701118469238281250000
-23570.7839655936222698073834180831909179687500
-60883.5210562870197463780641555786132812500000
51171.6855711370444623753428459167480468750000
3472.3221235240739588334690779447555541992188
39144.9775973026553401723504066467285156250000
28224.2848158065171446651220321655273437500000
23223.3729760280948539730161428451538085937500
21307.3248145633478998206555843353271484375000
59440.3566521514076157473027706146240234375000
-30314.6827513413772976491600275039672851562500
-85707.1358119473588885739445686340332031250000
85174.9667396231816383078694343566894531250000
-14621.1311373722437565447762608528137207031250
47858.7340119233776931650936603546142578125000
7650.7750877663384017068892717361450195312500
59403.1128637459623860195279121398925781250000
-57494.8954551230563083663582801818847656250000
70741.9708564518368802964687347412109375000000
-62141.7661466535500949248671531677246093750000
35242.0173146085726330056786537170410156250000
-86058.7128977418324211612343788146972656250000
-80343.5889115831669187173247337341308593750000
-28377.5654310463141882792115211486816406250000
21019.8383499377196130808442831039428710937500
101560.6591847109666559845209121704101562500000
40566.2006534722386277280747890472412109375000
23193.7783624358235101681202650070190429687500
32533.0622775602496403735131025314331054687500
34683.0497367693315027281641960144042968750000
53233.1603005240976926870644092559814453125000
1048.9858525820368413405958563089370727539062
-16087.6670165345949499169364571571350097656250
32280.5127453519053233321756124496459960937500
23179.0362243328199838288128376007080078125000
-44278.9199279724198277108371257781982421875000
33628.1350975566747365519404411315917968750000
-56751.8893941978240036405622959136962890625000
65645.1315949399868259206414222717285156250000
-48272.4671508792380336672067642211914062500000
35834.9691718955000396817922592163085937500000
-104060.8949539238674333319067955017089843750000
70497.6387434184289304539561271667480468750000
56790.6050952220393810421228408813476562500000
-50449.2791230267393984831869602203369140625000
4041.3942181079992224113084375858306884765625
-45585.7664213248572195880115032196044921875000
30799.3398379437167022842913866043090820312500
-22502.8151010691180999856442213058471679687500
-114282.6344120072171790525317192077636718750000
118152.7265173272171523422002792358398437500000
17179.0436294906758121214807033538818359375000
18356.0569607862962584476917982101440429687500
129.3351097162216376545984530821442604064941
-30831.2621320316975470632314682006835937500000
64241.8977349248816608451306819915771484375000
93770.7496633179980562999844551086425781250000
67969.4260535471112234517931938171386718750000
1939.5118870682699707685969769954681396484375
31264.5763777829815808217972517013549804687500
-28335.9115143602248281240463256835937500000000
65156.3961368058953667059540748596191406250000
-25856.0683952042272721882909536361694335937500
68704.5829021874233148992061614990234375000000
-43057.5781080667948117479681968688964843750000
-85115.5252777657296974211931228637695312500000
45529.3871464621115592308342456817626953125000
15561.9858285046066157519817352294921875000000
55446.5105380706736468710005283355712890625000
-28882.5526607981919369194656610488891601562500
69133.9865856366232037544250488281250000000000
-13309.1532402977081801509484648704528808593750
10443.5383499492654664209112524986267089843750
-38783.6485696920863119885325431823730468750000
87840.3212245736212935298681259155273437500000
3498.2918080550266495265532284975051879882812
18703.9585683507611975073814392089843750000000
5148.9028246638326891115866601467132568359375
24780.0151006950654846150428056716918945312500
83981.8123218935070326551795005798339843750000
12649.0964119217896950431168079376220703125000
26041.7548822595890669617801904678344726562500
-31803.1940672754535626154392957687377929687500
-32560.7632042539953545201569795608520507812500
-24355.8593390141577401664108037948608398437500
38648.4035572331631556153297424316406250000000
-44251.2013723391864914447069168090820312500000
-51695.3841198923837509937584400177001953125000
12441.4903481023447966435924172401428222656250
37249.4205059872692800126969814300537109375000
-5167.3246431593515808344818651676177978515625
-24908.9431765506997180636972188949584960937500
-48233.6074024306726641952991485595703125000000
48959.4558866998631856404244899749755859375000
48830.3067256118010845966637134552001953125000
-15590.3970680438142153434455394744873046875000
9244.8469276090709172422066330909729003906250
51494.0605748439556919038295745849609375000000
29833.9969095452470355667173862457275390625000
12829.9138695897545403568074107170104980468750
30749.1401067031547427177429199218750000000000
-8608.6102120632767764618620276451110839843750
7618.2225198082287533907219767570495605468750
-16386.6854658190168265718966722488403320312500
38443.1536533875187160447239875793457031250000
-13667.0292128435539780184626579284667968750000
70309.2071573993744095787405967712402343750000
18887.3718798096670070663094520568847656250000
-45095.1363513320829952135682106018066406250000
-69320.7462764362571761012077331542968750000000
-6776.1998978341725887730717658996582031250000
-23343.3966343954816693440079689025878906250000
25057.7182996722367533948272466659545898437500
-77658.0512242356489878147840499877929687500000
-22900.3127925948174379300326108932495117187500
5883.3193103259891358902677893638610839843750
42492.5805048836191417649388313293457031250000
4735.0108116058227096800692379474639892578125
41114.7476420628299820236861705780029296875000
21263.8080454965165699832141399383544921875000
10744.0827880331598862539976835250854492187500
33116.2190276622786768712103366851806640625000
7197.3742128066724035306833684444427490234375
22653.2799095962509454693645238876342773437500
-28829.3040261898822791408747434616088867187500
-58665.3271246597214485518634319305419921875000
-50038.9877289580908836796879768371582031250000
18267.2575514590680541004985570907592773437500
50828.6137741495258524082601070404052734375000
-34603.2603298351605189964175224304199218750000
-48833.4200714787293691188097000122070312500000
64917.2890147359721595421433448791503906250000
-28371.1465536393661750480532646179199218750000
16506.2545427998702507466077804565429687500000
5243.5221349609128083102405071258544921875000
-49238.2430888185190269723534584045410156250000
277.9621236321436299476772546768188476562500
1522.9205451533580344403162598609924316406250
45031.9142480666560004465281963348388671875000
49716.9625147712795296683907508850097656250000
10726.1508595762188633671030402183532714843750
35269.0511175752326380461454391479492187500000
3117.2773657350089706596918404102325439453125
24066.5562084284974844194948673248291015625000
-39028.1447725049656582996249198913574218750000
20104.4352642265075701288878917694091796875000
20373.9952986952630453743040561676025390625000
5032.7566404288900230312719941139221191406250
-5072.5980579676534034661017358303070068359375
21850.6809842087241122499108314514160156250000
30155.7272254106865148060023784637451171875000
1688.5468449798829624342033639550209045410156
-18738.9611875494701962452381849288940429687500
-39161.0155430464146775193512439727783203125000
33732.6802949658158468082547187805175781250000
11846.3636329208147799363359808921813964843750
-14572.7317055924359010532498359680175781250000
15886.6846536594039207557216286659240722656250
17746.0569073069636942818760871887207031250000
-41820.6156435137236258015036582946777343750000
-24320.5928152463602600619196891784667968750000
-29275.9818637873140687588602304458618164062500
-63092.4272445190217695198953151702880859375000
-2268.0539415724292666709516197443008422851562
29549.9740958073125511873513460159301757812500
11512.1205734534905786858871579170227050781250
-78038.3231770345155382528901100158691406250000
13988.2931153310546505963429808616638183593750
-13418.1705604738162946887314319610595703125000
37077.0387983844921109266579151153564453125000
-11870.0516934103125095134600996971130371093750
-10733.8614750860397180076688528060913085937500
2146.7460381057953782146796584129333496093750
-4683.3562942078287960612215101718902587890625
-18285.0987673307172372005879878997802734375000
-3844.8364149924036610173061490058898925781250
4017.8788469989176519447937607765197753906250
-214.1446734428035654218547279015183448791504
24652.7601172839822538662701845169067382812500
-33371.0378599086689064279198646545410156250000
26915.8808908518840325996279716491699218750000
-16713.1116346449161937925964593887329101562500
8473.4444325912463682470843195915222167968750
12479.5700174261801294051110744476318359375000
663.6183075441881555889267474412918090820312
-36379.3750376995376427657902240753173828125000
38432.2545677878661081194877624511718750000000
-24344.8285375342420593369752168655395507812500
22987.1695121603916049934923648834228515625000
-20679.2078835695174348074942827224731445312500
71793.4162430915748700499534606933593750000000
-20177.7695342778242775239050388336181640625000
-39790.2525023149210028350353240966796875000000
26025.7492824252803984563797712326049804687500
-35388.9158824600235675461590290069580078125000
-4351.5395791149958313326351344585418701171875
-56769.8975544884960982017219066619873046875000
-18737.1725549433976993896067142486572265625000
-30004.4690801134202047251164913177490234375000
-23054.7815907653712201863527297973632812500000
13509.7007833102725271601229906082153320312500
38363.4072068608656991273164749145507812500000
-24694.6489162164834851864725351333618164062500
26118.9325586591767205391079187393188476562500
2273.5824307428174506640061736106872558593750
16880.6031410142604727298021316528320312500000
35438.0148877055762568488717079162597656250000
-26214.8136380166652088519185781478881835937500
-23674.6377035593322943896055221557617187500000
31154.2770033668057294562458992004394531250000
-15411.8499367485837865388020873069763183593750
64743.5034306083689443767070770263671875000000
19582.8849756540657836012542247772216796875000
-5548.6914398686431013629771769046783447265625
-39344.4840513261005980893969535827636718750000
7728.3165728188514549401588737964630126953125
-16293.9829311288558528758585453033447265625000
5038.5265156780487814103253185749053955078125
-33913.0705496268419665284454822540283203125000
6972.3759899040105665335431694984436035156250
-66441.6036524218798149377107620239257812500000
5898.0335837515694947796873748302459716796875
-4374.0497028730897000059485435485839843750000
-21355.4327238505029527004808187484741210937500
5367.2794396952303941361606121063232421875000
-24580.5773821679649699945002794265747070312500
-14225.1161280268825066741555929183959960937500
-13813.1083119526720111025497317314147949218750
14075.8191050500427081715315580368041992187500
19775.5705298635075450874865055084228515625000
-21230.7501736417361826170235872268676757812500
-73624.0787834838556591421365737915039062500000
24240.3312195011894800700247287750244140625000
-33078.7586106288654264062643051147460937500000
-4273.0688438679808314191177487373352050781250
-1329.4658427844628931779880076646804809570312
4817.7026460800079803448170423507690429687500
6291.6075781756071592099033296108245849609375
6102.8438336867475300095975399017333984375000
15290.3344009534030192298814654350280761718750
17474.6439290686976164579391479492187500000000
-3065.8491001373963626974727958440780639648438
-13069.8216020502113678958266973495483398437500
-34098.8144251410849392414093017578125000000000
14223.7221238802667357958853244781494140625000
-27900.9737115288153290748596191406250000000000
-6649.4312856847727744025178253650665283203125
-16055.6164306201371800852939486503601074218750
9928.7507107801411621039733290672302246093750
-36805.9378861747318296693265438079833984375000
26238.8959294515734654851257801055908203125000
1699.2579811683140178502071648836135864257812
7401.7853897187569600646384060382843017578125
24424.0497151018171280156821012496948242187500
-8372.2435019073000148637220263481140136718750
13933.2122559345625631976872682571411132812500
-14604.2843767116282833740115165710449218750000
-1726.5457067198049116996116936206817626953125
-134.8342360305656768559856573119759559631348
-9893.7459847610134602291509509086608886718750
-30965.6621706975893175695091485977172851562500
-33568.4595192707347450777888298034667968750000
-53006.9407824404188431799411773681640625000000
1602.3204342466433445224538445472717285156250
8964.5118204107857309281826019287109375000000
12305.3033401156371837714686989784240722656250
-5351.9624355057694629067555069923400878906250
587.6427149884272012059227563440799713134766
-31366.8663505838012497406452894210815429687500
18232.1654823662174749188125133514404296875000
13881.6762046365620335564017295837402343750000
26374.0687960786017356440424919128417968750000
-33678.5719052725980873219668865203857421875000
-2302.3584530627754247689153999090194702148438
18448.8609917355934157967567443847656250000000
8147.0946006919903084053657948970794677734375
15781.2282428996168164303526282310485839843750
48139.3686502097189077176153659820556640625000
-25312.0191185546864289790391921997070312500000
10239.8857030635117553174495697021484375000000
18454.0338866274178144522011280059814453125000
-260.5051411843767823484085965901613235473633
-15249.6840675129933515563607215881347656250000
7573.0968528955399960977956652641296386718750
-20353.3730923713555966969579458236694335937500
745.6726710942774616341921500861644744873047
-317.0717328049410639323468785732984542846680
18457.9839258445026644039899110794067382812500
22968.8019254737191658932715654373168945312500
-16143.4256356768219120567664504051208496093750
5724.0208195571685791946947574615478515625000
3088.3662143129467949620448052883148193359375
9986.7412170362895267317071557044982910156250
-3448.5491845939759514294564723968505859375000
34834.1005324285724782384932041168212890625000
11211.1344231145976664265617728233337402343750
-30867.2395712428769911639392375946044921875000
-7849.7107948246621162979863584041595458984375
552.1113252729711575739202089607715606689453
-6887.4850222561990449321456253528594970703125
-7605.0526639246372724301181733608245849609375
8179.4979658675738392048515379428863525390625
-24975.3841772463310917373746633529663085937500
12927.8264296459092292934656143188476562500000
-25811.6341982828271284233778715133666992187500
3875.4852633072209755482617765665054321289062
-332.0678808065684393113770056515932083129883
-3714.9513284514018778281752020120620727539062
5486.8852257035277943941764533519744873046875
4576.2579252953164541395381093025207519531250
24025.2835280204963055439293384552001953125000
8435.1314540741132077528163790702819824218750
-10183.6261946396152779925614595413208007812500
-5841.2883748608064706786535680294036865234375
-594.2728153784046298824250698089599609375000
2062.7577075183689885307103395462036132812500
1811.0609967290179156407248228788375854492188
365.4514131474267628618690650910139083862305
6340.2626618285539734642952680587768554687500
11334.5265143361302762059494853019714355468750
-3153.5452579735842846275772899389266967773438
28263.9418653661668940912932157516479492187500
-4490.9383987607234303141012787818908691406250
15218.4630068503865913953632116317749023437500
-12134.2868856020122620975598692893981933593750
19900.0019359967373020481318235397338867187500
-5502.7674219629889194038696587085723876953125
-15750.8492209725609427550807595252990722656250
6199.3407472847165990970097482204437255859375
3534.7993747026707751501817256212234497070312
6248.7723410784956286079250276088714599609375
4003.7982202369707920297514647245407104492188
12709.3072431808868714142590761184692382812500
10173.3322875948906585108488798141479492187500
13886.1807811146900348830968141555786132812500
18036.2695242293229966890066862106323242187500
3524.1595091431263426784425973892211914062500
-13475.1858970805842545814812183380126953125000
8173.8253554401408109697513282299041748046875
-5062.2495634111091931117698550224304199218750
20342.5635644165813573636114597320556640625000
18322.6196919067551789339631795883178710937500
12951.6475834342982125235721468925476074218750
3286.9535798854562926862854510545730590820312
2263.2060012157521668996196240186691284179688
-14173.8592655783577356487512588500976562500000
-1463.2558317480900313967140391469001770019531
-5902.6979938659496838226914405822753906250000
8408.4164715155748126562684774398803710937500
9302.3214756838442553998902440071105957031250
-4926.2070946787143839173950254917144775390625
7744.0952226495110153337009251117706298828125
2866.9181425727515488688368350267410278320312
2194.5536653553449468745384365320205688476562
8534.1078560793466749601066112518310546875000
-705.8835612406629707038518972694873809814453
10111.6370853024800453567877411842346191406250
-2163.2030036303153792687226086854934692382812
3488.9682906132316020375583320856094360351562
4862.6469110480720701161772012710571289062500
5833.6197127290770367835648357868194580078125
14752.7252079240297462092712521553039550781250
3681.3916969059478105918969959020614624023438
-21464.0207761711972125340253114700317382812500
14449.1356492313570925034582614898681640625000
12102.7550880669241450959816575050354003906250
-30820.6747643751041323412209749221801757812500
15020.2931702512214542366564273834228515625000
21144.6644718601783097255975008010864257812500
-5785.4278370334650389850139617919921875000000
-8423.9965790834703511791303753852844238281250
11882.4287337872647185577079653739929199218750
3598.6881076282879803329706192016601562500000
-19981.0654935023303551133722066879272460937500
-427.1657191675369062977551948279142379760742
1251.8454411563266148732509464025497436523438
-13973.8695894359170779353007674217224121093750
7157.4694293715501771657727658748626708984375
-21103.7961717855323513504117727279663085937500
17459.6070289040653733536601066589355468750000
5917.6274807788749967585317790508270263671875
-11532.4447017721940937917679548263549804687500
-2403.8778259508349037787411361932754516601562
-6053.9422617873242415953427553176879882812500
8326.4313578613746358314529061317443847656250
4274.4261591073927775141783058643341064453125
4178.2255419618231826461851596832275390625000
8072.7462610206530371215194463729858398437500
-14433.9667535981370747322216629981994628906250
-15268.7129461657114006811752915382385253906250
-17175.0835823441848333459347486495971679687500
-84.6675728681368866546108620241284370422363
-12524.5364779708434070926159620285034179687500
-4990.8379624440367479110136628150939941406250
7080.5248838617453657207079231739044189453125
-14311.2784135636211431119590997695922851562500
-14976.2283370090117387007921934127807617187500
3484.2924967901535637793131172657012939453125
-8960.8163428998032031813636422157287597656250
-8339.2208084855519700795412063598632812500000
12065.2286825034061621408909559249877929687500
-12542.3180241091286006849259138107299804687500
2931.5129835043335333466529846191406250000000
27327.9717155785874638240784406661987304687500
3130.4977104332106137007940560579299926757812
-9456.1684164606085687410086393356323242187500
7417.7718162866185593884438276290893554687500
-671.7740297436655509955016896128654479980469
4011.1312756527463534439448267221450805664062
-16960.9528663125274761114269495010375976562500
-13002.4960260300613299477845430374145507812500
-3588.2885500544675778655800968408584594726562
17397.9799789982535003218799829483032226562500
-15397.4793100413771753665059804916381835937500
690.7424527155202440553694032132625579833984
-3365.4731357898454007226973772048950195312500
-8639.1564704893007728969678282737731933593750
2168.2438993923319685563910752534866333007812
10638.5643741641451924806460738182067871093750
8842.2125351510076143313199281692504882812500
-23683.8923524975289183203130960464477539062500
2429.1592410375874351302627474069595336914062
3172.0896174232861994823906570672988891601562
-6993.4654898923408836708404123783111572265625
1507.3119400118621342699043452739715576171875
-6173.8246244630536239128559827804565429687500
-20082.4915322622800886165350675582885742187500
-4570.3791477580734863295219838619232177734375
-24847.1219638196598680224269628524780273437500
8347.7348502939821628388017416000366210937500
10969.9821959519940719474107027053833007812500
9272.3387599578472872963175177574157714843750
20577.6295493559664464555680751800537109375000
-2489.7972342924904296523891389369964599609375
-6840.6561762504043144872412085533142089843750
8496.9097444116814585868269205093383789062500
16833.2268983751382620539516210556030273437500
-3281.9445407852463176823221147060394287109375
-2347.1709826851688376336824148893356323242188
13249.2403087497896194690838456153869628906250
