-0.7586000724991210919512241162010468542576
742.3221979453869607823435217142105102539062
-119930.0748578495695255696773529052734375000000
7555982.1102502355352044105529785156250000000000
-253968451.6251644492149353027343750000000000000000
5283475546.5143108367919921875000000000000000000000
-73922115378.8671112060546875000000000000000000000000
731545179123.0185546875000000000000000000000000000000
-5282085234476.4794921875000000000000000000000000000000
28314090129270.3437500000000000000000000000000000000000
-113280562342200.9375000000000000000000000000000000000000
335417344389739.2500000000000000000000000000000000000000
-713019539685825.3750000000000000000000000000000000000000
1003919529024875.2500000000000000000000000000000000000000
-704569584118193.0000000000000000000000000000000000000000
-271182862495063.8437500000000000000000000000000000000000
874504245771181.7500000000000000000000000000000000000000
-40118030534537.0859375000000000000000000000000000000000
-1120833343516655.3750000000000000000000000000000000000000
648268629800276.8750000000000000000000000000000000000000
339162007772081.6875000000000000000000000000000000000000
345186981073492.1250000000000000000000000000000000000000
-854621233237311.0000000000000000000000000000000000000000
-448687403035433.8125000000000000000000000000000000000000
554579755250774.2500000000000000000000000000000000000000
616556527697702.6250000000000000000000000000000000000000
147464393812487.1562500000000000000000000000000000000000
-649218399048418.7500000000000000000000000000000000000000
-559947410904569.6250000000000000000000000000000000000000
381245915757760.1875000000000000000000000000000000000000
68792697799146.9609375000000000000000000000000000000000
167538602784150.1562500000000000000000000000000000000000
309878623529194.3750000000000000000000000000000000000000
-61752759788215.8125000000000000000000000000000000000000
64991610339932.4375000000000000000000000000000000000000
-355798735899638.9375000000000000000000000000000000000000
-389669835201144.9375000000000000000000000000000000000000
16487878742203.4550781250000000000000000000000000000000
24752604319364.8867187500000000000000000000000000000000
159730804638693.6562500000000000000000000000000000000000
252133652797330.3750000000000000000000000000000000000000
464773892858810.6250000000000000000000000000000000000000
119021961343201.6875000000000000000000000000000000000000
-209333745135649.7187500000000000000000000000000000000000
-323272901378252.2500000000000000000000000000000000000000
-231205074750380.8125000000000000000000000000000000000000
-327041619622631.8125000000000000000000000000000000000000
58599612229199.5703125000000000000000000000000000000000
-103811494776648.0000000000000000000000000000000000000000
112609687708554.1562500000000000000000000000000000000000
-160984526405630.0312500000000000000000000000000000000000
848993977304978.5000000000000000000000000000000000000000
118642153171798.0937500000000000000000000000000000000000
7190680452417.5732421875000000000000000000000000000000
149861856372027.3437500000000000000000000000000000000000
121822294048306.2343750000000000000000000000000000000000
209357799589302.1562500000000000000000000000000000000000
-753486241496588.5000000000000000000000000000000000000000
-320482594740555.6250000000000000000000000000000000000000
-452473201221566.3750000000000000000000000000000000000000
-176846952591199.9687500000000000000000000000000000000000
-359957503501787.3750000000000000000000000000000000000000
182300008382890.0000000000000000000000000000000000000000
414121326496368.5000000000000000000000000000000000000000
331214512330262.3750000000000000000000000000000000000000
443653721986740.9375000000000000000000000000000000000000
26626334805514.0429687500000000000000000000000000000000
530835831774525.2500000000000000000000000000000000000000
235418719390885.2500000000000000000000000000000000000000
-220824049213818.8125000000000000000000000000000000000000
424132238724161.2500000000000000000000000000000000000000
-206107140199950.2500000000000000000000000000000000000000
-602478026315166.3750000000000000000000000000000000000000
-534482074788033.3750000000000000000000000000000000000000
-207241250220515.6875000000000000000000000000000000000000
186378694447968.0000000000000000000000000000000000000000
-725570466645540.6250000000000000000000000000000000000000
-142733076754021.0625000000000000000000000000000000000000
-336995571428273.6875000000000000000000000000000000000000
251556150446505.0000000000000000000000000000000000000000
36316640019154.3359375000000000000000000000000000000000
147533464803755.5937500000000000000000000000000000000000
320258301342675.0625000000000000000000000000000000000000
479301054874928.0000000000000000000000000000000000000000
749961929923618.7500000000000000000000000000000000000000
92241828458015.1406250000000000000000000000000000000000
377127905855562.1250000000000000000000000000000000000000
692247283486704.7500000000000000000000000000000000000000
-271739350986420.6562500000000000000000000000000000000000
-164906144988998.0937500000000000000000000000000000000000
-324771684254394.6875000000000000000000000000000000000000
263307408488479.5000000000000000000000000000000000000000
-796694766258501.8750000000000000000000000000000000000000
-677735107321945.6250000000000000000000000000000000000000
-124208627708225.2656250000000000000000000000000000000000
-482173544840588.6250000000000000000000000000000000000000
-327901552020002.0625000000000000000000000000000000000000
-90375456774773.6093750000000000000000000000000000000000
-16858049374884.8632812500000000000000000000000000000000
-381198280881497.3750000000000000000000000000000000000000
311089512479223.4375000000000000000000000000000000000000
392919586004711.0000000000000000000000000000000000000000
408995967553446.6875000000000000000000000000000000000000
-9083586974288.8535156250000000000000000000000000000000
21962108700134.4062500000000000000000000000000000000000
62089481497002.2578125000000000000000000000000000000000
633359976085938.8750000000000000000000000000000000000000
313112876098529.5625000000000000000000000000000000000000
-283031129175274.6875000000000000000000000000000000000000
447910362089941.4375000000000000000000000000000000000000
409032068147698.4375000000000000000000000000000000000000
-138044800209109.4687500000000000000000000000000000000000
186644019534975.3750000000000000000000000000000000000000
126789918996119.9531250000000000000000000000000000000000
-174489603107779.4062500000000000000000000000000000000000
183241177067396.3750000000000000000000000000000000000000
-120281042799267.4843750000000000000000000000000000000000
-284123968241336.1250000000000000000000000000000000000000
29247168814216.7656250000000000000000000000000000000000
-271869519219765.8437500000000000000000000000000000000000
-433010143408051.3750000000000000000000000000000000000000
-600601285817628.3750000000000000000000000000000000000000
-595820937138413.8750000000000000000000000000000000000000
-14240678603441.6464843750000000000000000000000000000000
-471280662447566.8750000000000000000000000000000000000000
-19513305632013.4921875000000000000000000000000000000000
178945527396136.7812500000000000000000000000000000000000
-156982244900296.1562500000000000000000000000000000000000
401544614165647.2500000000000000000000000000000000000000
60844928017157.1093750000000000000000000000000000000000
208958673923648.5312500000000000000000000000000000000000
-179783773083239.0625000000000000000000000000000000000000
228951217049879.2500000000000000000000000000000000000000
117408949529406.9843750000000000000000000000000000000000
459992473517135.6875000000000000000000000000000000000000
-104455282885581.7500000000000000000000000000000000000000
176330771930998.0937500000000000000000000000000000000000
198928833479976.5937500000000000000000000000000000000000
34996518522404.5585937500000000000000000000000000000000
219998835528128.5937500000000000000000000000000000000000
370797177356319.3750000000000000000000000000000000000000
185343912621544.5625000000000000000000000000000000000000
376309866353638.8125000000000000000000000000000000000000
125962841939005.6718750000000000000000000000000000000000
424020295506042.4375000000000000000000000000000000000000
-113047663354748.5312500000000000000000000000000000000000
-80341520765370.8125000000000000000000000000000000000000
-123488394626338.4218750000000000000000000000000000000000
-376013881306783.8125000000000000000000000000000000000000
-9780933473251.5742187500000000000000000000000000000000
-470996047952333.6875000000000000000000000000000000000000
-457444960687300.5625000000000000000000000000000000000000
247073410586092.4062500000000000000000000000000000000000
-84964715672352.5781250000000000000000000000000000000000
-390706140649790.8125000000000000000000000000000000000000
-154679344906535.1250000000000000000000000000000000000000
-376213965974904.3125000000000000000000000000000000000000
-411633638514685.1875000000000000000000000000000000000000
-331013040936185.5000000000000000000000000000000000000000
399102521352601.6250000000000000000000000000000000000000
163551700048925.9375000000000000000000000000000000000000
-364455014827500.5000000000000000000000000000000000000000
-124196657130935.4218750000000000000000000000000000000000
-175754194009992.5000000000000000000000000000000000000000
-447153804086066.8750000000000000000000000000000000000000
554337536748895.1875000000000000000000000000000000000000
-250622508518610.2500000000000000000000000000000000000000
38387777660059.6484375000000000000000000000000000000000
182254340917921.5625000000000000000000000000000000000000
84132252310717.1562500000000000000000000000000000000000
234875398506155.4375000000000000000000000000000000000000
311445628955051.1875000000000000000000000000000000000000
136863436000911.8437500000000000000000000000000000000000
62375877813116.4609375000000000000000000000000000000000
892259998560393.7500000000000000000000000000000000000000
199225513309892.1875000000000000000000000000000000000000
138776536966690.4375000000000000000000000000000000000000
313223347340103.6875000000000000000000000000000000000000
-92584879173805.1406250000000000000000000000000000000000
47299734854395.7968750000000000000000000000000000000000
-99887624529952.0312500000000000000000000000000000000000
506812727930160.3125000000000000000000000000000000000000
171276297059031.5312500000000000000000000000000000000000
-57166841470698.8046875000000000000000000000000000000000
-20682779895486.0664062500000000000000000000000000000000
-114309337079164.1250000000000000000000000000000000000000
-172320673417686.6875000000000000000000000000000000000000
320407847381755.0625000000000000000000000000000000000000
-89006259390001.9531250000000000000000000000000000000000
-154802234799553.5312500000000000000000000000000000000000
-689588012208484.1250000000000000000000000000000000000000
67709132193742.2968750000000000000000000000000000000000
287382550288942.5000000000000000000000000000000000000000
-419158191048263.9375000000000000000000000000000000000000
234793994068884.0625000000000000000000000000000000000000
-153569486273772.2812500000000000000000000000000000000000
-490115296298690.6875000000000000000000000000000000000000
-293457056390920.8125000000000000000000000000000000000000
43505110452309.7265625000000000000000000000000000000000
107347172871385.6093750000000000000000000000000000000000
-250699020551050.2500000000000000000000000000000000000000
-925503707197242.0000000000000000000000000000000000000000
-421924324347739.6250000000000000000000000000000000000000
476750099032559.3125000000000000000000000000000000000000
152724116910020.1250000000000000000000000000000000000000
-886604165852507.5000000000000000000000000000000000000000
25159764952355.9296875000000000000000000000000000000000
-19769958763296.5664062500000000000000000000000000000000
153102156344414.4062500000000000000000000000000000000000
-295329833896732.4375000000000000000000000000000000000000
252229405999162.2500000000000000000000000000000000000000
569596305294975.6250000000000000000000000000000000000000
252692508426120.0312500000000000000000000000000000000000
-166764464144797.2187500000000000000000000000000000000000
-363309009788207.0625000000000000000000000000000000000000
299296335689297.3125000000000000000000000000000000000000
655018334668248.7500000000000000000000000000000000000000
170204993179147.6250000000000000000000000000000000000000
121337332005053.8125000000000000000000000000000000000000
-96399876331322.5000000000000000000000000000000000000000
197559301251562.5312500000000000000000000000000000000000
103156498215419.8437500000000000000000000000000000000000
-217318080843037.3750000000000000000000000000000000000000
540474872321466.4375000000000000000000000000000000000000
148376260338986.8750000000000000000000000000000000000000
346539387402312.4375000000000000000000000000000000000000
-555118180387485.6875000000000000000000000000000000000000
9890369815510.9335937500000000000000000000000000000000
593518594188254.8750000000000000000000000000000000000000
429226426891378.4375000000000000000000000000000000000000
683550967184061.7500000000000000000000000000000000000000
47410778988559.7968750000000000000000000000000000000000
-49404597655168.3515625000000000000000000000000000000000
-20746961168018.8750000000000000000000000000000000000000
-79849147575737.7812500000000000000000000000000000000000
-28607534401634.4687500000000000000000000000000000000000
-233642481337382.6562500000000000000000000000000000000000
-439574746566584.9375000000000000000000000000000000000000
-187479010683010.8750000000000000000000000000000000000000
27033175435685.7812500000000000000000000000000000000000
-159109139183352.0312500000000000000000000000000000000000
-109665600662043.2343750000000000000000000000000000000000
-296998084385721.6875000000000000000000000000000000000000
15529366501952.1640625000000000000000000000000000000000
132193709084567.5937500000000000000000000000000000000000
25464480001391.6328125000000000000000000000000000000000
-3321632040755.7519531250000000000000000000000000000000
-215123359453640.0937500000000000000000000000000000000000
-622466362916975.0000000000000000000000000000000000000000
115796931068701.5000000000000000000000000000000000000000
-638833401893219.0000000000000000000000000000000000000000
74698835756024.2968750000000000000000000000000000000000
447978619479810.6875000000000000000000000000000000000000
-340057394391651.6250000000000000000000000000000000000000
-53541174824681.6484375000000000000000000000000000000000
-306349000907630.3750000000000000000000000000000000000000
-20375011498059.1992187500000000000000000000000000000000
-300462714388798.6250000000000000000000000000000000000000
-380871716691179.0625000000000000000000000000000000000000
283780132969460.7500000000000000000000000000000000000000
16147207828365.1093750000000000000000000000000000000000
573079632840109.5000000000000000000000000000000000000000
-143152832271560.3437500000000000000000000000000000000000
-210916878613384.5937500000000000000000000000000000000000
705159269037238.7500000000000000000000000000000000000000
-450313605930011.3750000000000000000000000000000000000000
159638174756205.4687500000000000000000000000000000000000
-212992006637679.6562500000000000000000000000000000000000
641291810072501.5000000000000000000000000000000000000000
-164127244231026.1875000000000000000000000000000000000000
-128005558281591.5781250000000000000000000000000000000000
-421454716064615.0625000000000000000000000000000000000000
77744880427172.2500000000000000000000000000000000000000
457485651983762.0625000000000000000000000000000000000000
-286281664688347.1875000000000000000000000000000000000000
646611558457984.2500000000000000000000000000000000000000
-193645389211843.2187500000000000000000000000000000000000
-5525010632557.1884765625000000000000000000000000000000
-82583303583530.3281250000000000000000000000000000000000
-25340919274897.6875000000000000000000000000000000000000
-266062926709638.0937500000000000000000000000000000000000
-41318917181198.1328125000000000000000000000000000000000
610650479823827.5000000000000000000000000000000000000000
-99333817326904.4218750000000000000000000000000000000000
145545936981367.7500000000000000000000000000000000000000
-358317380825153.6250000000000000000000000000000000000000
180430520715126.0312500000000000000000000000000000000000
-157863894686145.5625000000000000000000000000000000000000
663873883450241.6250000000000000000000000000000000000000
148606316338126.9375000000000000000000000000000000000000
-109320497295659.8281250000000000000000000000000000000000
215724367114546.5000000000000000000000000000000000000000
275282347116475.1562500000000000000000000000000000000000
208696895497251.8750000000000000000000000000000000000000
-96878021024718.4062500000000000000000000000000000000000
265926866656770.5312500000000000000000000000000000000000
-259736158877149.2187500000000000000000000000000000000000
-212513179820388.0000000000000000000000000000000000000000
466998491138983.1875000000000000000000000000000000000000
201681768143168.0937500000000000000000000000000000000000
-84967475929923.5781250000000000000000000000000000000000
161807859917943.6250000000000000000000000000000000000000
296198389372058.1250000000000000000000000000000000000000
-76023727047231.4375000000000000000000000000000000000000
-614505140469730.1250000000000000000000000000000000000000
-196364804489484.4062500000000000000000000000000000000000
-279855294074418.5000000000000000000000000000000000000000
68763062524093.7109375000000000000000000000000000000000
-286046395394242.8750000000000000000000000000000000000000
52315184661522.5546875000000000000000000000000000000000
-155397221887606.6250000000000000000000000000000000000000
752458551281924.7500000000000000000000000000000000000000
-28094868765955.3554687500000000000000000000000000000000
577326692128566.0000000000000000000000000000000000000000
-335733591987325.1250000000000000000000000000000000000000
-427856341636778.4375000000000000000000000000000000000000
-86252025553173.2968750000000000000000000000000000000000
-206792230676409.1875000000000000000000000000000000000000
-358953894082347.0000000000000000000000000000000000000000
-154806082489578.9062500000000000000000000000000000000000
-225698972812953.5000000000000000000000000000000000000000
-49287439602047.9296875000000000000000000000000000000000
39075384157106.6640625000000000000000000000000000000000
338119731981913.3750000000000000000000000000000000000000
-360351721735208.1875000000000000000000000000000000000000
-160322098680246.1250000000000000000000000000000000000000
-277514815861601.0000000000000000000000000000000000000000
631479312976821.0000000000000000000000000000000000000000
305042153929701.8125000000000000000000000000000000000000
-496139874553644.8750000000000000000000000000000000000000
-9971967827783.5566406250000000000000000000000000000000
-425162390398340.8750000000000000000000000000000000000000
-654647083097823.3750000000000000000000000000000000000000
-525181276737978.3125000000000000000000000000000000000000
-220074031143044.3750000000000000000000000000000000000000
116143890480316.5625000000000000000000000000000000000000
-235300861460676.2500000000000000000000000000000000000000
289415588606724.6875000000000000000000000000000000000000
308334518922642.6250000000000000000000000000000000000000
-515054882876223.0625000000000000000000000000000000000000
287352118787036.6875000000000000000000000000000000000000
150051115624019.2812500000000000000000000000000000000000
272533944866036.2812500000000000000000000000000000000000
-351550526221638.2500000000000000000000000000000000000000
416478360156522.8750000000000000000000000000000000000000
514705810578168.6875000000000000000000000000000000000000
-93421393104736.5312500000000000000000000000000000000000
-260839794888960.3750000000000000000000000000000000000000
150147977838328.5000000000000000000000000000000000000000
-382457574086568.2500000000000000000000000000000000000000
-70172843397227.2031250000000000000000000000000000000000
104935499936602.4687500000000000000000000000000000000000
51755099230976.2265625000000000000000000000000000000000
400738329343850.6250000000000000000000000000000000000000
584829623454686.2500000000000000000000000000000000000000
871489373517817.3750000000000000000000000000000000000000
177779550053299.3125000000000000000000000000000000000000
99551371389685.2031250000000000000000000000000000000000
-50908751625998.4765625000000000000000000000000000000000
159829166391480.2500000000000000000000000000000000000000
-538027931595818.9375000000000000000000000000000000000000
882543963772740.7500000000000000000000000000000000000000
103150953533558.9375000000000000000000000000000000000000
300042388036733.8125000000000000000000000000000000000000
-122785397607931.7968750000000000000000000000000000000000
-478853404351486.7500000000000000000000000000000000000000
149902761082677.8437500000000000000000000000000000000000
-227172066913656.9375000000000000000000000000000000000000
192095047681079.2500000000000000000000000000000000000000
-309243620685066.8125000000000000000000000000000000000000
-77860023293754.4218750000000000000000000000000000000000
430521078491215.6875000000000000000000000000000000000000
234071086570880.7500000000000000000000000000000000000000
-19642151253912.8085937500000000000000000000000000000000
-211137165608826.8750000000000000000000000000000000000000
73384645758222.1562500000000000000000000000000000000000
52842286616037.5078125000000000000000000000000000000000
392860285051011.3125000000000000000000000000000000000000
-512645854143544.0000000000000000000000000000000000000000
-132570675649736.2187500000000000000000000000000000000000
-607828138231018.6250000000000000000000000000000000000000
-127771967220403.4062500000000000000000000000000000000000
75523732173349.2656250000000000000000000000000000000000
-149923402551143.6562500000000000000000000000000000000000
-366109984956012.3125000000000000000000000000000000000000
-174233224833512.2812500000000000000000000000000000000000
15578978178320.3828125000000000000000000000000000000000
589711628910534.6250000000000000000000000000000000000000
123225481909035.3437500000000000000000000000000000000000
-408435467339783.0625000000000000000000000000000000000000
410376361342016.8750000000000000000000000000000000000000
-71432079951548.4531250000000000000000000000000000000000
236714719062694.7812500000000000000000000000000000000000
-330182291020280.4375000000000000000000000000000000000000
299078273272642.7500000000000000000000000000000000000000
-342149859701955.3750000000000000000000000000000000000000
-148318083232082.0312500000000000000000000000000000000000
432118597701841.7500000000000000000000000000000000000000
230264348823382.5625000000000000000000000000000000000000
-385229515382958.0625000000000000000000000000000000000000
-437969578939213.4375000000000000000000000000000000000000
-73597014093063.3437500000000000000000000000000000000000
-444679657358634.1250000000000000000000000000000000000000
209960899901427.5000000000000000000000000000000000000000
627731153705106.6250000000000000000000000000000000000000
69076214394199.1250000000000000000000000000000000000000
-87326105910047.7812500000000000000000000000000000000000
-217175332623123.7187500000000000000000000000000000000000
44389305743771.2812500000000000000000000000000000000000
6913021747615.3496093750000000000000000000000000000000
207632571635052.2187500000000000000000000000000000000000
-78299225888515.9062500000000000000000000000000000000000
-370120772881928.8750000000000000000000000000000000000000
-275475896879426.6250000000000000000000000000000000000000
-746409486765169.0000000000000000000000000000000000000000
-371683120000171.4375000000000000000000000000000000000000
511466519757852.3125000000000000000000000000000000000000
574957951990341.3750000000000000000000000000000000000000
-565194630500609.1250000000000000000000000000000000000000
728427043152174.7500000000000000000000000000000000000000
38206584360710.6562500000000000000000000000000000000000
13382780764720.0625000000000000000000000000000000000000
36773254855728.1953125000000000000000000000000000000000
-998926481130892.5000000000000000000000000000000000000000
43987906416776.2343750000000000000000000000000000000000
-270543013087366.1562500000000000000000000000000000000000
142269414544411.6875000000000000000000000000000000000000
-210636901502566.3125000000000000000000000000000000000000
283213001531424.8125000000000000000000000000000000000000
-396759541506801.3750000000000000000000000000000000000000
6262467233293.5478515625000000000000000000000000000000
-135420224477317.8437500000000000000000000000000000000000
321977225986567.8750000000000000000000000000000000000000
561083565734556.2500000000000000000000000000000000000000
361576844090980.2500000000000000000000000000000000000000
554773592294008.5000000000000000000000000000000000000000
-126778971967580.7812500000000000000000000000000000000000
-624170311745020.1250000000000000000000000000000000000000
-347509746252631.3125000000000000000000000000000000000000
49964531103119.6328125000000000000000000000000000000000
335084005324622.7500000000000000000000000000000000000000
375311814185511.0625000000000000000000000000000000000000
51027959036483.8515625000000000000000000000000000000000
-89233246393324.3437500000000000000000000000000000000000
409451171876627.1875000000000000000000000000000000000000
-461509162590206.1875000000000000000000000000000000000000
-72698273696305.8437500000000000000000000000000000000000
520616853606273.5000000000000000000000000000000000000000
378952013288602.4375000000000000000000000000000000000000
-34316992446026.3242187500000000000000000000000000000000
-239094466167341.5937500000000000000000000000000000000000
-688246537982797.6250000000000000000000000000000000000000
-420207607935667.5000000000000000000000000000000000000000
-293475901343442.2500000000000000000000000000000000000000
-141350519632325.0937500000000000000000000000000000000000
551116625465612.4375000000000000000000000000000000000000
766398490469407.1250000000000000000000000000000000000000
-161898224483556.6250000000000000000000000000000000000000
181113282667532.6250000000000000000000000000000000000000
312202256491435.0625000000000000000000000000000000000000
690911319310189.5000000000000000000000000000000000000000
-213250227734125.8437500000000000000000000000000000000000
270880124056996.0312500000000000000000000000000000000000
-109665985754877.3906250000000000000000000000000000000000
181529795081200.0312500000000000000000000000000000000000
616516732726687.1250000000000000000000000000000000000000
-362497057090050.1250000000000000000000000000000000000000
-193210499733415.0937500000000000000000000000000000000000
-774833877800226.2500000000000000000000000000000000000000
-13828558380392.8671875000000000000000000000000000000000
433780189468895.0625000000000000000000000000000000000000
170563394621308.0625000000000000000000000000000000000000
316373602789497.5000000000000000000000000000000000000000
351065249596993.5000000000000000000000000000000000000000
-290804307541467.0000000000000000000000000000000000000000
-94436306056175.5781250000000000000000000000000000000000
-64800858265131.8203125000000000000000000000000000000000
-541136770184292.8750000000000000000000000000000000000000
-695927417641262.3750000000000000000000000000000000000000
907198091730836.8750000000000000000000000000000000000000
-56325876633484.1015625000000000000000000000000000000000
-62138737158725.3437500000000000000000000000000000000000
-177432760014514.9062500000000000000000000000000000000000
-156548724896819.8437500000000000000000000000000000000000
448006705715725.1875000000000000000000000000000000000000
-532637226040958.3750000000000000000000000000000000000000
902477820482127.6250000000000000000000000000000000000000
106428792527725.8750000000000000000000000000000000000000
231054463262855.6562500000000000000000000000000000000000
-367058332705568.1250000000000000000000000000000000000000
40536085124861.0625000000000000000000000000000000000000
-378727555100370.8125000000000000000000000000000000000000
-298741825632679.1875000000000000000000000000000000000000
173959903469157.5000000000000000000000000000000000000000
-526800307523721.6250000000000000000000000000000000000000
-226385397395076.6875000000000000000000000000000000000000
-33868998772438.9726562500000000000000000000000000000000
169534369492018.9687500000000000000000000000000000000000
366397085664583.0000000000000000000000000000000000000000
-465569999986883.4375000000000000000000000000000000000000
613181940357023.2500000000000000000000000000000000000000
-186639626563195.9062500000000000000000000000000000000000
-957622527735592.0000000000000000000000000000000000000000
-187836058843014.0312500000000000000000000000000000000000
157591880577856.4062500000000000000000000000000000000000
340420287895312.3750000000000000000000000000000000000000
151126088062392.4375000000000000000000000000000000000000
410712516408997.5625000000000000000000000000000000000000
-140298488159226.1562500000000000000000000000000000000000
218102619147823.2187500000000000000000000000000000000000
64085544046887.6953125000000000000000000000000000000000
213177580882468.5625000000000000000000000000000000000000
-702325139109595.3750000000000000000000000000000000000000
116619915263660.7187500000000000000000000000000000000000
540014659885668.3125000000000000000000000000000000000000
-650322835660601.6250000000000000000000000000000000000000
166993407602067.3750000000000000000000000000000000000000
-586884587406356.6250000000000000000000000000000000000000
-384830464092929.5000000000000000000000000000000000000000
-137442568572251.2500000000000000000000000000000000000000
-590948764275765.3750000000000000000000000000000000000000
426069092460137.5625000000000000000000000000000000000000
190798657276784.1875000000000000000000000000000000000000
-60982347789641.6171875000000000000000000000000000000000
-469183310990535.5000000000000000000000000000000000000000
413843380486475.0625000000000000000000000000000000000000
403601415419901.7500000000000000000000000000000000000000
713549250154235.3750000000000000000000000000000000000000
-370495348638781.8125000000000000000000000000000000000000
140981574738187.5000000000000000000000000000000000000000
-444590635438097.3750000000000000000000000000000000000000
-18243597856198.8906250000000000000000000000000000000000
-193074640275971.0000000000000000000000000000000000000000
-596182456445858.8750000000000000000000000000000000000000
-386263189384435.1250000000000000000000000000000000000000
-164145554431137.1250000000000000000000000000000000000000
-264711479942742.3750000000000000000000000000000000000000
-23947162754799.4257812500000000000000000000000000000000
-334384123204692.2500000000000000000000000000000000000000
401405083946037.6250000000000000000000000000000000000000
596241037986291.0000000000000000000000000000000000000000
275633797868723.1875000000000000000000000000000000000000
-33861311833158.3085937500000000000000000000000000000000
259312710293943.8437500000000000000000000000000000000000
240933066040191.9375000000000000000000000000000000000000
39606456207810.6796875000000000000000000000000000000000
368707126488609.6875000000000000000000000000000000000000
-449165226916955.9375000000000000000000000000000000000000
-241973021346460.8437500000000000000000000000000000000000
18274723389874.5859375000000000000000000000000000000000
-587107512722475.8750000000000000000000000000000000000000
620559793911688.6250000000000000000000000000000000000000
-496299851956779.7500000000000000000000000000000000000000
270897807931019.2812500000000000000000000000000000000000
-84354965555628.5781250000000000000000000000000000000000
547997095147221.1875000000000000000000000000000000000000
-739678688860178.6250000000000000000000000000000000000000
187470698443240.9062500000000000000000000000000000000000
-28468890473962.8046875000000000000000000000000000000000
495517765814849.3125000000000000000000000000000000000000
729959605475461.6250000000000000000000000000000000000000
604725363633272.0000000000000000000000000000000000000000
516899238958469.6250000000000000000000000000000000000000
-469867554150595.7500000000000000000000000000000000000000
840341301103319.6250000000000000000000000000000000000000
273550567183902.5937500000000000000000000000000000000000
-52935699262089.2265625000000000000000000000000000000000
-60099080501205.8281250000000000000000000000000000000000
-60539390962623.8437500000000000000000000000000000000000
260493116700471.5625000000000000000000000000000000000000
1036801239081035.2500000000000000000000000000000000000000
-107313900757428.2812500000000000000000000000000000000000
-444560388101134.0625000000000000000000000000000000000000
-404994116344332.1875000000000000000000000000000000000000
-321741120716520.3125000000000000000000000000000000000000
-404154779789448.0625000000000000000000000000000000000000
-606900655094411.0000000000000000000000000000000000000000
167779367123923.0937500000000000000000000000000000000000
253147480315084.8125000000000000000000000000000000000000
-436734112120907.1875000000000000000000000000000000000000
59150495026430.4218750000000000000000000000000000000000
516303457385311.9375000000000000000000000000000000000000
-155190726420783.3437500000000000000000000000000000000000
-28954425116841.2382812500000000000000000000000000000000
925315823664111.2500000000000000000000000000000000000000
79632386213438.6875000000000000000000000000000000000000
-668989221447457.7500000000000000000000000000000000000000
-138463471919470.1562500000000000000000000000000000000000
49083372525981.9843750000000000000000000000000000000000
-369700115960669.3750000000000000000000000000000000000000
-645575466051833.5000000000000000000000000000000000000000
45580726615069.7109375000000000000000000000000000000000
490248652475699.1875000000000000000000000000000000000000
195352889219293.3125000000000000000000000000000000000000
-2742513559196.4819335937500000000000000000000000000000
-44294018349363.3593750000000000000000000000000000000000
138773067126085.4843750000000000000000000000000000000000
145926702133619.0625000000000000000000000000000000000000
-100074335883654.1093750000000000000000000000000000000000
-351831929324728.5625000000000000000000000000000000000000
-36239499598377.9609375000000000000000000000000000000000
755156014175752.7500000000000000000000000000000000000000
-436998265559916.8125000000000000000000000000000000000000
2293374194787.7773437500000000000000000000000000000000
250545109780334.5000000000000000000000000000000000000000
314777468600491.7500000000000000000000000000000000000000
-80368858676669.3593750000000000000000000000000000000000
-283473097855866.6875000000000000000000000000000000000000
-767556738762615.2500000000000000000000000000000000000000
-572389852427617.3750000000000000000000000000000000000000
533620796025789.8125000000000000000000000000000000000000
600837415505524.3750000000000000000000000000000000000000
-958399363868543.3750000000000000000000000000000000000000
111784521576213.9375000000000000000000000000000000000000
-514380940839503.3750000000000000000000000000000000000000
81071024691621.2500000000000000000000000000000000000000
-347254625715518.8750000000000000000000000000000000000000
69992448470445.4843750000000000000000000000000000000000
376117215262186.3125000000000000000000000000000000000000
578592878246436.0000000000000000000000000000000000000000
-2520069597121.1054687500000000000000000000000000000000
233639339334516.7187500000000000000000000000000000000000
-229520543510171.9687500000000000000000000000000000000000
-207689250761559.0625000000000000000000000000000000000000
222427535462711.2500000000000000000000000000000000000000
-139015084496618.7812500000000000000000000000000000000000
-67488545983848.2187500000000000000000000000000000000000
-919176715186606.7500000000000000000000000000000000000000
366212813556581.8750000000000000000000000000000000000000
-339854461164774.1875000000000000000000000000000000000000
-106279543723172.4687500000000000000000000000000000000000
-570189159018145.6250000000000000000000000000000000000000
161376173791054.0000000000000000000000000000000000000000
234726583883708.3437500000000000000000000000000000000000
-709866805015339.7500000000000000000000000000000000000000
-303861602139040.3125000000000000000000000000000000000000
612918389260793.0000000000000000000000000000000000000000
104496155309193.6093750000000000000000000000000000000000
-89869575433195.0000000000000000000000000000000000000000
751756873644120.8750000000000000000000000000000000000000
187877770116683.7500000000000000000000000000000000000000
501473512831240.2500000000000000000000000000000000000000
-980868344139297.7500000000000000000000000000000000000000
865317649220837.8750000000000000000000000000000000000000
107119325017484.1562500000000000000000000000000000000000
-384634496077209.0000000000000000000000000000000000000000
378626827454089.9375000000000000000000000000000000000000
-1178934393342327.0000000000000000000000000000000000000000
-369576650794177.8750000000000000000000000000000000000000
-367913366167683.8125000000000000000000000000000000000000
-51878466647476.6015625000000000000000000000000000000000
677586235388821.7500000000000000000000000000000000000000
47367464767998.7656250000000000000000000000000000000000
27066830758455.0898437500000000000000000000000000000000
-1000947872513821.1250000000000000000000000000000000000000
760738860811930.3750000000000000000000000000000000000000
318472285485741.6875000000000000000000000000000000000000
368187828738935.8750000000000000000000000000000000000000
-38201910623256.4453125000000000000000000000000000000000
345065826043548.0625000000000000000000000000000000000000
87409292761274.3906250000000000000000000000000000000000
-77076163522686.4843750000000000000000000000000000000000
-319241789592408.5000000000000000000000000000000000000000
1240011878297346.0000000000000000000000000000000000000000
-166378988452271.2812500000000000000000000000000000000000
-365781634960489.1875000000000000000000000000000000000000
-652131207716649.1250000000000000000000000000000000000000
138419552992054.6406250000000000000000000000000000000000
239935950924921.2500000000000000000000000000000000000000
44342077851696.2265625000000000000000000000000000000000
283124365262336.8750000000000000000000000000000000000000
48917216365319.6171875000000000000000000000000000000000
433019457644035.5625000000000000000000000000000000000000
586495542450101.5000000000000000000000000000000000000000
315380186476890.6250000000000000000000000000000000000000
419637910021516.0625000000000000000000000000000000000000
-196124431773943.5000000000000000000000000000000000000000
-87209359812064.5468750000000000000000000000000000000000
-227421167444270.9375000000000000000000000000000000000000
-400929710322363.6875000000000000000000000000000000000000
-162956161835115.2187500000000000000000000000000000000000
-309987795259137.6875000000000000000000000000000000000000
92142839996110.9218750000000000000000000000000000000000
-65782546683963.1953125000000000000000000000000000000000
379839000612397.0625000000000000000000000000000000000000
-401609523337222.6250000000000000000000000000000000000000
285605614880627.6875000000000000000000000000000000000000
-140919678409373.7500000000000000000000000000000000000000
-99646480510765.9687500000000000000000000000000000000000
178297889286798.5625000000000000000000000000000000000000
472389176612879.0625000000000000000000000000000000000000
125541332814776.8437500000000000000000000000000000000000
-209058985509281.4687500000000000000000000000000000000000
-261957971737843.5625000000000000000000000000000000000000
-756824913520587.0000000000000000000000000000000000000000
-236848084325315.1562500000000000000000000000000000000000
-137135619915351.7031250000000000000000000000000000000000
362303310945456.3750000000000000000000000000000000000000
390937401872255.6875000000000000000000000000000000000000
-555774746173149.3750000000000000000000000000000000000000
37198451262501.6171875000000000000000000000000000000000
-214723193955411.6562500000000000000000000000000000000000
255965872232651.8437500000000000000000000000000000000000
127066704170776.4687500000000000000000000000000000000000
-31983745012536.9531250000000000000000000000000000000000
64957222240762.0703125000000000000000000000000000000000
-108220261134667.3437500000000000000000000000000000000000
121022959176037.4843750000000000000000000000000000000000
230132924733746.3437500000000000000000000000000000000000
272438934988414.1875000000000000000000000000000000000000
-580804687574811.5000000000000000000000000000000000000000
-508654548432731.6875000000000000000000000000000000000000
58461808202168.7031250000000000000000000000000000000000
-236083252635548.3125000000000000000000000000000000000000
821944773257974.1250000000000000000000000000000000000000
373984067167135.5625000000000000000000000000000000000000
217810635630306.0937500000000000000000000000000000000000
-280524228979080.2500000000000000000000000000000000000000
201704280120327.2812500000000000000000000000000000000000
152315405914269.4687500000000000000000000000000000000000
909154582638489.7500000000000000000000000000000000000000
-58239838352146.4218750000000000000000000000000000000000
-166346217991579.9375000000000000000000000000000000000000
-95821433262937.5937500000000000000000000000000000000000
204981858267941.0625000000000000000000000000000000000000
135419011866629.9843750000000000000000000000000000000000
34824361367002.5976562500000000000000000000000000000000
-308016101275701.3750000000000000000000000000000000000000
-193916651411969.1562500000000000000000000000000000000000
356192156816814.3125000000000000000000000000000000000000
-280969676543332.6562500000000000000000000000000000000000
346184046462009.5625000000000000000000000000000000000000
262918918411890.8750000000000000000000000000000000000000
-532066433540679.8750000000000000000000000000000000000000
-152879014433946.2187500000000000000000000000000000000000
-25158985554655.5390625000000000000000000000000000000000
-43294085806585.1015625000000000000000000000000000000000
-301611739547110.5000000000000000000000000000000000000000
-411153906820701.3750000000000000000000000000000000000000
-186999384512764.2187500000000000000000000000000000000000
-448940242637978.2500000000000000000000000000000000000000
-79298027365164.2968750000000000000000000000000000000000
-219680024750308.0000000000000000000000000000000000000000
-126981003195852.0000000000000000000000000000000000000000
-354384557890933.0000000000000000000000000000000000000000
-810753988648650.2500000000000000000000000000000000000000
-39486456366018.9843750000000000000000000000000000000000
346922206978908.5000000000000000000000000000000000000000
295834913828808.1875000000000000000000000000000000000000
-180319374487037.4687500000000000000000000000000000000000
-775717815545965.2500000000000000000000000000000000000000
133837813905621.6875000000000000000000000000000000000000
278063013675517.0937500000000000000000000000000000000000
807723168072300.6250000000000000000000000000000000000000
-612263395812851.6250000000000000000000000000000000000000
208676324070349.9375000000000000000000000000000000000000
956820888482197.0000000000000000000000000000000000000000
-479555236119585.9375000000000000000000000000000000000000
-264818818912054.1875000000000000000000000000000000000000
-223398152323030.5312500000000000000000000000000000000000
148036917654648.1562500000000000000000000000000000000000
-157793839037056.6562500000000000000000000000000000000000
681733926414134.5000000000000000000000000000000000000000
709390254650541.3750000000000000000000000000000000000000
-478837661699787.6875000000000000000000000000000000000000
208099272594413.6250000000000000000000000000000000000000
-187931216400260.0625000000000000000000000000000000000000
792347061936067.2500000000000000000000000000000000000000
-210743740608417.3125000000000000000000000000000000000000
-378390305252183.1875000000000000000000000000000000000000
26649617455898.2695312500000000000000000000000000000000
-237678233080453.8750000000000000000000000000000000000000
375883135027409.1875000000000000000000000000000000000000
-161764006380318.2812500000000000000000000000000000000000
323699062588917.0625000000000000000000000000000000000000
-211755586330225.6875000000000000000000000000000000000000
-147517049559013.1875000000000000000000000000000000000000
160946217804873.2500000000000000000000000000000000000000
707780849971459.5000000000000000000000000000000000000000
515385670124644.8750000000000000000000000000000000000000
-1151084048558175.5000000000000000000000000000000000000000
-25479069785644.1523437500000000000000000000000000000000
298936036226145.5000000000000000000000000000000000000000
69515506448275.1250000000000000000000000000000000000000
-267880223839408.0000000000000000000000000000000000000000
817619094552757.0000000000000000000000000000000000000000
471730841550422.8125000000000000000000000000000000000000
-1586488898815891.2500000000000000000000000000000000000000
-86312890200254.6250000000000000000000000000000000000000
-405962746091475.3750000000000000000000000000000000000000
872205129088963.1250000000000000000000000000000000000000
332108773741669.6875000000000000000000000000000000000000
25967100538634.6367187500000000000000000000000000000000
-5742722260390.5234375000000000000000000000000000000000
-158613274054815.0625000000000000000000000000000000000000
-173227397940032.3437500000000000000000000000000000000000
-32451302107707.9804687500000000000000000000000000000000
-211973965072079.0625000000000000000000000000000000000000
220210408952510.0312500000000000000000000000000000000000
258674034323690.6875000000000000000000000000000000000000
-296829912378417.8125000000000000000000000000000000000000
78340511913395.8437500000000000000000000000000000000000
-378333154022015.1875000000000000000000000000000000000000
-265357095391168.3437500000000000000000000000000000000000
-197571039150442.3125000000000000000000000000000000000000
-233313587003974.0000000000000000000000000000000000000000
813938121246073.0000000000000000000000000000000000000000
68280768473407.3671875000000000000000000000000000000000
-142250633618296.5937500000000000000000000000000000000000
-899592725449663.7500000000000000000000000000000000000000
352289772677791.9375000000000000000000000000000000000000
-472038613319016.1875000000000000000000000000000000000000
308534305455774.5000000000000000000000000000000000000000
717644984882391.2500000000000000000000000000000000000000
194025070544289.6250000000000000000000000000000000000000
-698093285558306.8750000000000000000000000000000000000000
193151452119766.6562500000000000000000000000000000000000
54857490999520.0390625000000000000000000000000000000000
-45075426004237.3359375000000000000000000000000000000000
130247283471992.0156250000000000000000000000000000000000
-137130297238169.2656250000000000000000000000000000000000
420621425647598.5000000000000000000000000000000000000000
-53976586023262.7734375000000000000000000000000000000000
450658201755421.3750000000000000000000000000000000000000
269262577879649.4687500000000000000000000000000000000000
-340319153128041.0000000000000000000000000000000000000000
58683971189324.3750000000000000000000000000000000000000
-62667954509379.7656250000000000000000000000000000000000
28547665863196.3671875000000000000000000000000000000000
-162755893430057.7187500000000000000000000000000000000000
-816925816203518.1250000000000000000000000000000000000000
671657763637292.1250000000000000000000000000000000000000
194016345505772.4375000000000000000000000000000000000000
-252279983654504.4375000000000000000000000000000000000000
328077319729204.2500000000000000000000000000000000000000
19559156644344.9375000000000000000000000000000000000000
607203944455745.0000000000000000000000000000000000000000
-18448327662570.6914062500000000000000000000000000000000
63579550372143.1796875000000000000000000000000000000000
-167060357644242.1250000000000000000000000000000000000000
-416380199639877.9375000000000000000000000000000000000000
-570402762367287.5000000000000000000000000000000000000000
65624147601160.0546875000000000000000000000000000000000
-238206271866255.8750000000000000000000000000000000000000
499999009706409.9375000000000000000000000000000000000000
267584763515852.6250000000000000000000000000000000000000
479991181392330.3750000000000000000000000000000000000000
50932893497061.3437500000000000000000000000000000000000
-106539756978827.6562500000000000000000000000000000000000
321802700064527.7500000000000000000000000000000000000000
-86052089485894.8281250000000000000000000000000000000000
-218467429624052.2812500000000000000000000000000000000000
-12645996792485.1074218750000000000000000000000000000000
-112948272397656.6718750000000000000000000000000000000000
-95335010326502.6562500000000000000000000000000000000000
237560888118461.7812500000000000000000000000000000000000
-143312301830708.2187500000000000000000000000000000000000
-75373534663377.2812500000000000000000000000000000000000
126771217739282.7500000000000000000000000000000000000000
404362804230328.4375000000000000000000000000000000000000
-41034910314767.7109375000000000000000000000000000000000
298245737663296.6875000000000000000000000000000000000000
38202290748961.2578125000000000000000000000000000000000
-298482385535765.5000000000000000000000000000000000000000
-674943284784481.5000000000000000000000000000000000000000
-921578637773978.0000000000000000000000000000000000000000
-11683200567003.4843750000000000000000000000000000000000
149681555135729.1562500000000000000000000000000000000000
-302642754746964.6875000000000000000000000000000000000000
233565573258341.0000000000000000000000000000000000000000
-46775902304930.6328125000000000000000000000000000000000
656536828752372.2500000000000000000000000000000000000000
255889758374926.7812500000000000000000000000000000000000
475900717353112.2500000000000000000000000000000000000000
322569805909993.9375000000000000000000000000000000000000
-77645217861990.2031250000000000000000000000000000000000
-627613035272066.8750000000000000000000000000000000000000
-260713710088637.8125000000000000000000000000000000000000
371172752229142.3125000000000000000000000000000000000000
-676355632057340.0000000000000000000000000000000000000000
-366731089630762.5625000000000000000000000000000000000000
-152329457278681.2187500000000000000000000000000000000000
-356102358171203.9375000000000000000000000000000000000000
56611834554066.3125000000000000000000000000000000000000
-420330086795597.0625000000000000000000000000000000000000
-15152510855353.7402343750000000000000000000000000000000
168207944985998.3125000000000000000000000000000000000000
-217093264031356.2187500000000000000000000000000000000000
180979732689338.5625000000000000000000000000000000000000
-402693970129850.8750000000000000000000000000000000000000
-151394011957662.2812500000000000000000000000000000000000
22363008656276.0742187500000000000000000000000000000000
529431508257635.3125000000000000000000000000000000000000
-837017000276864.8750000000000000000000000000000000000000
528136668061264.1875000000000000000000000000000000000000
399583693972956.2500000000000000000000000000000000000000
-132643470672809.4375000000000000000000000000000000000000
-385005331217160.4375000000000000000000000000000000000000
8441722865689.5048828125000000000000000000000000000000
774269293448930.6250000000000000000000000000000000000000
-58279024579481.3828125000000000000000000000000000000000
333224424874022.6875000000000000000000000000000000000000
455626916384301.0625000000000000000000000000000000000000
144291449042676.4375000000000000000000000000000000000000
282219250994526.4375000000000000000000000000000000000000
-870433691842040.6250000000000000000000000000000000000000
363789650155400.5000000000000000000000000000000000000000
347437275843911.8750000000000000000000000000000000000000
-136002973191672.4531250000000000000000000000000000000000
529386902064388.5625000000000000000000000000000000000000
-373390097889828.2500000000000000000000000000000000000000
-94511888299426.8125000000000000000000000000000000000000
549675191912062.0000000000000000000000000000000000000000
-248643098241668.1875000000000000000000000000000000000000
597430396137670.8750000000000000000000000000000000000000
-235133082201026.1875000000000000000000000000000000000000
108184121863743.9062500000000000000000000000000000000000
53638472706631.1484375000000000000000000000000000000000
-302984154710951.0625000000000000000000000000000000000000
-457290551057001.2500000000000000000000000000000000000000
-338541261217732.4375000000000000000000000000000000000000
-178604122559822.9687500000000000000000000000000000000000
183326134692836.9375000000000000000000000000000000000000
-139823995869634.3593750000000000000000000000000000000000
72915060094936.9218750000000000000000000000000000000000
55291048535119.5468750000000000000000000000000000000000
-277383600352964.3750000000000000000000000000000000000000
11490432710108.2988281250000000000000000000000000000000
-180082089266740.0312500000000000000000000000000000000000
-59299061108635.5078125000000000000000000000000000000000
661661538748902.0000000000000000000000000000000000000000
-173873192000980.9375000000000000000000000000000000000000
293515963221764.8750000000000000000000000000000000000000
-422453401598872.6875000000000000000000000000000000000000
449894862580985.3750000000000000000000000000000000000000
520949778545322.1875000000000000000000000000000000000000
79925954202596.2968750000000000000000000000000000000000
42548661588658.4062500000000000000000000000000000000000
-545983258100057.6875000000000000000000000000000000000000
-123400917565865.9375000000000000000000000000000000000000
-276710413551131.0937500000000000000000000000000000000000
460216652921780.6875000000000000000000000000000000000000
321413340403182.8750000000000000000000000000000000000000
72257506292071.3281250000000000000000000000000000000000
200327212923337.9062500000000000000000000000000000000000
-136141495096774.4843750000000000000000000000000000000000
-558034341640779.5625000000000000000000000000000000000000
133073202540628.4687500000000000000000000000000000000000
101845288874838.0937500000000000000000000000000000000000
730430640088832.2500000000000000000000000000000000000000
-504095103363721.8125000000000000000000000000000000000000
-170337772747163.5625000000000000000000000000000000000000
-366287477940983.1875000000000000000000000000000000000000
194929123153499.0625000000000000000000000000000000000000
-477077778189572.6250000000000000000000000000000000000000
1126751210799634.7500000000000000000000000000000000000000
-306276330511232.2500000000000000000000000000000000000000
-401227624545597.3750000000000000000000000000000000000000
205415181512301.3750000000000000000000000000000000000000
-340448802239304.2500000000000000000000000000000000000000
-281632446607568.5000000000000000000000000000000000000000
-213644027806157.9687500000000000000000000000000000000000
22045230334111.2929687500000000000000000000000000000000
-108228337556939.7812500000000000000000000000000000000000
224903491455556.5312500000000000000000000000000000000000
-66520537703811.2500000000000000000000000000000000000000
-367432895546022.0625000000000000000000000000000000000000
457704066208553.5000000000000000000000000000000000000000
-228711630598854.1562500000000000000000000000000000000000
-114618249111684.7187500000000000000000000000000000000000
-362878765156141.8750000000000000000000000000000000000000
-45053358480476.0859375000000000000000000000000000000000
39100705011775.6562500000000000000000000000000000000000
-455038646557205.6250000000000000000000000000000000000000
145575987905384.9687500000000000000000000000000000000000
448547671290295.1875000000000000000000000000000000000000
1029698911500164.1250000000000000000000000000000000000000
-267306245985139.0000000000000000000000000000000000000000
279944960839908.8750000000000000000000000000000000000000
207744298205425.6250000000000000000000000000000000000000
268092715329009.3750000000000000000000000000000000000000
-690606999261818.2500000000000000000000000000000000000000
-455377161420398.8125000000000000000000000000000000000000
31854131875399.2226562500000000000000000000000000000000
-170025170969006.1875000000000000000000000000000000000000
-487033453880454.6250000000000000000000000000000000000000
764699825964485.7500000000000000000000000000000000000000
190923191254424.2812500000000000000000000000000000000000
146686979364253.8437500000000000000000000000000000000000
125432556469471.6250000000000000000000000000000000000000
436090140570319.9375000000000000000000000000000000000000
-229477688460756.4062500000000000000000000000000000000000
-135321833752728.1093750000000000000000000000000000000000
365452791221612.7500000000000000000000000000000000000000
54110460712239.6875000000000000000000000000000000000000
-456999780977169.0625000000000000000000000000000000000000
-541332378362983.0625000000000000000000000000000000000000
345261483983961.1250000000000000000000000000000000000000
-431088119639906.8750000000000000000000000000000000000000
399778896382851.0000000000000000000000000000000000000000
-37860490337725.0546875000000000000000000000000000000000
