-8.2426377028231492261056700954213738441467
977.1350004453258861758513376116752624511719
-28759.0732838087606069166213274002075195312500
367006.3439977660309523344039916992187500000000
-2535389.2397503266111016273498535156250000000000
10754353.4002253133803606033325195312500000000000
-30681532.6369864195585250854492187500000000000000
62084887.5343421325087547302246093750000000000000
-82990922.5140373706817626953125000000000000000000
37627163.6651247069239616394042968750000000000000
91618480.6324377059936523437500000000000000000000
-155591032.0867991149425506591796875000000000000000
182347.3328385194763541221618652343750000000000
223116326.8984780311584472656250000000000000000000
-318755682.9710586667060852050781250000000000000000
359470671.5405991673469543457031250000000000000000
-414967654.2279226779937744140625000000000000000000
454191604.1542632579803466796875000000000000000000
-393807284.6250936388969421386718750000000000000000
271258064.2683185935020446777343750000000000000000
-269411796.7773237228393554687500000000000000000000
196113770.5905377268791198730468750000000000000000
-21959977.5587953738868236541748046875000000000000
54920118.2742154151201248168945312500000000000000
-155389610.5862392485141754150390625000000000000000
112770360.6167278438806533813476562500000000000000
54661167.1950713470578193664550781250000000000000
-60472055.1867608949542045593261718750000000000000
-39643596.6354839652776718139648437500000000000000
-76142411.8688130080699920654296875000000000000000
152981173.4009797871112823486328125000000000000000
-58181268.2383310645818710327148437500000000000000
-30357405.4370366707444190979003906250000000000000
-42980424.9455659613013267517089843750000000000000
14512512.8227147832512855529785156250000000000000
38840010.6985686272382736206054687500000000000000
-25359537.6138820499181747436523437500000000000000
45532347.4621474742889404296875000000000000000000
85935415.5401526540517807006835937500000000000000
-6565186.2216412732377648353576660156250000000000
75404865.6715117692947387695312500000000000000000
-142801412.8476013243198394775390625000000000000000
60581927.3570825010538101196289062500000000000000
12787630.6047542672604322433471679687500000000000
-44905639.4942198544740676879882812500000000000000
-194865683.9581235349178314208984375000000000000000
-2368968.2456826018169522285461425781250000000000
31133796.5454580634832382202148437500000000000000
89182891.6505991071462631225585937500000000000000
-3467567.2789190826006233692169189453125000000000
57892230.3945532962679862976074218750000000000000
9229542.1558829415589570999145507812500000000000
-69924361.6704085618257522583007812500000000000000
-64407670.8014256432652473449707031250000000000000
54915384.7641754448413848876953125000000000000000
-34371224.4960558041930198669433593750000000000000
42016827.5627842620015144348144531250000000000000
170882692.3175803720951080322265625000000000000000
24766438.9983283095061779022216796875000000000000
-14844394.2515235077589750289916992187500000000000
-87592404.9057867825031280517578125000000000000000
-24091335.1194755882024765014648437500000000000000
-34003559.8507056161761283874511718750000000000000
14285421.3317300714552402496337890625000000000000
54717971.6283482015132904052734375000000000000000
-19055870.3481935821473598480224609375000000000000
40496151.7144724205136299133300781250000000000000
-11182817.6798103395849466323852539062500000000000
96708264.7531966567039489746093750000000000000000
12185302.0250641722232103347778320312500000000000
-154488478.7928620874881744384765625000000000000000
-161569101.5580615103244781494140625000000000000000
99587246.5552304238080978393554687500000000000000
-65646890.5957400128245353698730468750000000000000
-87763118.0128353983163833618164062500000000000000
-9765383.6493836604058742523193359375000000000000
-30635175.8930610381066799163818359375000000000000
71317371.1693179756402969360351562500000000000000
90077571.4159383028745651245117187500000000000000
-14280390.4529339335858821868896484375000000000000
46417144.6609067767858505249023437500000000000000
-26020746.7758327499032020568847656250000000000000
70970484.1947518289089202880859375000000000000000
-39829259.9156551361083984375000000000000000000000
158329716.9173472523689270019531250000000000000000
-50178118.8123743310570716857910156250000000000000
42579651.7220906838774681091308593750000000000000
-121594016.9698393791913986206054687500000000000000
-11288025.2281290628015995025634765625000000000000
5833943.8559147305786609649658203125000000000000
-17604318.6279752478003501892089843750000000000000
955716.0817010279279202222824096679687500000000
49944341.7758874297142028808593750000000000000000
-33484288.0363188870251178741455078125000000000000
52980531.8932079821825027465820312500000000000000
39965924.6151692494750022888183593750000000000000
-65713491.2022777497768402099609375000000000000000
-25181210.0617112368345260620117187500000000000000
5319282.7037796583026647567749023437500000000000
58960724.9670353382825851440429687500000000000000
-18982243.9856472052633762359619140625000000000000
165662091.8910878002643585205078125000000000000000
39392318.6795775666832923889160156250000000000000
5858120.2045720862224698066711425781250000000000
-22033435.7005199044942855834960937500000000000000
-87126311.6737520694732666015625000000000000000000
-44533860.3106031045317649841308593750000000000000
-23113225.0463092885911464691162109375000000000000
113900064.8650087267160415649414062500000000000000
-83853899.1109530031681060791015625000000000000000
-125900227.9037231653928756713867187500000000000000
-145543430.8369061946868896484375000000000000000000
-3443122.3356740796007215976715087890625000000000
-40356946.8024125471711158752441406250000000000000
-30037104.8576587066054344177246093750000000000000
120776541.8591544628143310546875000000000000000000
-21793089.5691383816301822662353515625000000000000
40420549.3296358138322830200195312500000000000000
-81756912.1767252981662750244140625000000000000000
80665043.1792217940092086791992187500000000000000
-146883536.3363878726959228515625000000000000000000
136674609.5678840875625610351562500000000000000000
113821807.7470254451036453247070312500000000000000
-131864682.6903572231531143188476562500000000000000
47786927.1201789304614067077636718750000000000000
-10078365.2160514369606971740722656250000000000000
88401374.5667135268449783325195312500000000000000
5261707.2934604687616229057312011718750000000000
36301689.9130353108048439025878906250000000000000
-30049885.2860397510230541229248046875000000000000
-146910193.0238250792026519775390625000000000000000
78358329.4102311730384826660156250000000000000000
69274680.6854611784219741821289062500000000000000
-59299645.3882738798856735229492187500000000000000
54430636.8993933349847793579101562500000000000000
-63903536.4534598514437675476074218750000000000000
101193821.7581227570772171020507812500000000000000
-34483148.8517351150512695312500000000000000000000
-2011267.3664862655568867921829223632812500000000
-49511165.8693491443991661071777343750000000000000
211326371.9599063694477081298828125000000000000000
-9722735.5417110603302717208862304687500000000000
52560422.0847008004784584045410156250000000000000
-113506534.2096082270145416259765625000000000000000
-48913884.6570221483707427978515625000000000000000
17689149.4329441897571086883544921875000000000000
90049919.7814044654369354248046875000000000000000
-162576415.5393463373184204101562500000000000000000
-51605231.2574395611882209777832031250000000000000
-100332896.1912088692188262939453125000000000000000
-43070893.6264428868889808654785156250000000000000
55236231.8964508175849914550781250000000000000000
109386409.2629858553409576416015625000000000000000
240702232.1411224305629730224609375000000000000000
62159446.2666603103280067443847656250000000000000
13064597.6716022174805402755737304687500000000000
17496274.0991365723311901092529296875000000000000
-94270624.7121254950761795043945312500000000000000
70215775.6528909355401992797851562500000000000000
-142374061.6707238852977752685546875000000000000000
-122333024.7308968901634216308593750000000000000000
-85225410.0062021613121032714843750000000000000000
-8545399.1103741377592086791992187500000000000000
-24801733.2732700966298580169677734375000000000000
113689838.6799945384263992309570312500000000000000
-95622093.4612034708261489868164062500000000000000
148759320.7850629389286041259765625000000000000000
-76525325.9210387468338012695312500000000000000000
-84782590.6155622303485870361328125000000000000000
-39467962.8818879872560501098632812500000000000000
148188764.7803437113761901855468750000000000000000
154873808.9258822798728942871093750000000000000000
-86125693.3111174851655960083007812500000000000000
36933908.0547905117273330688476562500000000000000
-86792452.7059995234012603759765625000000000000000
104618866.7892811745405197143554687500000000000000
-32772183.0678141973912715911865234375000000000000
176254832.9520778954029083251953125000000000000000
-193112904.5829685330390930175781250000000000000000
39139368.8114920258522033691406250000000000000000
-78157513.8932785093784332275390625000000000000000
-44240523.2691381424665451049804687500000000000000
234638924.9401367902755737304687500000000000000000
-103750698.2160542756319046020507812500000000000000
5420484.5653264448046684265136718750000000000000
39339750.0237700715661048889160156250000000000000
-89152930.1472392529249191284179687500000000000000
-131957594.5031962692737579345703125000000000000000
9248637.6880139540880918502807617187500000000000
-51365159.7227505668997764587402343750000000000000
-107268240.2631108462810516357421875000000000000000
14106918.0896710604429244995117187500000000000000
779213.3411532476311549544334411621093750000000
-50218217.7422275617718696594238281250000000000000
-31066766.1247266195714473724365234375000000000000
52359433.8080774322152137756347656250000000000000
-48404443.3725415468215942382812500000000000000000
104362740.7649870663881301879882812500000000000000
-79640354.2903448045253753662109375000000000000000
70359572.2990430146455764770507812500000000000000
-9832416.8734784126281738281250000000000000000000
-143599956.2903666794300079345703125000000000000000
40454749.9011951759457588195800781250000000000000
36886152.5586153492331504821777343750000000000000
29833424.3762351907789707183837890625000000000000
-28088613.9394491761922836303710937500000000000000
66240161.3014806360006332397460937500000000000000
130371873.2598419636487960815429687500000000000000
33095647.6613573990762233734130859375000000000000
-84508647.8575629591941833496093750000000000000000
-36116218.8903315067291259765625000000000000000000
12150311.5941738635301589965820312500000000000000
56603374.0115891620516777038574218750000000000000
-72723089.5736439675092697143554687500000000000000
81799783.7683835476636886596679687500000000000000
119897654.6216982752084732055664062500000000000000
100080552.4658701121807098388671875000000000000000
-9736001.3211394473910331726074218750000000000000
-41214393.0156132578849792480468750000000000000000
-122063445.1281705647706985473632812500000000000000
-6992331.7343842694535851478576660156250000000000
62683704.9435772374272346496582031250000000000000
-118307540.0753197669982910156250000000000000000000
14349771.1964005399495363235473632812500000000000
33836967.1556170508265495300292968750000000000000
44150843.0424576252698898315429687500000000000000
93980088.3593193441629409790039062500000000000000
2113890.7100140382535755634307861328125000000000
109044517.5908198207616806030273437500000000000000
-8932383.1231864877045154571533203125000000000000
-128100492.0919745266437530517578125000000000000000
35170379.3826105967164039611816406250000000000000
57050264.5885177552700042724609375000000000000000
-73849357.4949552714824676513671875000000000000000
106394144.5318300127983093261718750000000000000000
-100923791.6744941025972366333007812500000000000000
-45708528.1095611676573753356933593750000000000000
2144413.5905811539851129055023193359375000000000
41181657.9829980283975601196289062500000000000000
-782025.6824062677333131432533264160156250000000
184916527.9619235098361968994140625000000000000000
-133503690.3779634237289428710937500000000000000000
84084425.1343898922204971313476562500000000000000
-87962268.5975420922040939331054687500000000000000
43492327.3043996319174766540527343750000000000000
123169373.5526247471570968627929687500000000000000
355197.4159265781636349856853485107421875000000
-152633873.3242671787738800048828125000000000000000
-125095048.3684326857328414916992187500000000000000
87840131.5113986432552337646484375000000000000000
69108304.4968820810317993164062500000000000000000
-6887598.4068732587620615959167480468750000000000
-88796596.1586639285087585449218750000000000000000
56609774.7367735877633094787597656250000000000000
-21445613.8387382924556732177734375000000000000000
-162996820.5669786334037780761718750000000000000000
-127777231.3499241322278976440429687500000000000000
-27817518.2168327681720256805419921875000000000000
163982947.8967431187629699707031250000000000000000
-88199013.1660865247249603271484375000000000000000
119771569.7879967540502548217773437500000000000000
-18372459.1054163239896297454833984375000000000000
126093417.0235999524593353271484375000000000000000
40565860.3847126960754394531250000000000000000000
95876544.6621799319982528686523437500000000000000
-31835249.2534213513135910034179687500000000000000
-15977361.5109970383346080780029296875000000000000
-8806361.7581355143338441848754882812500000000000
-230920847.1417030394077301025390625000000000000000
14995433.6339744552969932556152343750000000000000
-104654910.7152706235647201538085937500000000000000
-3863186.4151968779042363166809082031250000000000
83520416.3939603716135025024414062500000000000000
-9535794.7491365168243646621704101562500000000000
-15982911.0850202925503253936767578125000000000000
128190776.1601095795631408691406250000000000000000
12285812.2723707463592290878295898437500000000000
-166261537.6428898572921752929687500000000000000000
-112755505.6305421888828277587890625000000000000000
-36741878.2369844466447830200195312500000000000000
-111128577.2563292682170867919921875000000000000000
-4778879.8024037433788180351257324218750000000000
75062467.3447197377681732177734375000000000000000
66421517.1486646980047225952148437500000000000000
30380719.9921253062784671783447265625000000000000
-5385437.3395745661109685897827148437500000000000
-42623453.2711170017719268798828125000000000000000
35920906.4046809971332550048828125000000000000000
75504045.2411463856697082519531250000000000000000
-31829820.9212576374411582946777343750000000000000
-27798548.6768994890153408050537109375000000000000
-2418210.5642790277488529682159423828125000000000
206986180.5053744912147521972656250000000000000000
-103716176.4972148686647415161132812500000000000000
-77525617.0934984385967254638671875000000000000000
-56310399.4528014734387397766113281250000000000000
12940626.8202070482075214385986328125000000000000
89056946.2178328782320022583007812500000000000000
-131200679.9651238769292831420898437500000000000000
115822998.0821447819471359252929687500000000000000
33709572.2565762549638748168945312500000000000000
52441112.9386106282472610473632812500000000000000
48038306.0760945454239845275878906250000000000000
12097140.3285105451941490173339843750000000000000
6182516.0762629378587007522583007812500000000000
-110449963.5141548514366149902343750000000000000000
27369247.2084346227347850799560546875000000000000
50031778.7635307684540748596191406250000000000000
29563699.2626194804906845092773437500000000000000
-93934145.3946044445037841796875000000000000000000
-20522192.4540319889783859252929687500000000000000
69743150.2172793895006179809570312500000000000000
-21651973.0169416852295398712158203125000000000000
33909360.1890798658132553100585937500000000000000
-20188193.0264646187424659729003906250000000000000
18889670.2825850620865821838378906250000000000000
64652391.6631564199924468994140625000000000000000
-84913421.8607861250638961791992187500000000000000
-61346775.4818257987499237060546875000000000000000
6626285.1605821074917912483215332031250000000000
45667875.1387379094958305358886718750000000000000
50459256.1526244282722473144531250000000000000000
90985769.2585082352161407470703125000000000000000
32774014.0489126630127429962158203125000000000000
-135175680.5398822724819183349609375000000000000000
179773981.1742033958435058593750000000000000000000
38859210.2349985763430595397949218750000000000000
-133519204.3710416853427886962890625000000000000000
83183430.2550182193517684936523437500000000000000
17641305.7318317070603370666503906250000000000000
51815888.8451340496540069580078125000000000000000
76353182.0841419100761413574218750000000000000000
-124317444.3782484978437423706054687500000000000000
27094652.8293371684849262237548828125000000000000
-173273959.6385145783424377441406250000000000000000
-75399600.1462080925703048706054687500000000000000
95819203.9440485984086990356445312500000000000000
-167647947.9759398102760314941406250000000000000000
37914371.9658912867307662963867187500000000000000
32669487.4239314757287502288818359375000000000000
-69392171.6776190549135208129882812500000000000000
146509376.0405853092670440673828125000000000000000
-39074230.6866471320390701293945312500000000000000
-2666934.4027288588695228099822998046875000000000
-132883569.3441427052021026611328125000000000000000
185582014.4524731338024139404296875000000000000000
-81933851.4254920333623886108398437500000000000000
79843993.1402844041585922241210937500000000000000
21714940.7410013861954212188720703125000000000000
-49366946.5315100774168968200683593750000000000000
-55091796.5334931164979934692382812500000000000000
-48092053.5344079509377479553222656250000000000000
57705155.9371762871742248535156250000000000000000
-84886151.7010893523693084716796875000000000000000
36659122.5258478894829750061035156250000000000000
13065030.6897241920232772827148437500000000000000
21367381.0639088079333305358886718750000000000000
81384962.1170762032270431518554687500000000000000
-14348653.2398861944675445556640625000000000000000
57854676.7801826894283294677734375000000000000000
-51769167.6832430139183998107910156250000000000000
-199342392.5385883450508117675781250000000000000000
161831630.3779352903366088867187500000000000000000
-67333712.2807718813419342041015625000000000000000
-43678788.3542483970522880554199218750000000000000
19355164.5560559779405593872070312500000000000000
-24687048.9647490531206130981445312500000000000000
84781927.3977107256650924682617187500000000000000
21534309.9082643799483776092529296875000000000000
12372881.7958721220493316650390625000000000000000
62058367.3675986453890800476074218750000000000000
30192151.9184375554323196411132812500000000000000
-158462109.6930762827396392822265625000000000000000
8443222.1192192807793617248535156250000000000000
-79071290.9526456147432327270507812500000000000000
-10020712.6026419308036565780639648437500000000000
74984339.2100514471530914306640625000000000000000
-109204777.4132469296455383300781250000000000000000
57392627.4003642871975898742675781250000000000000
21374316.9220317788422107696533203125000000000000
29496097.0426039211452007293701171875000000000000
60301568.9285743311047554016113281250000000000000
1131048.5232507775072008371353149414062500000000
129873068.6600318998098373413085937500000000000000
87835699.6990047246217727661132812500000000000000
632625.5686095259152352809906005859375000000000
16100207.0712020043283700942993164062500000000000
-60539035.6259020790457725524902343750000000000000
25017004.6276646293699741363525390625000000000000
9571959.7405926790088415145874023437500000000000
3155587.9446831545792520046234130859375000000000
-52713617.3347564637660980224609375000000000000000
5794713.6055252114310860633850097656250000000000
-13092541.0131629761308431625366210937500000000000
-45716907.3484304174780845642089843750000000000000
-97825796.7541160732507705688476562500000000000000
78373435.8170369863510131835937500000000000000000
78999156.9922386556863784790039062500000000000000
-49300372.2653902992606163024902343750000000000000
-2188428.1239232593216001987457275390625000000000
23489304.4484672807157039642333984375000000000000
-78891842.0334646999835968017578125000000000000000
22231058.6381991393864154815673828125000000000000
34632247.3034728020429611206054687500000000000000
-15307799.7413660287857055664062500000000000000000
-122102596.7952120900154113769531250000000000000000
29857410.3674186877906322479248046875000000000000
91225198.9082643091678619384765625000000000000000
3152636.7674608123488724231719970703125000000000
149888492.8090969622135162353515625000000000000000
-52291597.3040853664278984069824218750000000000000
-49169766.8771123960614204406738281250000000000000
-61714173.6626758798956871032714843750000000000000
-111021077.2663394510746002197265625000000000000000
-103813309.5648972243070602416992187500000000000000
40298436.8037833571434020996093750000000000000000
-2761900.5676536061801016330718994140625000000000
41182066.3146042302250862121582031250000000000000
-113001013.1788517385721206665039062500000000000000
107250132.2655753344297409057617187500000000000000
51546974.1401704475283622741699218750000000000000
67519073.6031368523836135864257812500000000000000
-81413316.0811551660299301147460937500000000000000
-27389358.2166230678558349609375000000000000000000
76135995.8441374599933624267578125000000000000000
-2600119.9647842496633529663085937500000000000000
-2504253.7631767680868506431579589843750000000000
-5780478.8300249883905053138732910156250000000000
74609714.9709902703762054443359375000000000000000
19207219.8061594627797603607177734375000000000000
-67934191.4194969683885574340820312500000000000000
-23551932.6394549161195755004882812500000000000000
-108385097.7955585122108459472656250000000000000000
-2129795.3608739115297794342041015625000000000000
28109573.0290380455553531646728515625000000000000
55543124.7899117246270179748535156250000000000000
22001702.3793673291802406311035156250000000000000
1173984.1523526634555310010910034179687500000000
6322267.9113391069695353507995605468750000000000
46032542.7207185328006744384765625000000000000000
-42272560.3292990773916244506835937500000000000000
-7910030.5664723673835396766662597656250000000000
-62288411.3264945968985557556152343750000000000000
57331906.4243516921997070312500000000000000000000
-78856862.2817709445953369140625000000000000000000
-79981738.9969438612461090087890625000000000000000
91571296.5331191122531890869140625000000000000000
-17973202.6193405985832214355468750000000000000000
-211996292.3186511397361755371093750000000000000000
50408983.0856911242008209228515625000000000000000
-65411927.3832983523607254028320312500000000000000
47134910.5460054352879524230957031250000000000000
137279459.9321965277194976806640625000000000000000
-90142887.0808808952569961547851562500000000000000
46381934.8601862266659736633300781250000000000000
54608790.8715322017669677734375000000000000000000
3542867.3503099759109318256378173828125000000000
-76645648.8065770864486694335937500000000000000000
-12403302.2920298185199499130249023437500000000000
60833844.7829430252313613891601562500000000000000
-26948809.0229502767324447631835937500000000000000
-30394045.4679307304322719573974609375000000000000
35884188.0331538617610931396484375000000000000000
36739327.3921986073255538940429687500000000000000
105113033.6702474355697631835937500000000000000000
-68067770.5799912810325622558593750000000000000000
-37225920.9116686135530471801757812500000000000000
-20788613.5647068247199058532714843750000000000000
63629826.5306073427200317382812500000000000000000
72124637.5262066125869750976562500000000000000000
35988866.3128310814499855041503906250000000000000
-37749420.4156255573034286499023437500000000000000
106184050.5228887200355529785156250000000000000000
-1504890.5520644986536353826522827148437500000000
53246485.7859400510787963867187500000000000000000
-52324504.0496981292963027954101562500000000000000
-9357054.0190773885697126388549804687500000000000
-8325466.1150047844275832176208496093750000000000
-75854850.7406693994998931884765625000000000000000
-4510548.6846019411459565162658691406250000000000
14499337.2483501080423593521118164062500000000000
25263890.0384225435554981231689453125000000000000
15983148.5033247843384742736816406250000000000000
38965223.0460081323981285095214843750000000000000
75380708.5069829225540161132812500000000000000000
1673056.4989085607230663299560546875000000000000
7176768.6755139883607625961303710937500000000000
-33801220.7904153689742088317871093750000000000000
67767897.0722242742776870727539062500000000000000
43038602.5386922284960746765136718750000000000000
-104790115.8246396034955978393554687500000000000000
-54302894.8465867489576339721679687500000000000000
-54676753.0154740214347839355468750000000000000000
63339499.3953076601028442382812500000000000000000
38486554.8015004396438598632812500000000000000000
57731565.5525904595851898193359375000000000000000
-19446301.0841739214956760406494140625000000000000
-55629875.8165673390030860900878906250000000000000
-28312321.9531102962791919708251953125000000000000
30253784.0927086956799030303955078125000000000000
-15111440.2094173356890678405761718750000000000000
-75367743.5371775329113006591796875000000000000000
-139158387.9657202064990997314453125000000000000000
32519756.6642059870064258575439453125000000000000
-130342964.7358634024858474731445312500000000000000
23097464.5687395408749580383300781250000000000000
47356564.9116076976060867309570312500000000000000
90864444.8810972273349761962890625000000000000000
-42869934.9951705113053321838378906250000000000000
-55833780.1643356531858444213867187500000000000000
-10601097.5490464176982641220092773437500000000000
-38712081.1985613331198692321777343750000000000000
80256327.3094027340412139892578125000000000000000
-29256195.4253938682377338409423828125000000000000
3907909.1635573483072221279144287109375000000000
-123428105.6549236327409744262695312500000000000000
46954649.0503735393285751342773437500000000000000
-17994725.1154461279511451721191406250000000000000
37446632.2041277363896369934082031250000000000000
-28696949.4715264886617660522460937500000000000000
35134272.8456013277173042297363281250000000000000
-54216503.3158125653862953186035156250000000000000
148561495.0084258019924163818359375000000000000000
6973618.2901646643877029418945312500000000000000
-12329676.5567082632333040237426757812500000000000
113118871.9419603794813156127929687500000000000000
65454899.8254857659339904785156250000000000000000
22361400.7259028926491737365722656250000000000000
-117109667.9086188077926635742187500000000000000000
-52712299.3039780035614967346191406250000000000000
19847931.5282588973641395568847656250000000000000
33105182.2247898727655410766601562500000000000000
81477090.1012179702520370483398437500000000000000
11825494.8557501360774040222167968750000000000000
7103296.1147604547441005706787109375000000000000
-49105113.4297433644533157348632812500000000000000
25913714.8613145016133785247802734375000000000000
-33572843.4150781184434890747070312500000000000000
-6370254.5105282608419656753540039062500000000000
-86363450.6574384272098541259765625000000000000000
-103113989.6437041163444519042968750000000000000000
-21262475.9908234253525733947753906250000000000000
-6357863.8604644285514950752258300781250000000000
12048028.4102914277464151382446289062500000000000
-1349621.2451513037085533142089843750000000000000
36462259.2021000832319259643554687500000000000000
103986933.0092078298330307006835937500000000000000
32219178.6680456921458244323730468750000000000000
594584.2680388255976140499114990234375000000000
20962632.1374735757708549499511718750000000000000
35887499.8072868511080741882324218750000000000000
45540169.8139698877930641174316406250000000000000
44315552.8849213197827339172363281250000000000000
-38357094.0950022712349891662597656250000000000000
-26411775.5442592687904834747314453125000000000000
-15598731.9405964966863393783569335937500000000000
26190819.1027123145759105682373046875000000000000
-59169223.4127935171127319335937500000000000000000
22457268.3272778652608394622802734375000000000000
14615963.7362949773669242858886718750000000000000
30139169.8273297846317291259765625000000000000000
-33081815.2758652903139591217041015625000000000000
4360717.9306015400215983390808105468750000000000
3285227.7962088971398770809173583984375000000000
-61484025.3118697032332420349121093750000000000000
-23082422.7621210329234600067138671875000000000000
63121125.0779563635587692260742187500000000000000
-32072474.1099757477641105651855468750000000000000
-23254488.6956331729888916015625000000000000000000
26731704.8589920029044151306152343750000000000000
-51805670.6234988123178482055664062500000000000000
64105113.4729920998215675354003906250000000000000
-17972615.8368579410016536712646484375000000000000
-25531622.3646814636886119842529296875000000000000
7520630.5573391942307353019714355468750000000000
-26088099.3654193468391895294189453125000000000000
7748736.9300186410546302795410156250000000000000
-14132077.3258288539946079254150390625000000000000
-46164557.6163777112960815429687500000000000000000
-58520817.4466564580798149108886718750000000000000
65913660.7437710687518119812011718750000000000000
-17321816.4628505557775497436523437500000000000000
26350440.4005497768521308898925781250000000000000
-45155638.1618278920650482177734375000000000000000
2943601.1885383939370512962341308593750000000000
-9658119.9454413112252950668334960937500000000000
25325950.6740674674510955810546875000000000000000
-49051713.3164949640631675720214843750000000000000
16812439.8979640454053878784179687500000000000000
79410562.0797120481729507446289062500000000000000
21562472.6869883723556995391845703125000000000000
66769770.3327911347150802612304687500000000000000
-2461566.1061750501394271850585937500000000000000
-71178474.8585727363824844360351562500000000000000
66792814.4696659147739410400390625000000000000000
9546105.3766431491822004318237304687500000000000
-26569651.4679913632571697235107421875000000000000
-32704757.2981473058462142944335937500000000000000
72236948.6440948843955993652343750000000000000000
-11230503.4035853650420904159545898437500000000000
3139030.5235974835231900215148925781250000000000
-52389014.3108947202563285827636718750000000000000
21779633.9783283956348896026611328125000000000000
-90900165.7680791765451431274414062500000000000000
-13917226.0319852288812398910522460937500000000000
45643013.7617111727595329284667968750000000000000
5722264.5607439093291759490966796875000000000000
-20911802.6046380586922168731689453125000000000000
-17238758.9802182875573635101318359375000000000000
5543516.8113625152036547660827636718750000000000
-936413.5988156113307923078536987304687500000000
101006650.6872038990259170532226562500000000000000
-1810899.5329028980340808629989624023437500000000
-3378796.5311485175043344497680664062500000000000
-8209348.6937153842300176620483398437500000000000
-24464828.0119774825870990753173828125000000000000
50843505.9553088918328285217285156250000000000000
-20852402.8209501877427101135253906250000000000000
30009680.2858712263405323028564453125000000000000
2932973.9171307389624416828155517578125000000000
53875058.8196183294057846069335937500000000000000
3219398.6236805170774459838867187500000000000000
27447145.4871477298438549041748046875000000000000
52527425.4288023561239242553710937500000000000000
35954920.1433376744389533996582031250000000000000
34893776.4772042185068130493164062500000000000000
-50226697.2376319691538810729980468750000000000000
3988980.5591514841653406620025634765625000000000
32056989.5580074414610862731933593750000000000000
-10211961.7885643932968378067016601562500000000000
18645865.4733535982668399810791015625000000000000
-14472504.6484900005161762237548828125000000000000
-15294866.1755870338529348373413085937500000000000
-50737901.9942272603511810302734375000000000000000
-44495632.6767100244760513305664062500000000000000
-22790520.9671481214463710784912109375000000000000
-39323658.7156748399138450622558593750000000000000
8029857.5201974473893642425537109375000000000000
-25102609.0982488021254539489746093750000000000000
46299340.0683168396353721618652343750000000000000
35745115.4777863696217536926269531250000000000000
44293435.7662533968687057495117187500000000000000
-73053363.0091279000043869018554687500000000000000
-33118531.7435586825013160705566406250000000000000
59474576.6330721303820610046386718750000000000000
-5055841.7948712706565856933593750000000000000000
-5478447.2045661052688956260681152343750000000000
10894777.3422324396669864654541015625000000000000
-67789299.7513371556997299194335937500000000000000
27095808.1282987929880619049072265625000000000000
2003715.6152935700956732034683227539062500000000
-46102508.7664671093225479125976562500000000000000
20989027.8248295933008193969726562500000000000000
2171522.7961384663358330726623535156250000000000
-14396940.4304119888693094253540039062500000000000
-50829188.7552682384848594665527343750000000000000
19247250.5889623165130615234375000000000000000000
6558962.8818118460476398468017578125000000000000
-33406557.5313356295228004455566406250000000000000
5858135.3346833530813455581665039062500000000000
-16566792.1421909537166357040405273437500000000000
-3601004.1999682607129216194152832031250000000000
10049578.5921123400330543518066406250000000000000
-14612424.3865887541323900222778320312500000000000
38173117.6482302993535995483398437500000000000000
-49219170.8371535390615463256835937500000000000000
14158909.7287596464157104492187500000000000000000
-16577210.9736690521240234375000000000000000000000
-34170071.2025334909558296203613281250000000000000
14985554.3345691058784723281860351562500000000000
59935558.3326273411512374877929687500000000000000
-26888487.8666104450821876525878906250000000000000
-71389184.7675845623016357421875000000000000000000
51186441.6643165349960327148437500000000000000000
-20837439.6044226251542568206787109375000000000000
-26897683.8418659083545207977294921875000000000000
23473874.1743037179112434387207031250000000000000
22877316.4513437785208225250244140625000000000000
-24862952.2749677151441574096679687500000000000000
6692359.5390172163024544715881347656250000000000
1801308.4712787610478699207305908203125000000000
8213589.9275188865140080451965332031250000000000
70763695.2616330683231353759765625000000000000000
38084401.1079860851168632507324218750000000000000
-33000132.2485023252665996551513671875000000000000
13598572.7064697872847318649291992187500000000000
43269152.8729465678334236145019531250000000000000
-92126979.4634706974029541015625000000000000000000
2835191.7075214628130197525024414062500000000000
-54271797.6009950861334800720214843750000000000000
-15843978.7693431694060564041137695312500000000000
-15366364.6149340439587831497192382812500000000000
20416042.3157757669687271118164062500000000000000
-40802617.7735969424247741699218750000000000000000
-39302429.6236543357372283935546875000000000000000
-45135667.1822170987725257873535156250000000000000
-49304833.8408842906355857849121093750000000000000
49822430.3208872452378273010253906250000000000000
-4336980.9556252695620059967041015625000000000000
6377948.0712958658114075660705566406250000000000
7335649.7922165310010313987731933593750000000000
-35532610.3305761069059371948242187500000000000000
-46365205.2547221258282661437988281250000000000000
-33038841.3553206324577331542968750000000000000000
16641749.0164351630955934524536132812500000000000
-29274329.5497799031436443328857421875000000000000
-10179754.6006343252956867218017578125000000000000
-18582704.3155486173927783966064453125000000000000
19398166.7549107335507869720458984375000000000000
15018065.9627827573567628860473632812500000000000
-16556728.0326490551233291625976562500000000000000
32387305.0194905959069728851318359375000000000000
9113153.7058893926441669464111328125000000000000
35833637.4511601477861404418945312500000000000000
-9826284.2321646008640527725219726562500000000000
-28687542.6607631854712963104248046875000000000000
52661438.1274680420756340026855468750000000000000
32975571.2163443155586719512939453125000000000000
-21042981.7693847492337226867675781250000000000000
3104604.6459623984992504119873046875000000000000
14372546.2153756413608789443969726562500000000000
34838483.0915532335638999938964843750000000000000
-6029011.9662349866703152656555175781250000000000
3332922.1607361785136163234710693359375000000000
31244137.9226858876645565032958984375000000000000
40836640.3321945592761039733886718750000000000000
5095562.5833186991512775421142578125000000000000
-13080443.1497118361294269561767578125000000000000
-14025798.1044685635715723037719726562500000000000
1948302.9169447964522987604141235351562500000000
32370178.5554931797087192535400390625000000000000
-10444097.4465774632990360260009765625000000000000
-2417170.2110403459519147872924804687500000000000
-25097443.3665503524243831634521484375000000000000
29516373.3585563004016876220703125000000000000000
13819851.1850212831050157546997070312500000000000
34707292.9462460055947303771972656250000000000000
10357198.7616717424243688583374023437500000000000
4618881.0295085189864039421081542968750000000000
19207430.5881827957928180694580078125000000000000
-29137107.1891679428517818450927734375000000000000
6261989.4239925350993871688842773437500000000000
60928675.6381374150514602661132812500000000000000
31079667.2899495549499988555908203125000000000000
-14369635.9929788224399089813232421875000000000000
26533115.9990168437361717224121093750000000000000
33632681.5275881811976432800292968750000000000000
-39269169.3443436175584793090820312500000000000000
-2235722.0918186642229557037353515625000000000000
-21943217.6291274577379226684570312500000000000000
-5197168.0590431271120905876159667968750000000000
22796417.3732457980513572692871093750000000000000
2727902.2836885559372603893280029296875000000000
23490774.6154227815568447113037109375000000000000
-9624458.4319410864263772964477539062500000000000
81931.3716059559956192970275878906250000000000
12114130.2574553675949573516845703125000000000000
-1590487.3730806654784828424453735351562500000000
-12552444.8533257618546485900878906250000000000000
9460412.5622808970510959625244140625000000000000
-20849867.4036546126008033752441406250000000000000
22480141.2342260256409645080566406250000000000000
11581721.2912590019404888153076171875000000000000
12229693.9532714858651161193847656250000000000000
12720190.8443451914936304092407226562500000000000
24994028.6230758763849735260009765625000000000000
-45149509.2401840090751647949218750000000000000000
-19284086.5377059727907180786132812500000000000000
34696957.7675124481320381164550781250000000000000
32853600.2765891104936599731445312500000000000000
35626350.8172614499926567077636718750000000000000
-28939012.2494582273066043853759765625000000000000
-7657603.7719032680615782737731933593750000000000
-20798856.6472401879727840423583984375000000000000
37760556.8048805668950080871582031250000000000000
34873348.2579599544405937194824218750000000000000
-3155362.5510555207729339599609375000000000000000
-41054648.3162867426872253417968750000000000000000
-17641419.8754412606358528137207031250000000000000
-10613377.9177208878099918365478515625000000000000
44757100.1585971787571907043457031250000000000000
7157445.9125265041366219520568847656250000000000
-6675423.0410610744729638099670410156250000000000
20675344.4279913641512393951416015625000000000000
-47970684.5714294537901878356933593750000000000000
6244136.5560685815289616584777832031250000000000
-9998220.9577501695603132247924804687500000000000
-15141338.2428481280803680419921875000000000000000
-23200969.9525290429592132568359375000000000000000
-27813011.9973410293459892272949218750000000000000
-15418416.9599255360662937164306640625000000000000
1910308.7311636249069124460220336914062500000000
12004656.6749175656586885452270507812500000000000
3007467.9924845718778669834136962890625000000000
8462742.4229379016906023025512695312500000000000
4606507.7094092266634106636047363281250000000000
15591574.3941762931644916534423828125000000000000
-42723760.1906007975339889526367187500000000000000
-11650800.2660336662083864212036132812500000000000
4353939.5090321293100714683532714843750000000000
-34512384.0356006324291229248046875000000000000000
36987526.2147949337959289550781250000000000000000
15725979.3179003670811653137207031250000000000000
32693662.5895989201962947845458984375000000000000
-4168095.1553555820137262344360351562500000000000
-15637402.7368531432002782821655273437500000000000
-8185114.8271707687526941299438476562500000000000
-43042112.9152145236730575561523437500000000000000
-8862546.7315491549670696258544921875000000000000
-20430191.0843663290143013000488281250000000000000
2521540.8204508349299430847167968750000000000000
30670033.3806826099753379821777343750000000000000
-1955406.7398148924112319946289062500000000000000
-76132078.9149502962827682495117187500000000000000
-1189872.5390613735653460025787353515625000000000
-15548385.2007297910749912261962890625000000000000
17565931.3050536327064037322998046875000000000000
-40139776.8742819502949714660644531250000000000000
-20860276.3133372217416763305664062500000000000000
23403955.4540067240595817565917968750000000000000
67520097.3859234899282455444335937500000000000000
8852672.3839649092406034469604492187500000000000
27330489.3758754543960094451904296875000000000000
-12316472.2629454582929611206054687500000000000000
4055638.0748819662258028984069824218750000000000
363600.2805093858623877167701721191406250000000
-23744920.3380166366696357727050781250000000000000
-9724036.9096637237817049026489257812500000000000
-1660748.2873724286910146474838256835937500000000
-16506446.4076041169464588165283203125000000000000
-43903148.3672013357281684875488281250000000000000
-21515610.7567676976323127746582031250000000000000
23959533.8001106604933738708496093750000000000000
-16600830.2427566982805728912353515625000000000000
-1609794.7796518371906131505966186523437500000000
41333878.8741410523653030395507812500000000000000
15035148.8264259807765483856201171875000000000000
11730817.6563174035400152206420898437500000000000
-21892183.2774640321731567382812500000000000000000
-9637838.1435199510306119918823242187500000000000
17679324.5838861726224422454833984375000000000000
36630556.3990013003349304199218750000000000000000
-20635654.5265949778258800506591796875000000000000
-11020728.9081815928220748901367187500000000000000
-12822378.2526281625032424926757812500000000000000
-19152713.3831521607935428619384765625000000000000
-979160.0483866373542696237564086914062500000000
-6647007.0123290000483393669128417968750000000000
-13231401.8103487771004438400268554687500000000000
-37002747.9149353280663490295410156250000000000000
-25006131.8591409213840961456298828125000000000000
782994.6966278640320524573326110839843750000000
30295989.6457018777728080749511718750000000000000
4006928.9379857480525970458984375000000000000000
19026786.7966295927762985229492187500000000000000
-23681410.9212116003036499023437500000000000000000
-4535435.6137843793258070945739746093750000000000
7623802.6820172388106584548950195312500000000000
25570535.7563580349087715148925781250000000000000
34811184.4499845728278160095214843750000000000000
11866098.0748677086085081100463867187500000000000
-17349508.4027640782296657562255859375000000000000
-31280140.9875303395092487335205078125000000000000
11346505.3114243950694799423217773437500000000000
5309903.7750072153285145759582519531250000000000
27296863.6564154028892517089843750000000000000000
7556797.8523084409534931182861328125000000000000
8920224.9729278814047574996948242187500000000000
9808631.1374909318983554840087890625000000000000
9842136.9459454789757728576660156250000000000000
-33052541.5365091599524021148681640625000000000000
-2372100.2669701837003231048583984375000000000000
-21680382.7977533116936683654785156250000000000000
-18331890.5195891931653022766113281250000000000000
9245513.8083444144576787948608398437500000000000
42259427.7968923896551132202148437500000000000000
6092663.3153242114931344985961914062500000000000
25678942.8198324069380760192871093750000000000000
8367467.2050876459106802940368652343750000000000
-14813868.1902857217937707901000976562500000000000
9662602.0864805690944194793701171875000000000000
17961326.5619010329246520996093750000000000000000
16420335.3068455215543508529663085937500000000000
-8080333.9749690769240260124206542968750000000000
-23406433.2738969512283802032470703125000000000000
-2269566.2839561961591243743896484375000000000000
-26417983.2830967903137207031250000000000000000000
35482701.8148768618702888488769531250000000000000
13624998.7933006566017866134643554687500000000000
-4918314.0019794479012489318847656250000000000000
7418337.9871388208121061325073242187500000000000
-11799390.5061694942414760589599609375000000000000
642299.6799482649657875299453735351562500000000
942699.3654839532682672142982482910156250000000
17138137.8481047712266445159912109375000000000000
-10584879.4665067791938781738281250000000000000000
21293850.9182973839342594146728515625000000000000
402714.8954157411935739219188690185546875000000
8576610.3551808893680572509765625000000000000000
11763094.6017583720386028289794921875000000000000
-20552139.6459153257310390472412109375000000000000
-2168186.9355023656971752643585205078125000000000
-20589411.3994018957018852233886718750000000000000
33447370.2347551919519901275634765625000000000000
-5629724.4624375011771917343139648437500000000000
-14619026.8669191189110279083251953125000000000000
-4642955.2106078183278441429138183593750000000000
-31518114.7287466749548912048339843750000000000000
-24051.3584366734612558502703905105590820312500
-49237740.9926886335015296936035156250000000000000
-14903932.2443397101014852523803710937500000000000
-23480700.8564347922801971435546875000000000000000
7748243.6248797765001654624938964843750000000000
14403555.9761610701680183410644531250000000000000
8739523.9444925077259540557861328125000000000000
11885820.4541614074259996414184570312500000000000
-20285293.9169639609754085540771484375000000000000
19559947.8385502286255359649658203125000000000000
3787433.8730816855095326900482177734375000000000
-458596.5550887441495433449745178222656250000000
-21463811.9110674783587455749511718750000000000000
11117355.8181819692254066467285156250000000000000
-9349198.6285495292395353317260742187500000000000
16799886.3092291802167892456054687500000000000000
20002010.1738856695592403411865234375000000000000
-28523416.0173634886741638183593750000000000000000
-17040891.0592229701578617095947265625000000000000
-6312980.6125228460878133773803710937500000000000
4797089.7863376801833510398864746093750000000000
-1483905.4943454286549240350723266601562500000000
27485257.4471441544592380523681640625000000000000
8513706.1494054179638624191284179687500000000000
13950488.0513065569102764129638671875000000000000
12785736.3615171425044536590576171875000000000000
-16941169.1933644823729991912841796875000000000000
26344355.2044886909425258636474609375000000000000
27241731.1889850310981273651123046875000000000000
8292912.0644180886447429656982421875000000000000
-38544774.2748032882809638977050781250000000000000
-4220928.7645936487242579460144042968750000000000
7548970.5726076532155275344848632812500000000000
18341365.7436606734991073608398437500000000000000
-15425158.7983273789286613464355468750000000000000
9770728.2347050029784440994262695312500000000000
-25382055.3342567607760429382324218750000000000000
-545430.5514813687186688184738159179687500000000
32420535.5898087769746780395507812500000000000000
-12431449.5782217551022768020629882812500000000000
-4267578.5800204807892441749572753906250000000000
2631867.3709788215346634387969970703125000000000
-14512723.3407241478562355041503906250000000000000
939828.8908812595764175057411193847656250000000
8290708.3495901999995112419128417968750000000000
15840598.8178884908556938171386718750000000000000
-20079069.8537123538553714752197265625000000000000
12345840.5573631636798381805419921875000000000000
17587228.9019564278423786163330078125000000000000
19500442.7931400090456008911132812500000000000000
-18532820.2941595502197742462158203125000000000000
-6510489.6397125273942947387695312500000000000000
-2919696.5892035923898220062255859375000000000000
22248681.0426155440509319305419921875000000000000
14389494.0127681307494640350341796875000000000000
25125759.7670439444482326507568359375000000000000
-3353145.9947821269743144512176513671875000000000
-24454479.8077468909323215484619140625000000000000
8937142.9027881361544132232666015625000000000000
11005625.0695571340620517730712890625000000000000
18839396.6920187771320343017578125000000000000000
-13320312.9431205261498689651489257812500000000000
-13622791.3741096258163452148437500000000000000000
-14516389.2154440786689519882202148437500000000000
-10236430.1340806111693382263183593750000000000000
-22974104.3351657912135124206542968750000000000000
13190852.2256431430578231811523437500000000000000
-32733650.9365606643259525299072265625000000000000
-16052056.3052851501852273941040039062500000000000
3521049.0567828337661921977996826171875000000000
-8157866.4139618529006838798522949218750000000000
6600177.0354628926143050193786621093750000000000
-3551341.5352658028714358806610107421875000000000
-13642082.1880254652351140975952148437500000000000
21699522.9806385561823844909667968750000000000000
-20088150.0488727986812591552734375000000000000000
-5706735.3070660037919878959655761718750000000000
-5258807.6459264066070318222045898437500000000000
-11222072.4734929297119379043579101562500000000000
10449234.5281203296035528182983398437500000000000
3675327.6498623499646782875061035156250000000000
19823184.6089304052293300628662109375000000000000
-2262492.9420325411483645439147949218750000000000
1321155.7127402045298367738723754882812500000000
16563767.8203252684324979782104492187500000000000
-13873226.8766058143228292465209960937500000000000
-17256295.8011230714619159698486328125000000000000
3912311.1635055812075734138488769531250000000000
-245721.2916370863094925880432128906250000000000
-3417098.3202549740672111511230468750000000000000
21461697.6164050176739692687988281250000000000000
4521816.4211352895945310592651367187500000000000
4864438.5437455121427774429321289062500000000000
