0.8877286108877930903560127262608148157597
-98.4247742349711955966995446942746639251709
2809.4837119041612822911702096462249755859375
-33975.4508283022223622538149356842041015625000
203363.6145953886443749070167541503906250000000
-588941.3259226622758433222770690917968750000000
418928.1970781062263995409011840820312500000000
2066861.4595945172477513551712036132812500000000
-5580284.5410860916599631309509277343750000000000
3923538.2778799743391573429107666015625000000000
2660887.4729472314938902854919433593750000000000
-4307726.7739735459908843040466308593750000000000
1052051.0651809254195541143417358398437500000000
-939263.1819297554902732372283935546875000000000
3199007.7637926903553307056427001953125000000000
-4378972.3767104307189583778381347656250000000000
-595730.2311201434349641203880310058593750000000
4608199.4068943150341510772705078125000000000000
5344006.8410502215847373008728027343750000000000
-7584832.0793734053149819374084472656250000000000
-5510468.0949314702302217483520507812500000000000
6798178.3070144969969987869262695312500000000000
332250.5769986086525022983551025390625000000000
-2412282.2913563065230846405029296875000000000000
10026975.3201459571719169616699218750000000000000
-20097685.2046306766569614410400390625000000000000
9639724.6357703842222690582275390625000000000000
5905026.8719654763117432594299316406250000000000
-5803977.8044427279382944107055664062500000000000
2406216.9316566935740411281585693359375000000000
2693733.5941149140708148479461669921875000000000
-525290.8328541811788454651832580566406250000000
-3313158.6959865097887814044952392578125000000000
-373696.5496308670844882726669311523437500000000
186410.6922902351943776011466979980468750000000
-898818.7386568975634872913360595703125000000000
-823768.6164722130633890628814697265625000000000
488862.9693836997612379491329193115234375000000
2648946.0803048978559672832489013671875000000000
1187294.3263950864784419536590576171875000000000
1175894.4766373874153941869735717773437500000000
-1440270.5273764657322317361831665039062500000000
-2756433.8036265457049012184143066406250000000000
-1628613.7222102403175085783004760742187500000000
-1212646.5106184545438736677169799804687500000000
6338508.9769495995715260505676269531250000000000
-2478445.8997563468292355537414550781250000000000
-2234103.6539275296963751316070556640625000000000
1406840.1340754171833395957946777343750000000000
-148336.2414300691452808678150177001953125000000
1852721.5992617695592343807220458984375000000000
-303197.4218257073080167174339294433593750000000
1837098.1883627062197774648666381835937500000000
-1236138.2345714853145182132720947265625000000000
695845.0148127875290811061859130859375000000000
-3532824.6092283409088850021362304687500000000000
1156913.3583148533944040536880493164062500000000
1444835.5445549970027059316635131835937500000000
-2977401.2329696300439536571502685546875000000000
2066563.9790935518685728311538696289062500000000
-2831117.1535595771856606006622314453125000000000
4389119.1482022777199745178222656250000000000000
-1312195.2843297549989074468612670898437500000000
2678415.4622984514571726322174072265625000000000
-4297884.6985987676307559013366699218750000000000
172893.0584341895882971584796905517578125000000
-2046863.0664575661066919565200805664062500000000
4472637.5794729022309184074401855468750000000000
2818631.8312993976287543773651123046875000000000
-4998688.8822843441739678382873535156250000000000
1801032.1210358124226331710815429687500000000000
713521.7735093144001439213752746582031250000000
1332235.0558642002288252115249633789062500000000
1751736.8884076199028640985488891601562500000000
-1430419.3859226880595088005065917968750000000000
-625197.3309696490177884697914123535156250000000
1737555.1726865405216813087463378906250000000000
-2255862.0983605100773274898529052734375000000000
-2989849.6005294383503496646881103515625000000000
-2412161.0948468726128339767456054687500000000000
557454.4724579295143485069274902343750000000000
-2234030.2627344024367630481719970703125000000000
-530069.4037631553364917635917663574218750000000
-9397370.6527622733265161514282226562500000000000
1022886.4113114608917385339736938476562500000000
6969932.6068840995430946350097656250000000000000
2022285.8372453791089355945587158203125000000000
282879.9589838259853422641754150390625000000000
4662291.2599069410935044288635253906250000000000
39782.0820032286937930621206760406494140625000
560463.3765914210816845297813415527343750000000
2870512.2490738350898027420043945312500000000000
4840308.6811058316379785537719726562500000000000
-3814920.7769861035048961639404296875000000000000
-245897.6794060789397917687892913818359375000000
-1135988.5995642235502600669860839843750000000000
3662000.8644175385124981403350830078125000000000
3104442.2583492291159927845001220703125000000000
747193.1687193511752411723136901855468750000000
-7549552.9348872806876897811889648437500000000000
-5637187.9850085237994790077209472656250000000000
7401208.7180641721934080123901367187500000000000
-391034.5395001610741019248962402343750000000000
-1381199.1802013432607054710388183593750000000000
2551228.1593366009183228015899658203125000000000
-4775525.1865925053134560585021972656250000000000
-4413972.6743189506232738494873046875000000000000
1749164.6099495391827076673507690429687500000000
1809930.9448048986960202455520629882812500000000
2579031.2074629422277212142944335937500000000000
735605.4496429420541971921920776367187500000000
-10265518.2044003289192914962768554687500000000000
-3385858.0287301870994269847869873046875000000000
-122891.2456302505015628412365913391113281250000
10163394.6761626768857240676879882812500000000000
4270506.9172695167362689971923828125000000000000
-4165517.3371616019867360591888427734375000000000
-8043424.8926777932792901992797851562500000000000
2733329.6586058372631669044494628906250000000000
1229208.2331899204291403293609619140625000000000
650699.8435062349308282136917114257812500000000
1351859.9145525018684566020965576171875000000000
5822371.9960162118077278137207031250000000000000
1785995.6176430319901555776596069335937500000000
-1773462.7244605079758912324905395507812500000000
-1078198.5918660738971084356307983398437500000000
-6501010.4063653796911239624023437500000000000000
-5433780.8527045678347349166870117187500000000000
2682125.8797319526784121990203857421875000000000
2143900.3143274802714586257934570312500000000000
2238108.3423728425987064838409423828125000000000
3741243.4699971782974898815155029296875000000000
6706766.4736686423420906066894531250000000000000
-986472.1170198919717222452163696289062500000000
2192534.7641692669130861759185791015625000000000
-4940316.1229947237297892570495605468750000000000
-2157330.7251362702809274196624755859375000000000
-7556888.2604579003527760505676269531250000000000
4069150.1145785748958587646484375000000000000000
-253664.7927039636997506022453308105468750000000
1618374.1519134447444230318069458007812500000000
4954891.2702571125701069831848144531250000000000
-605525.6314100977033376693725585937500000000000
-4069311.3766456143930554389953613281250000000000
-4828024.1025269990786910057067871093750000000000
1056008.0860969277564436197280883789062500000000
-740147.9899746092269197106361389160156250000000
-5259352.9844903899356722831726074218750000000000
3285957.6345923389308154582977294921875000000000
1338305.2213618790265172719955444335937500000000
3805364.3407043353654444217681884765625000000000
6569694.3347586793825030326843261718750000000000
-5059232.1871786657720804214477539062500000000000
5840308.7713526878505945205688476562500000000000
5391550.8234053002670407295227050781250000000000
-1398343.9733244930393993854522705078125000000000
2266416.8868735921569168567657470703125000000000
1996292.9352363904472440481185913085937500000000
-8142965.8734835674986243247985839843750000000000
-5821791.2591966297477483749389648437500000000000
-4098189.8460993119515478610992431640625000000000
-3778343.4599283868446946144104003906250000000000
4681982.4072668077424168586730957031250000000000
-240548.7067219002055935561656951904296875000000
-7036939.8381999768316745758056640625000000000000
263749.8963041481329128146171569824218750000000
3369519.1573595367372035980224609375000000000000
-758297.4035686047282069921493530273437500000000
-1941027.8110038663726300001144409179687500000000
-5757452.7668644292280077934265136718750000000000
4400107.1228722864761948585510253906250000000000
-254228.9222073655109852552413940429687500000000
2183574.4483761079609394073486328125000000000000
-2605131.0644419966265559196472167968750000000000
-907062.3219844833947718143463134765625000000000
6150692.3280579140409827232360839843750000000000
-4838432.1556403124704957008361816406250000000000
2644844.0869778716005384922027587890625000000000
9485490.8836613725870847702026367187500000000000
2219136.8244520784355700016021728515625000000000
-4326921.0677348105236887931823730468750000000000
3042545.3762612915597856044769287109375000000000
6491796.7760773850604891777038574218750000000000
5648807.2993198484182357788085937500000000000000
5943373.6277797743678092956542968750000000000000
3223763.5811943975277245044708251953125000000000
233015.6189370216161478310823440551757812500000
-35197.4827759047839208506047725677490234375000
-7074632.6263784747570753097534179687500000000000
-7128454.5818048464134335517883300781250000000000
-2911961.0505445403978228569030761718750000000000
-453340.7633265584008768200874328613281250000000
-1133158.2567512332461774349212646484375000000000
102406.0132096607267158105969429016113281250000
-4154732.8725435212254524230957031250000000000000
-10906061.3638292774558067321777343750000000000000
6006956.0822556065395474433898925781250000000000
4908978.5629335334524512290954589843750000000000
-768380.1424031544011086225509643554687500000000
1090003.9214500803500413894653320312500000000000
-1644979.3938201135024428367614746093750000000000
-9302661.0390292573720216751098632812500000000000
2668472.7267594826407730579376220703125000000000
2853843.7851987862959504127502441406250000000000
310264.3099315949366427958011627197265625000000
3916825.2769932136870920658111572265625000000000
-4888908.0826862771064043045043945312500000000000
889289.2339086720021441578865051269531250000000
-4895640.5726327244192361831665039062500000000000
10632142.1428392715752124786376953125000000000000
2455963.0731574869714677333831787109375000000000
6432304.0716054094955325126647949218750000000000
-1155705.0239369519986212253570556640625000000000
-3128393.0047736791893839836120605468750000000000
150056.3236003406636882573366165161132812500000
-740639.1175751294940710067749023437500000000000
-2697919.9916067887097597122192382812500000000000
5324186.9717497443780303001403808593750000000000
-7003353.6442957744002342224121093750000000000000
8820529.3387600127607583999633789062500000000000
-8812497.4017080795019865036010742187500000000000
-2322846.8312974134460091590881347656250000000000
1555956.0124423920642584562301635742187500000000
-6043891.0124605223536491394042968750000000000000
-4562224.0391722414642572402954101562500000000000
869679.2774913412285968661308288574218750000000
-9631153.2783818729221820831298828125000000000000
-284740.7447815502528101205825805664062500000000
4420085.7518748380243778228759765625000000000000
5246207.4728055763989686965942382812500000000000
3099507.5171932526864111423492431640625000000000
1159302.9191901129670441150665283203125000000000
-4802132.1975168930366635322570800781250000000000
2509162.1590508772060275077819824218750000000000
3457414.4811007850803434848785400390625000000000
-5417898.1261694971472024917602539062500000000000
696352.4698739394079893827438354492187500000000
2524779.2173506077378988265991210937500000000000
-1166249.0506761942524462938308715820312500000000
-3249060.3894495060667395591735839843750000000000
2474643.2681424394249916076660156250000000000000
-3323625.7444990081712603569030761718750000000000
-1036743.4252338228980079293251037597656250000000
-1906154.3728269063867628574371337890625000000000
4951802.8458181712776422500610351562500000000000
-3308292.8502531093545258045196533203125000000000
-4237688.6444602869451045989990234375000000000000
8053460.4313753042370080947875976562500000000000
-2855261.1873814612627029418945312500000000000000
3426843.1500736218877136707305908203125000000000
3165680.8536689165048301219940185546875000000000
-317567.0872310302220284938812255859375000000000
4775389.7346616396680474281311035156250000000000
1805190.8380314484238624572753906250000000000000
-593726.0449107607128098607063293457031250000000
-417905.0776807969668880105018615722656250000000
6222018.0423936685547232627868652343750000000000
-3783174.2176162502728402614593505859375000000000
539711.2272380442591384053230285644531250000000
754858.5902897276682779192924499511718750000000
3786705.7278171940706670284271240234375000000000
-2178649.7192082763649523258209228515625000000000
-2246505.5953937936574220657348632812500000000000
197576.6390610390517394989728927612304687500000
1915999.8965486786328256130218505859375000000000
-1249495.2134527894668281078338623046875000000000
2914472.7052925028838217258453369140625000000000
-4105366.7151496750302612781524658203125000000000
-4935795.4754239637404680252075195312500000000000
1041452.5776440878398716449737548828125000000000
911336.2965411694021895527839660644531250000000
-2151065.5071827587671577930450439453125000000000
939986.1539913968881592154502868652343750000000
-400014.9940889920690096914768218994140625000000
3616648.0534272897057235240936279296875000000000
7028754.4256403325125575065612792968750000000000
8066395.7904905257746577262878417968750000000000
7355090.8012616718187928199768066406250000000000
1933049.1409970731474459171295166015625000000000
-1685939.3740463834255933761596679687500000000000
3369497.9538097064942121505737304687500000000000
2913343.6830365816131234169006347656250000000000
856907.3540256468113511800765991210937500000000
-3534365.2455222881399095058441162109375000000000
-7408701.2179529927670955657958984375000000000000
1212643.4027750769164413213729858398437500000000
-4223674.6576811922714114189147949218750000000000
19172.9101367998810019344091415405273437500000
516130.2251750443829223513603210449218750000000
-628320.3696020977804437279701232910156250000000
-1108308.8874089817982167005538940429687500000000
-1782931.6321892898995429277420043945312500000000
-9682864.5143653415143489837646484375000000000000
664177.5312638251343742012977600097656250000000
-1815992.8324907589703798294067382812500000000000
193503.8997350337158422917127609252929687500000
-8402035.1427130978554487228393554687500000000000
5674068.3382902741432189941406250000000000000000
-587233.1938248052028939127922058105468750000000
-7147312.8155872244387865066528320312500000000000
-939300.4427704622503370046615600585937500000000
-5750001.9272640720009803771972656250000000000000
-2828455.0664541744627058506011962890625000000000
-977504.7857100561959668993949890136718750000000
1466183.0805220766924321651458740234375000000000
2611174.0352358696982264518737792968750000000000
-7871557.5363876298069953918457031250000000000000
-636926.3205830167280510067939758300781250000000
3018190.8222173266112804412841796875000000000000
3785011.8565797549672424793243408203125000000000
5342951.4224484013393521308898925781250000000000
-635308.2968154923291876912117004394531250000000
806728.8062231950461864471435546875000000000000
-2735435.2066161348484456539154052734375000000000
-4942421.9250233080238103866577148437500000000000
-320931.3796407961635850369930267333984375000000
539705.0817660327302291989326477050781250000000
-5779740.0690209697932004928588867187500000000000
1263544.5204300186596810817718505859375000000000
-4884137.2769838683307170867919921875000000000000
6924287.6476154355332255363464355468750000000000
-494110.6080013055470772087574005126953125000000
-2448506.8670207597315311431884765625000000000000
-1742462.1798016615211963653564453125000000000000
5132555.7809371938928961753845214843750000000000
3911547.8664284585975110530853271484375000000000
3007999.6620362759567797183990478515625000000000
-2132428.0494343675673007965087890625000000000000
313354.3577117690001614391803741455078125000000
-3045499.2287878850474953651428222656250000000000
2872390.5902440361678600311279296875000000000000
181428.2714024870074354112148284912109375000000
8130645.9784741578623652458190917968750000000000
2852329.2805616836994886398315429687500000000000
-622881.2826675227843225002288818359375000000000
7311754.4415386216714978218078613281250000000000
1439944.0423436237033456563949584960937500000000
291466.3775431320536881685256958007812500000000
358566.1424243068322539329528808593750000000000
-420027.6973823372391052544116973876953125000000
1675307.1452912141103297472000122070312500000000
7875091.9709015833213925361633300781250000000000
4376287.5337450979277491569519042968750000000000
-2955190.9072185168042778968811035156250000000000
-2187202.7559026051312685012817382812500000000000
-7494101.0898912446573376655578613281250000000000
-3960784.3974057794548571109771728515625000000000
2597760.2823989973403513431549072265625000000000
3776082.6037809527479112148284912109375000000000
-1799171.9621749625075608491897583007812500000000
-4319805.0388063527643680572509765625000000000000
79505.3526084524492034688591957092285156250000
-3345840.1761273178271949291229248046875000000000
-1529349.0280341031029820442199707031250000000000
3568778.7626758120022714138031005859375000000000
-656384.7935726909199729561805725097656250000000
-1801431.8849318739958107471466064453125000000000
6245513.3415393820032477378845214843750000000000
-466374.7336845530662685632705688476562500000000
4501723.1516560893505811691284179687500000000000
1255521.2704492865595966577529907226562500000000
-2134170.8585869953967630863189697265625000000000
2063440.3436472436878830194473266601562500000000
-5803877.3277846463024616241455078125000000000000
8654869.0116300694644451141357421875000000000000
4354283.6639477945864200592041015625000000000000
-3577798.1672352915629744529724121093750000000000
-4449063.1929833069443702697753906250000000000000
-392425.6259375876397825777530670166015625000000
-1359424.6701714806258678436279296875000000000000
2824858.9044418423436582088470458984375000000000
-1435557.1476440886035561561584472656250000000000
-665172.7105231173336505889892578125000000000000
502660.3149369099992327392101287841796875000000
258163.9079217739927116781473159790039062500000
-5840749.6412154622375965118408203125000000000000
76599.9985968208202393725514411926269531250000
2778563.3496763389557600021362304687500000000000
1799164.3739045266993343830108642578125000000000
-1883741.9767320195678621530532836914062500000000
-8331062.6522539369761943817138671875000000000000
-5484085.3972137924283742904663085937500000000000
3317522.8838533773086965084075927734375000000000
-3058864.5390769736841320991516113281250000000000
-3950921.3741887263022363185882568359375000000000
-10073512.3717998359352350234985351562500000000000
88197.6425641622772673144936561584472656250000
-4066070.4368495247326791286468505859375000000000
5638525.4965704418718814849853515625000000000000
-1290367.1856175528373569250106811523437500000000
-1085120.1535904156044125556945800781250000000000
2859631.1067773015238344669342041015625000000000
1871632.1481045398395508527755737304687500000000
2900459.0100050582550466060638427734375000000000
2811321.6556414808146655559539794921875000000000
428060.4441579137928783893585205078125000000000
6741102.4807159285992383956909179687500000000000
1646824.4818857528734952211380004882812500000000
1063739.1207280175294727087020874023437500000000
-2349578.9523361627943813800811767578125000000000
1214434.6096030646003782749176025390625000000000
3528871.7555843358859419822692871093750000000000
4374938.8225923031568527221679687500000000000000
2291908.7152817253954708576202392578125000000000
-7821781.5652411105111241340637207031250000000000
-9960458.2307403888553380966186523437500000000000
410989.9300131861236877739429473876953125000000
3439639.9842528039589524269104003906250000000000
3382101.9159776796586811542510986328125000000000
5538755.8596840156242251396179199218750000000000
1970380.7336806976236402988433837890625000000000
-3565772.3747305301949381828308105468750000000000
875173.8272502215113490819931030273437500000000
3905096.6063059498555958271026611328125000000000
-2253160.8325540805235505104064941406250000000000
1813965.4890556104946881532669067382812500000000
-1032248.1930279141524806618690490722656250000000
3335205.7392180603928864002227783203125000000000
2711767.6975766955874860286712646484375000000000
-3651244.5393870659172534942626953125000000000000
713779.7369075802853330969810485839843750000000
-2567978.7830212856642901897430419921875000000000
-6435970.0097838286310434341430664062500000000000
-1044445.4683482510736212134361267089843750000000
88226.6028579278499819338321685791015625000000
3040256.7228109599091112613677978515625000000000
378843.9696700266213156282901763916015625000000
1836362.6092690497171133756637573242187500000000
806478.3574767919490113854408264160156250000000
-2693885.0480465856380760669708251953125000000000
-1003880.4756047691917046904563903808593750000000
-3293923.4007547418586909770965576171875000000000
193322.2300231470144353806972503662109375000000
-3230805.7743270024657249450683593750000000000000
2802369.1079495470039546489715576171875000000000
-1293896.9609209238551557064056396484375000000000
1480212.8169358943123370409011840820312500000000
2237497.7124685212038457393646240234375000000000
6474177.2044239165261387825012207031250000000000
127280.1604512385092675685882568359375000000000
-4785890.8932338329032063484191894531250000000000
-2424101.4892882951535284519195556640625000000000
-3935489.7343483939766883850097656250000000000000
4164497.1850693277083337306976318359375000000000
4101185.9251779671758413314819335937500000000000
-10122788.6470108944922685623168945312500000000000
2654759.6274018115364015102386474609375000000000
-2812952.6426626611500978469848632812500000000000
84058.5929822131147375330328941345214843750000
-1780985.3902197296265512704849243164062500000000
3580315.6025526016019284725189208984375000000000
3730574.0032621682621538639068603515625000000000
-263729.9804942005430348217487335205078125000000
1265602.1699458998627960681915283203125000000000
-2562116.2741493796929717063903808593750000000000
1256268.1633674376644194126129150390625000000000
1057035.2368923791218549013137817382812500000000
1172790.3128953059203922748565673828125000000000
-2155310.5803775680251419544219970703125000000000
-1185621.8346892134286463260650634765625000000000
5493174.3989262441173195838928222656250000000000
-3774506.9778712121769785881042480468750000000000
6761845.5044304328039288520812988281250000000000
-753335.3202876572031527757644653320312500000000
-5403285.6811284488067030906677246093750000000000
-2516184.7844905182719230651855468750000000000000
4968685.1546612428501248359680175781250000000000
-5033409.8880978133529424667358398437500000000000
4449135.7956813722848892211914062500000000000000
-103361.5223576788266655057668685913085937500000
2878131.3557192934677004814147949218750000000000
638825.7912741141626611351966857910156250000000
-4019378.7926404424943029880523681640625000000000
-4777200.7517184745520353317260742187500000000000
2746608.3092679660767316818237304687500000000000
884139.0435152471764013171195983886718750000000
