0.7066758795008613036614519842260051518679
-83.2757706211618256020301487296819686889648
2527.6780631021956651238724589347839355468750
-33052.1757331956978305242955684661865234375000
223082.8476555679517332464456558227539062500000
-819237.1013309032423421740531921386718750000000
1506963.8560331002809107303619384765625000000000
-553337.0579769186442717909812927246093750000000
-2776232.5054345163516700267791748046875000000000
4735400.0632278369739651679992675781250000000000
-3415357.3386578857898712158203125000000000000000
4115949.0143359033390879631042480468750000000000
-5608370.7964081577956676483154296875000000000000
1310791.3594441036693751811981201171875000000000
561749.3594524994259700179100036621093750000000
4359817.2543212492018938064575195312500000000000
-5424395.5655604712665081024169921875000000000000
6009433.9632104504853487014770507812500000000000
-7123603.2590333791449666023254394531250000000000
231385.4823198584199417382478713989257812500000
2460612.4906714088283479213714599609375000000000
-1025585.4343404090031981468200683593750000000000
2653317.7959570512175559997558593750000000000000
4603885.2890428891405463218688964843750000000000
-6575677.0437526144087314605712890625000000000000
2098548.8532487312331795692443847656250000000000
-3857240.3481461508199572563171386718750000000000
-3428269.6480598505586385726928710937500000000000
8461417.8883521668612957000732421875000000000000
-4437337.0195570392534136772155761718750000000000
1489740.9770189116243273019790649414062500000000
124084.2827359076181892305612564086914062500000
-1310983.1861060119699686765670776367187500000000
-764993.5228021780494600534439086914062500000000
565577.6516006152378395199775695800781250000000
3789321.3991036000661551952362060546875000000000
4034875.6498381518758833408355712890625000000000
-3197.2230466919495484034996479749679565429688
-3682899.2510016397573053836822509765625000000000
2979897.0299049690365791320800781250000000000000
-3109703.9007475017569959163665771484375000000000
-2725089.5838710935786366462707519531250000000000
-1568313.4519825882744044065475463867187500000000
-4592845.8137286026030778884887695312500000000000
-1920737.8164036017842590808868408203125000000000
1214797.8504226682707667350769042968750000000000
-39357.6296863812749506905674934387207031250000
4152473.1685444251634180545806884765625000000000
-717595.7909738168818876147270202636718750000000
1971297.1870049331337213516235351562500000000000
3339126.0664481334388256072998046875000000000000
-2534110.8237555124796926975250244140625000000000
7983777.1653661122545599937438964843750000000000
-1849782.8658295786008238792419433593750000000000
2446268.6985566760413348674774169921875000000000
-645884.7903544880682602524757385253906250000000
-2841308.3223190386779606342315673828125000000000
-4537114.3244071854278445243835449218750000000000
3543959.0964974728412926197052001953125000000000
2489624.7919232323765754699707031250000000000000
5261691.9997207997366786003112792968750000000000
-5462952.9642008179798722267150878906250000000000
-4243715.4227171558886766433715820312500000000000
-11512.9665496667112165596336126327514648437500
-3417574.2728540590032935142517089843750000000000
-3787854.7787493611685931682586669921875000000000
62222.9011684466458973474800586700439453125000
2111212.1076296069659292697906494140625000000000
-2028038.6996293349657207727432250976562500000000
-587306.4243464850587770342826843261718750000000
-586165.3081962283467873930931091308593750000000
3347696.8837951873429119586944580078125000000000
-3110667.5002372940070927143096923828125000000000
1401871.9145086004864424467086791992187500000000
7568877.4925663117319345474243164062500000000000
-2704894.6082421373575925827026367187500000000000
-2205878.8459090506657958030700683593750000000000
4216374.5184634728357195854187011718750000000000
-6482382.4022708348929882049560546875000000000000
5152979.4086692845448851585388183593750000000000
-2783284.6854900773614645004272460937500000000000
-1263689.4034612404648214578628540039062500000000
1778923.7510999771766364574432373046875000000000
-5247875.0165013466030359268188476562500000000000
8250094.6555329486727714538574218750000000000000
-1253320.6401912118308246135711669921875000000000
-5425183.5518344910815358161926269531250000000000
9391759.9126775972545146942138671875000000000000
3287285.5448151170276105403900146484375000000000
5074576.0765648391097784042358398437500000000000
-2666838.8132933177985250949859619140625000000000
10835131.5488756485283374786376953125000000000000
-4177075.4528425429016351699829101562500000000000
-5433837.4212666554376482963562011718750000000000
2086085.0475380185525864362716674804687500000000
-7817233.0697242468595504760742187500000000000000
-621837.7906225224724039435386657714843750000000
-1678921.4166857127565890550613403320312500000000
-1923184.3110439365264028310775756835937500000000
408541.4864375368342734873294830322265625000000
-290720.0652690455317497253417968750000000000000
7967789.6476508146151900291442871093750000000000
-232136.2569158091791905462741851806640625000000
-10368198.1446157395839691162109375000000000000000
-1089186.5313754726666957139968872070312500000000
-569340.7496570586226880550384521484375000000000
2425224.3693038849160075187683105468750000000000
-12024692.6338305342942476272583007812500000000000
3790513.2678598221391439437866210937500000000000
-426568.9458704130374826490879058837890625000000
514774.5874869882827624678611755371093750000000
6591834.2946991799399256706237792968750000000000
1200212.7826775060966610908508300781250000000000
-164589.9838274662033654749393463134765625000000
-186105.0413288420240860432386398315429687500000
4918218.3948019417002797126770019531250000000000
-1732289.9439073044341057538986206054687500000000
-6378551.2945364117622375488281250000000000000000
-7674164.8125828374177217483520507812500000000000
997619.2708363999845460057258605957031250000000
2948435.0743180657736957073211669921875000000000
-2484066.2229753960855305194854736328125000000000
-1439105.0433181677944958209991455078125000000000
3910562.9804105074144899845123291015625000000000
-6693356.9311897903680801391601562500000000000000
-245422.0634849019406829029321670532226562500000
11369145.3959135897457599639892578125000000000000
3123877.9035303154960274696350097656250000000000
5360600.3399894302710890769958496093750000000000
2026625.9798092874698340892791748046875000000000
-1426935.4476282766554504632949829101562500000000
2417314.9078546324744820594787597656250000000000
-4760689.3007808253169059753417968750000000000000
-3226168.6588555201888084411621093750000000000000
661693.0123511556303128600120544433593750000000
2082914.6290601303335279226303100585937500000000
-63326.9849222505217767320573329925537109375000
-6956571.9398127682507038116455078125000000000000
1807452.3366805433761328458786010742187500000000
949413.1298518097028136253356933593750000000000
3971466.2528487429954111576080322265625000000000
-2072494.7075067928526550531387329101562500000000
-1056217.4525806389283388853073120117187500000000
8531447.6656551361083984375000000000000000000000
4330103.2387605560943484306335449218750000000000
-6284061.2123133288696408271789550781250000000000
-895229.6185022089630365371704101562500000000000
-264308.9692925201961770653724670410156250000000
4293361.4429838992655277252197265625000000000000
-3221633.5083515872247517108917236328125000000000
2457882.9046467817388474941253662109375000000000
-865044.3236907469108700752258300781250000000000
5057025.9680550443008542060852050781250000000000
5021629.2688009450212121009826660156250000000000
3099160.8261927948333323001861572265625000000000
-4602361.6947004226967692375183105468750000000000
-3565670.3474005372263491153717041015625000000000
4330530.5240301797166466712951660156250000000000
8614200.0163252204656600952148437500000000000000
2861235.2004352398216724395751953125000000000000
-7048306.3777367649599909782409667968750000000000
-1975710.7297600226011127233505249023437500000000
-4064503.7397850453853607177734375000000000000000
1520670.5104255399201065301895141601562500000000
4082792.4500387897714972496032714843750000000000
-6055714.1146148080006241798400878906250000000000
1286189.9788401608821004629135131835937500000000
-2990044.0159282828681170940399169921875000000000
-8554047.5755514204502105712890625000000000000000
443366.2202678199391812086105346679687500000000
1059899.4045387667138129472732543945312500000000
-2532421.8847791431471705436706542968750000000000
-6556172.8607584284618496894836425781250000000000
-8537553.9600157923996448516845703125000000000000
-1425831.7044326956383883953094482421875000000000
-479255.4788009074400179088115692138671875000000
-3231930.4995123264379799365997314453125000000000
-11023210.1889381352812051773071289062500000000000
4480258.9975093938410282135009765625000000000000
4166741.4254428818821907043457031250000000000000
3084704.9734850726090371608734130859375000000000
-3628698.6786771682091057300567626953125000000000
4958835.5125487856566905975341796875000000000000
-8984134.3300320673733949661254882812500000000000
2363112.3518785336054861545562744140625000000000
-887924.9523265897296369075775146484375000000000
4534918.8588757067918777465820312500000000000000
-90488.2821609959355555474758148193359375000000
482208.2479660603567026555538177490234375000000
-5694359.5035169906914234161376953125000000000000
-2749406.0269264159724116325378417968750000000000
3692933.9032867113128304481506347656250000000000
3086535.5151373366825282573699951171875000000000
-4633645.6609391830861568450927734375000000000000
3117006.4180054725147783756256103515625000000000
95572.4100393117405474185943603515625000000000
3830473.5976811372675001621246337890625000000000
-4190562.0255547966808080673217773437500000000000
-4480702.9151885472238063812255859375000000000000
7731987.2383087445050477981567382812500000000000
1484659.6721496123354882001876831054687500000000
-2720553.4515248057432472705841064453125000000000
1182915.9490757051389664411544799804687500000000
7849259.2843425236642360687255859375000000000000
-1574215.4391749841161072254180908203125000000000
5726390.8707105200737714767456054687500000000000
8758441.4550107885152101516723632812500000000000
13534551.9045754391700029373168945312500000000000
8422425.2770792189985513687133789062500000000000
-9216756.5224188547581434249877929687500000000000
1551768.7313279826194047927856445312500000000000
1342461.8470364878885447978973388671875000000000
477735.9484808368142694234848022460937500000000
4669890.9775939835235476493835449218750000000000
-2026966.2149255434051156044006347656250000000000
-1923831.8707873772364109754562377929687500000000
4273433.9461099291220307350158691406250000000000
-2684928.0469770818017423152923583984375000000000
1851680.7323565580882132053375244140625000000000
4090467.0548924519680440425872802734375000000000
1017071.0571969203883782029151916503906250000000
-3785544.8117527356371283531188964843750000000000
-12283463.7281052414327859878540039062500000000000
-330638.5834773674141615629196166992187500000000
18297892.1112808585166931152343750000000000000000
-2012042.0774980504065752029418945312500000000000
-4770194.5947097074240446090698242187500000000000
2896179.2674384494312107563018798828125000000000
1861677.3574853378813713788986206054687500000000
-1709231.0125354749616235494613647460937500000000
-283036.5064910353394225239753723144531250000000
-1188163.2617020867764949798583984375000000000000
3205832.9396028020419180393218994140625000000000
-2872459.2722612712532281875610351562500000000000
5805298.4816742567345499992370605468750000000000
1199592.4596839947625994682312011718750000000000
-3995661.1359843183308839797973632812500000000000
-5687376.5936415968462824821472167968750000000000
-7279939.5758237140253186225891113281250000000000
-875600.2944406614406034350395202636718750000000
-8131943.1376718338578939437866210937500000000000
-5471034.4246119204908609390258789062500000000000
-2813894.8512871949933469295501708984375000000000
391222.0937119301524944603443145751953125000000
-2809864.5791541826911270618438720703125000000000
6548251.8714815219864249229431152343750000000000
1409922.7538028871640563011169433593750000000000
-3533678.7045555915683507919311523437500000000000
-2780090.7656180909834802150726318359375000000000
-2873882.5167348454706370830535888671875000000000
3533592.7825060579925775527954101562500000000000
-3171058.0029545058496296405792236328125000000000
-4927122.3163118865340948104858398437500000000000
-6834791.2478372044861316680908203125000000000000
-846438.0290163813624531030654907226562500000000
-9491184.6356561258435249328613281250000000000000
-1042937.5649063400924205780029296875000000000000
-4096148.0696659344248473644256591796875000000000
-2418907.0540766054764389991760253906250000000000
-402187.8603373422520235180854797363281250000000
8400943.5458808634430170059204101562500000000000
-4900090.4273799257352948188781738281250000000000
13352331.7654365003108978271484375000000000000000
3434102.3433292806148529052734375000000000000000
-3670305.4058526493608951568603515625000000000000
1665526.2997029053512960672378540039062500000000
-3866364.2095176465809345245361328125000000000000
12841011.8396287243813276290893554687500000000000
7082971.1469942219555377960205078125000000000000
-1421482.8925929635297507047653198242187500000000
14911895.4354131184518337249755859375000000000000
-3608951.7637325120158493518829345703125000000000
5495879.9370190855115652084350585937500000000000
-13873259.2799929864704608917236328125000000000000
5525767.5286290692165493965148925781250000000000
-5106070.3454382009804248809814453125000000000000
-1104644.2105133836157619953155517578125000000000
-1207519.5196522963233292102813720703125000000000
-749730.7695457646623253822326660156250000000000
-5436001.4952111504971981048583984375000000000000
-2111901.1239832541905343532562255859375000000000
-489728.8584345908602699637413024902343750000000
-9381013.3449764531105756759643554687500000000000
-12564917.3867022152990102767944335937500000000000
18336002.6540374048054218292236328125000000000000
1166641.7096536415629088878631591796875000000000
-3342916.6934671471826732158660888671875000000000
-4023456.7762011769227683544158935546875000000000
3839117.3010424259118735790252685546875000000000
3907527.8277066550217568874359130859375000000000
-3062732.1433988688513636589050292968750000000000
3252365.0064401146955788135528564453125000000000
-7154042.6286864485591650009155273437500000000000
5155500.7204536544159054756164550781250000000000
5989901.9717042520642280578613281250000000000000
2486717.9279864700511097908020019531250000000000
-3300279.9981429958716034889221191406250000000000
10775779.3544608615338802337646484375000000000000
2645387.5910523934289813041687011718750000000000
-681204.2849688817514106631278991699218750000000
2122998.6142060747370123863220214843750000000000
4493380.1907386044040322303771972656250000000000
-1480991.4740920704789459705352783203125000000000
10512187.2219869550317525863647460937500000000000
-6314939.5618766350671648979187011718750000000000
6977165.9909276366233825683593750000000000000000
922908.2383436553645879030227661132812500000000
1808893.9506035973317921161651611328125000000000
1981636.1441357969306409358978271484375000000000
4795755.4279487216845154762268066406250000000000
-2715648.2419637502171099185943603515625000000000
-1483249.5540193854831159114837646484375000000000
333093.1177949457196518778800964355468750000000
682639.6272590121952816843986511230468750000000
-3427776.3286811620928347110748291015625000000000
1980436.3783546078484505414962768554687500000000
-5027156.6592218456789851188659667968750000000000
-11696130.9527278859168291091918945312500000000000
-9202518.6489932555705308914184570312500000000000
-7790987.7451929245144128799438476562500000000000
4511166.1828707912936806678771972656250000000000
-246230.2345509025326464325189590454101562500000
2623181.4888356048613786697387695312500000000000
9687370.1524157803505659103393554687500000000000
-3707212.8614448523148894309997558593750000000000
202922.7452750642842147499322891235351562500000
-5017704.1884299563243985176086425781250000000000
-3443694.6319247768260538578033447265625000000000
-2185667.8338363613002002239227294921875000000000
6694707.0514349220320582389831542968750000000000
-6524919.8789882156997919082641601562500000000000
-10003099.0631711427122354507446289062500000000000
-2839475.5994996828958392143249511718750000000000
5053772.4676735633984208106994628906250000000000
-1031496.5206393802072852849960327148437500000000
-485927.8415395441115833818912506103515625000000
3174019.2939687161706387996673583984375000000000
13402961.4663565065711736679077148437500000000000
1836786.6095834972802549600601196289062500000000
-2727505.1184390662238001823425292968750000000000
-11967536.6356840003281831741333007812500000000000
7501988.7155888788402080535888671875000000000000
-425366.4941404145793057978153228759765625000000
4292051.0897395182400941848754882812500000000000
-7269180.1679305834695696830749511718750000000000
-5719188.1342291273176670074462890625000000000000
-4843635.8418891327455639839172363281250000000000
5545858.8691881215199828147888183593750000000000
355707.5936959756072610616683959960937500000000
-1825672.3075383992400020360946655273437500000000
6076100.7887305784970521926879882812500000000000
3286809.5458295778371393680572509765625000000000
-1308207.4666019733995199203491210937500000000000
6448852.2442740825936198234558105468750000000000
2887967.4015576047822833061218261718750000000000
6765987.6263903863728046417236328125000000000000
7454825.2995608029887080192565917968750000000000
1751922.6327269270550459623336791992187500000000
-917594.8127332051517441868782043457031250000000
2884441.3059895555488765239715576171875000000000
6955442.4839154211804270744323730468750000000000
750375.5799286473775282502174377441406250000000
1155618.2839983564335852861404418945312500000000
-2950929.5996114881709218025207519531250000000000
-9822065.4614754486829042434692382812500000000000
1915454.0823064043652266263961791992187500000000
757438.0935691269114613533020019531250000000000
-1728784.2598785052541643381118774414062500000000
1051983.6773778824135661125183105468750000000000
3604123.7353887693025171756744384765625000000000
-1876669.3866640732157975435256958007812500000000
-3692967.7079121829010546207427978515625000000000
3683639.3109969967044889926910400390625000000000
-3896963.9719229452311992645263671875000000000000
-7999809.7850537765771150588989257812500000000000
-5108119.4647655030712485313415527343750000000000
3458385.8726410246454179286956787109375000000000
-6254134.3959268406033515930175781250000000000000
-1393375.7473240017425268888473510742187500000000
-4837208.4374620513990521430969238281250000000000
3261918.7354464838281273841857910156250000000000
2807143.0103525910526514053344726562500000000000
416384.3439332904526963829994201660156250000000
526745.3802185563836246728897094726562500000000
2000970.6222445040475577116012573242187500000000
-3110496.2184689547866582870483398437500000000000
-4427241.7379352059215307235717773437500000000000
-7740376.8652312261983752250671386718750000000000
7339846.1147534269839525222778320312500000000000
458414.0208642486832104623317718505859375000000
5761112.8141774218529462814331054687500000000000
-8186664.1895363023504614830017089843750000000000
5089507.4323021871969103813171386718750000000000
-3900268.1037170588970184326171875000000000000000
-3730616.5250565954484045505523681640625000000000
-5227164.2524777054786682128906250000000000000000
8412657.2736398670822381973266601562500000000000
11306219.8408662509173154830932617187500000000000
-3918121.7958464496769011020660400390625000000000
3293413.9381825849413871765136718750000000000000
3196615.2871478809975087642669677734375000000000
-7499948.1792144309729337692260742187500000000000
-4676756.7304133074358105659484863281250000000000
-3969369.6392068262211978435516357421875000000000
-2569709.5772406086325645446777343750000000000000
1544483.9349875268526375293731689453125000000000
-1971140.1505198110826313495635986328125000000000
803289.1704890773398801684379577636718750000000
-8972703.1398615166544914245605468750000000000000
4772183.3409883230924606323242187500000000000000
2908535.4150444981642067432403564453125000000000
6332633.4484534086659550666809082031250000000000
863852.6851252135820686817169189453125000000000
-6490116.7578089628368616104125976562500000000000
-46858.1673520975382416509091854095458984375000
-7207913.0824668323621153831481933593750000000000
5580156.3080985229462385177612304687500000000000
-2166179.7684074277058243751525878906250000000000
-13789.7366021029883995652198791503906250000000
-4665926.3550752764567732810974121093750000000000
-5181391.8670096769928932189941406250000000000000
-2505279.5777860167436301708221435546875000000000
1708909.1797489237505942583084106445312500000000
-538381.6896653029834851622581481933593750000000
8447432.9595425836741924285888671875000000000000
5625094.2798349848017096519470214843750000000000
-3338818.4685669885948300361633300781250000000000
-7015757.5357024278491735458374023437500000000000
15518230.3889479413628578186035156250000000000000
6036763.7406917111948132514953613281250000000000
2928546.1358273937366902828216552734375000000000
2517143.3527169213630259037017822265625000000000
-1440423.6077871040906757116317749023437500000000
-6813068.8912674831226468086242675781250000000000
2627300.5163404252380132675170898437500000000000
746112.5307798177236691117286682128906250000000
-3112823.9407345042563974857330322265625000000000
3408543.5435764831490814685821533203125000000000
5751076.8363142907619476318359375000000000000000
-4304619.8769012093544006347656250000000000000000
832278.9346409332938492298126220703125000000000
-2376479.7741864677518606185913085937500000000000
-6936552.6973399445414543151855468750000000000000
-5293363.0535568278282880783081054687500000000000
-296039.2251763852545991539955139160156250000000
4316993.3585053645074367523193359375000000000000
-6336745.9335891995579004287719726562500000000000
2626789.0988815552555024623870849609375000000000
15059485.5285701844841241836547851562500000000000
14476080.8618245553225278854370117187500000000000
-4636428.6391226397827267646789550781250000000000
8472989.6222925707697868347167968750000000000000
-5210018.0206354055553674697875976562500000000000
4109803.5283605614677071571350097656250000000000
2907519.7384038651362061500549316406250000000000
-2144225.5690084658563137054443359375000000000000
-6269006.0637483652681112289428710937500000000000
1888353.8621122504118829965591430664062500000000
-4920288.0182871613651514053344726562500000000000
-1140264.9537405911833047866821289062500000000000
-8002954.3731444515287876129150390625000000000000
-1373675.6764686664100736379623413085937500000000
8718378.7776086125522851943969726562500000000000
3936968.3730177995748817920684814453125000000000
-4193412.9067618171684443950653076171875000000000
-4307709.5027106422930955886840820312500000000000
-2377991.4231582148931920528411865234375000000000
382046.3031916510662995278835296630859375000000
7730125.4731265353038907051086425781250000000000
-3094086.4836108456365764141082763671875000000000
3809938.4430738198570907115936279296875000000000
-3085924.3160162614658474922180175781250000000000
7837132.8457058137282729148864746093750000000000
-1874197.8743020042311400175094604492187500000000
-888925.8951749639818444848060607910156250000000
2479933.1351195736788213253021240234375000000000
2144615.7212544861249625682830810546875000000000
-2039690.0919572489801794290542602539062500000000
-2673336.9162342743948101997375488281250000000000
-1617306.3856237034779042005538940429687500000000
-6090843.8625143375247716903686523437500000000000
519598.3730266015045344829559326171875000000000
-3758926.9437850047834217548370361328125000000000
-2938409.7901215287856757640838623046875000000000
4059504.7826927532441914081573486328125000000000
-4723074.9884151630103588104248046875000000000000
1702363.5936091006733477115631103515625000000000
-3061193.7367266234941780567169189453125000000000
2216098.2679082970134913921356201171875000000000
-181546.9961198590754065662622451782226562500000
7963697.1200703829526901245117187500000000000000
4882196.7281343573704361915588378906250000000000
236941.3705335216945968568325042724609375000000
-10245536.5724285580217838287353515625000000000000
-11575271.7789878118783235549926757812500000000000
-6353712.2245224285870790481567382812500000000000
-4583167.8446140168234705924987792968750000000000
7126146.8105323659256100654602050781250000000000
1675285.3848571961279958486557006835937500000000
-362659.4156061327666975557804107666015625000000
-1547272.0888479179702699184417724609375000000000
4122545.4095131154172122478485107421875000000000
-2514066.7470194213092327117919921875000000000000
-5823985.7871163459494709968566894531250000000000
14162754.9762972295284271240234375000000000000000
-3600592.9047561720944941043853759765625000000000
-2228580.1620081900618970394134521484375000000000
123373.5415794560103677213191986083984375000000
731695.6541354808723554015159606933593750000000
1090178.8024954679422080516815185546875000000000
3837165.0295568532310426235198974609375000000000
-4766343.5931920567527413368225097656250000000000
-704729.9426825470291078090667724609375000000000
-6383552.6300158724188804626464843750000000000000
-5036885.1341559384018182754516601562500000000000
-7013720.2110248869284987449645996093750000000000
10478663.6621316839009523391723632812500000000000
-3346822.0095910588279366493225097656250000000000
3187844.9820366976782679557800292968750000000000
1615656.2088976558297872543334960937500000000000
-1246625.4988141541834920644760131835937500000000
6333294.8640069952234625816345214843750000000000
8177925.3590365722775459289550781250000000000000
-2552511.2742522889748215675354003906250000000000
7916875.4495809646323323249816894531250000000000
-611043.8119722171686589717864990234375000000000
1086729.2402010955847799777984619140625000000000
1325908.9451239283662289381027221679687500000000
-1405382.7230799142271280288696289062500000000000
8921510.7681514173746109008789062500000000000000
-144932.0480891403276473283767700195312500000000
-2994724.2703144680708646774291992187500000000000
-868716.2735403482802212238311767578125000000000
-2409673.9860448176041245460510253906250000000000
-563177.2310103789204731583595275878906250000000
4040610.7608304000459611415863037109375000000000
3498529.5976340733468532562255859375000000000000
-2180942.4078308176249265670776367187500000000000
-781625.3774648517137393355369567871093750000000
-6858190.3230301197618246078491210937500000000000
1902323.9167990733403712511062622070312500000000
1223663.9157392980996519327163696289062500000000
-1299586.9586552984546869993209838867187500000000
-387055.5917564783012494444847106933593750000000
-2084306.4436812119092792272567749023437500000000
-3529360.0182219832204282283782958984375000000000
701154.4177377872401848435401916503906250000000
-3353952.2673566583544015884399414062500000000000
-3441961.9556378596462309360504150390625000000000
-2575611.6350657376460731029510498046875000000000
-2844819.2919693235307931900024414062500000000000
4810062.5426209652796387672424316406250000000000
6765727.6654770234599709510803222656250000000000
-1845346.3794597566593438386917114257812500000000
3370306.7901321137323975563049316406250000000000
1114501.1182088595815002918243408203125000000000
5372685.9949256489053368568420410156250000000000
-561061.8741091408301144838333129882812500000000
-2602549.4320372850634157657623291015625000000000
-2428865.3214657977223396301269531250000000000000
-66405.0702552623552037402987480163574218750000
5009062.3370123403146862983703613281250000000000
6535638.3864341564476490020751953125000000000000
-6315333.3567620348185300827026367187500000000000
1149537.5149467079900205135345458984375000000000
-2721732.1842563785612583160400390625000000000000
-8149196.1111620077863335609436035156250000000000
2238584.2763096913695335388183593750000000000000
-4044110.3315212014131247997283935546875000000000
-1013556.2761544445529580116271972656250000000000
4932671.1620593741536140441894531250000000000000
2790652.9867382110096514225006103515625000000000
536503.2993009390775114297866821289062500000000
-2452145.2665497339330613613128662109375000000000
1084384.0406181400176137685775756835937500000000
-3816240.4422991261817514896392822265625000000000
4199023.6424333127215504646301269531250000000000
5359634.9064303021878004074096679687500000000000
530413.3890195143176242709159851074218750000000
4210988.7083803052082657814025878906250000000000
-2177339.4528052420355379581451416015625000000000
2419077.2529932246543467044830322265625000000000
-244525.4793436160543933510780334472656250000000
-3663586.9882397102192044258117675781250000000000
-919767.9458695942303165793418884277343750000000
756885.3897458723513409495353698730468750000000
-5546582.7028907164931297302246093750000000000000
-7665626.4160717651247978210449218750000000000000
-929182.9164737932151183485984802246093750000000
-6176314.0739857750013470649719238281250000000000
-675855.7081598464865237474441528320312500000000
1329989.9795424509793519973754882812500000000000
3507490.3511250205338001251220703125000000000000
5035230.7394999237731099128723144531250000000000
-1589871.9595989906229078769683837890625000000000
-4184799.1685517346486449241638183593750000000000
210066.8431484170432668179273605346679687500000
-2265725.4203861211426556110382080078125000000000
-4680362.2332984292879700660705566406250000000000
-3131923.3128623478114604949951171875000000000000
4518466.5429958878085017204284667968750000000000
3516437.3248427510261535644531250000000000000000
1374633.4082250066567212343215942382812500000000
-6889945.5607491089031100273132324218750000000000
10214817.3381162658333778381347656250000000000000
3154117.3555361656472086906433105468750000000000
1397153.1063899828586727380752563476562500000000
-1584475.1101601182017475366592407226562500000000
809821.6576899980427697300910949707031250000000
1564829.8522852170281112194061279296875000000000
4536028.3408323628827929496765136718750000000000
-2341901.6217821333557367324829101562500000000000
242294.6377734715351834893226623535156250000000
3581601.3359634298831224441528320312500000000000
1470782.6089548768941313028335571289062500000000
-1212909.6455504412297159433364868164062500000000
500582.1803632430965080857276916503906250000000
-4257012.6856644805520772933959960937500000000000
3402529.3152355337515473365783691406250000000000
5289741.4274200247600674629211425781250000000000
-637659.9813865824835374951362609863281250000000
-1885409.4084237313363701105117797851562500000000
-6044550.8287887265905737876892089843750000000000
-1189562.4446207832079380750656127929687500000000
-1908642.4507726286537945270538330078125000000000
6662973.1203058715909719467163085937500000000000
-5068969.3567247819155454635620117187500000000000
-2681843.2463099313899874687194824218750000000000
-1489064.4652114126365631818771362304687500000000
-203160.9072240322420839220285415649414062500000
3634352.9255621107295155525207519531250000000000
