4.2540006455799659335070828092284500598907
-1237.8499517943535010999767109751701354980469
120300.6107195194344967603683471679687500000000
-5758757.8953503053635358810424804687500000000000
162573745.5270627140998840332031250000000000000000
-2989600041.9234399795532226562500000000000000000000
38071702028.9164199829101562500000000000000000000000
-349208049529.0419921875000000000000000000000000000000
2364434358435.5922851562500000000000000000000000000000
-11970051038155.3183593750000000000000000000000000000000
45358136359239.7812500000000000000000000000000000000000
-126779620390335.3125000000000000000000000000000000000000
250055504584836.5937500000000000000000000000000000000000
-305089737960431.5625000000000000000000000000000000000000
100354098566923.5625000000000000000000000000000000000000
357812867726527.8750000000000000000000000000000000000000
-618717922111935.3750000000000000000000000000000000000000
273430255627790.3437500000000000000000000000000000000000
208459054691825.6562500000000000000000000000000000000000
-58520769963784.4687500000000000000000000000000000000000
-265601741368999.5000000000000000000000000000000000000000
-68697952444399.5546875000000000000000000000000000000000
268158466107555.1875000000000000000000000000000000000000
317668073006363.1250000000000000000000000000000000000000
-367830513775596.6250000000000000000000000000000000000000
-245795995803877.5000000000000000000000000000000000000000
82725673481821.5000000000000000000000000000000000000000
190884763807518.9375000000000000000000000000000000000000
112117457872197.7812500000000000000000000000000000000000
-17934166008940.3125000000000000000000000000000000000000
-19621527333095.1523437500000000000000000000000000000000
-151497880781996.0312500000000000000000000000000000000000
-69269237418532.5312500000000000000000000000000000000000
-26183202142350.1054687500000000000000000000000000000000
-33004292827336.9296875000000000000000000000000000000000
197106860892716.0000000000000000000000000000000000000000
308490970700880.7500000000000000000000000000000000000000
-245077426353523.5312500000000000000000000000000000000000
-211248312139182.6250000000000000000000000000000000000000
322895277011581.1875000000000000000000000000000000000000
53043023411651.7265625000000000000000000000000000000000
-337888431346838.1250000000000000000000000000000000000000
-443616967920110.7500000000000000000000000000000000000000
163333733464345.0625000000000000000000000000000000000000
366339363045777.9375000000000000000000000000000000000000
106790774141689.3125000000000000000000000000000000000000
224750503707604.7812500000000000000000000000000000000000
-91652935697403.5000000000000000000000000000000000000000
-88803456641645.3125000000000000000000000000000000000000
-88671737203270.9062500000000000000000000000000000000000
238728246980274.8750000000000000000000000000000000000000
-707213979308211.5000000000000000000000000000000000000000
602643169046121.0000000000000000000000000000000000000000
-196373816460596.7187500000000000000000000000000000000000
-254774390466244.7500000000000000000000000000000000000000
79576405451396.1875000000000000000000000000000000000000
-670200550045595.6250000000000000000000000000000000000000
481244559791860.5625000000000000000000000000000000000000
200746029867383.8125000000000000000000000000000000000000
725506367288695.7500000000000000000000000000000000000000
150159079048474.6875000000000000000000000000000000000000
-391507212681783.0000000000000000000000000000000000000000
212489632820852.8125000000000000000000000000000000000000
75016492243732.7812500000000000000000000000000000000000
-383703505546253.5625000000000000000000000000000000000000
-282608430435405.8750000000000000000000000000000000000000
210865584246741.1250000000000000000000000000000000000000
-964775929028232.2500000000000000000000000000000000000000
83941087067868.3125000000000000000000000000000000000000
79048352247642.7968750000000000000000000000000000000000
-35721611026579.1875000000000000000000000000000000000000
266747622998524.2187500000000000000000000000000000000000
298062298970617.7500000000000000000000000000000000000000
200236997059975.9687500000000000000000000000000000000000
418173736676072.3125000000000000000000000000000000000000
-520117030157466.3125000000000000000000000000000000000000
666023288651033.5000000000000000000000000000000000000000
-191753492379390.1875000000000000000000000000000000000000
454359510319558.1875000000000000000000000000000000000000
-619071540420131.3750000000000000000000000000000000000000
23522207001833.5742187500000000000000000000000000000000
192484664080450.7187500000000000000000000000000000000000
-242239997922181.9375000000000000000000000000000000000000
-23113572042192.4179687500000000000000000000000000000000
-356691553198016.1250000000000000000000000000000000000000
-131000732831675.5781250000000000000000000000000000000000
-456031038582609.0625000000000000000000000000000000000000
-174911394770130.6875000000000000000000000000000000000000
214788024453776.0625000000000000000000000000000000000000
219483116921370.2500000000000000000000000000000000000000
-86486597502274.7500000000000000000000000000000000000000
-670237722827692.8750000000000000000000000000000000000000
890043278676881.2500000000000000000000000000000000000000
71678875533865.6875000000000000000000000000000000000000
333642696976286.9375000000000000000000000000000000000000
159446796346204.8125000000000000000000000000000000000000
158049158982044.6250000000000000000000000000000000000000
77651838685752.8281250000000000000000000000000000000000
124367533310615.4843750000000000000000000000000000000000
600930026303859.8750000000000000000000000000000000000000
-358341210563679.9375000000000000000000000000000000000000
148500103132050.2187500000000000000000000000000000000000
-293544828330189.6250000000000000000000000000000000000000
-174340247808435.2500000000000000000000000000000000000000
-105412484879440.1406250000000000000000000000000000000000
-278801072033010.8750000000000000000000000000000000000000
-350527871024220.1250000000000000000000000000000000000000
84394161799793.9218750000000000000000000000000000000000
217112181843860.5937500000000000000000000000000000000000
-620820746054318.7500000000000000000000000000000000000000
-625844676655981.5000000000000000000000000000000000000000
215176413652259.7187500000000000000000000000000000000000
81721548988153.9375000000000000000000000000000000000000
38463752784794.8984375000000000000000000000000000000000
634106952522066.8750000000000000000000000000000000000000
-266747269013416.2500000000000000000000000000000000000000
-208633747015363.0625000000000000000000000000000000000000
-207593797588171.1562500000000000000000000000000000000000
-69147807326680.3046875000000000000000000000000000000000
38615188440348.2109375000000000000000000000000000000000
533989522459932.4375000000000000000000000000000000000000
324062084962841.8125000000000000000000000000000000000000
431871476655632.7500000000000000000000000000000000000000
292864457752755.5000000000000000000000000000000000000000
313419946340600.1250000000000000000000000000000000000000
-254642062859711.7500000000000000000000000000000000000000
111457526241868.0000000000000000000000000000000000000000
259973398204224.1875000000000000000000000000000000000000
-202841793362139.8125000000000000000000000000000000000000
-60930953220075.1640625000000000000000000000000000000000
143897913957262.3125000000000000000000000000000000000000
232837949552962.5625000000000000000000000000000000000000
-192016498705338.3750000000000000000000000000000000000000
-591652898459238.5000000000000000000000000000000000000000
40993418291127.0000000000000000000000000000000000000000
68929889779490.9218750000000000000000000000000000000000
-324469525358164.3125000000000000000000000000000000000000
-354168766821974.0625000000000000000000000000000000000000
-79825579315063.8281250000000000000000000000000000000000
-178836802926018.7187500000000000000000000000000000000000
-281549478950106.0000000000000000000000000000000000000000
-443954901451872.5625000000000000000000000000000000000000
-273512289975612.3437500000000000000000000000000000000000
73053375828004.5781250000000000000000000000000000000000
-296022964266105.8750000000000000000000000000000000000000
378845753962363.0625000000000000000000000000000000000000
23666425982464.3164062500000000000000000000000000000000
464523992469829.1875000000000000000000000000000000000000
-254849976536614.7500000000000000000000000000000000000000
68563756129345.0781250000000000000000000000000000000000
-184724880549070.5625000000000000000000000000000000000000
533381621515289.3750000000000000000000000000000000000000
234569222706857.0000000000000000000000000000000000000000
204896926358547.0937500000000000000000000000000000000000
51088531279158.0234375000000000000000000000000000000000
330744265787210.8750000000000000000000000000000000000000
444261631372510.5000000000000000000000000000000000000000
-5039309435799.0029296875000000000000000000000000000000
421622076758577.0000000000000000000000000000000000000000
-305200576157845.2500000000000000000000000000000000000000
-64212319739245.2890625000000000000000000000000000000000
177773796867567.0312500000000000000000000000000000000000
247621781518228.1562500000000000000000000000000000000000
-649298102664.3804931640625000000000000000000000000000
79517838675422.3437500000000000000000000000000000000000
-191996102035051.1562500000000000000000000000000000000000
119880119641241.4843750000000000000000000000000000000000
-122304948131864.8281250000000000000000000000000000000000
-396460591677383.1250000000000000000000000000000000000000
246287797258104.5625000000000000000000000000000000000000
-58954373070724.4218750000000000000000000000000000000000
-119323838762657.4062500000000000000000000000000000000000
131757323593509.3281250000000000000000000000000000000000
-136974713719578.9218750000000000000000000000000000000000
-433384869420574.9375000000000000000000000000000000000000
148952878322670.7187500000000000000000000000000000000000
-534995812290811.4375000000000000000000000000000000000000
-547277367340642.0625000000000000000000000000000000000000
-372712974124272.3125000000000000000000000000000000000000
-111957552516716.2812500000000000000000000000000000000000
247079490159714.2500000000000000000000000000000000000000
-172751957504164.6250000000000000000000000000000000000000
-445044679167218.6875000000000000000000000000000000000000
231603955710263.7500000000000000000000000000000000000000
-278513414000730.0937500000000000000000000000000000000000
-418634732656254.5000000000000000000000000000000000000000
323526404616588.2500000000000000000000000000000000000000
15062517471687.7714843750000000000000000000000000000000
361812876481777.5625000000000000000000000000000000000000
121484365871083.2968750000000000000000000000000000000000
311323653413934.0000000000000000000000000000000000000000
32740218225493.4804687500000000000000000000000000000000
-184451329394106.7500000000000000000000000000000000000000
381458194208177.3125000000000000000000000000000000000000
-222075524494589.0312500000000000000000000000000000000000
552075174238094.3125000000000000000000000000000000000000
321900376272155.0625000000000000000000000000000000000000
583779953211914.0000000000000000000000000000000000000000
-419548282484794.5000000000000000000000000000000000000000
131789479977382.2187500000000000000000000000000000000000
-28228355460133.6289062500000000000000000000000000000000
574170137356240.3750000000000000000000000000000000000000
128725301627352.4687500000000000000000000000000000000000
-244355608708506.5937500000000000000000000000000000000000
399062340558714.3125000000000000000000000000000000000000
564507067060128.5000000000000000000000000000000000000000
-44689889479765.0859375000000000000000000000000000000000
216493155366512.8437500000000000000000000000000000000000
-223192395879835.7500000000000000000000000000000000000000
-51009437557413.3046875000000000000000000000000000000000
-544132973671988.0000000000000000000000000000000000000000
-146418297709189.7812500000000000000000000000000000000000
562140320550270.7500000000000000000000000000000000000000
-478949369766773.0000000000000000000000000000000000000000
118672417439482.9062500000000000000000000000000000000000
-457718712739804.7500000000000000000000000000000000000000
-262043114305665.7812500000000000000000000000000000000000
-320580035970315.6875000000000000000000000000000000000000
403133251276997.1250000000000000000000000000000000000000
71613034325551.7500000000000000000000000000000000000000
166377929070323.5312500000000000000000000000000000000000
-400174495751115.8750000000000000000000000000000000000000
-492970523271618.3125000000000000000000000000000000000000
-156739892774666.6875000000000000000000000000000000000000
2735376141194.3662109375000000000000000000000000000000
-187616523798614.4375000000000000000000000000000000000000
321984120500700.0625000000000000000000000000000000000000
-183026206618568.0312500000000000000000000000000000000000
-478557442479611.1250000000000000000000000000000000000000
-301755453563094.3125000000000000000000000000000000000000
-280428331376467.0625000000000000000000000000000000000000
-461146356291064.0625000000000000000000000000000000000000
242794427500525.0312500000000000000000000000000000000000
134445480193951.2500000000000000000000000000000000000000
130139640961900.4375000000000000000000000000000000000000
-381920125923731.1875000000000000000000000000000000000000
-220365236136925.7187500000000000000000000000000000000000
818285392132709.6250000000000000000000000000000000000000
438083805432857.8750000000000000000000000000000000000000
28951004031953.5937500000000000000000000000000000000000
-62466270162674.4765625000000000000000000000000000000000
12720060152280.3007812500000000000000000000000000000000
235082055560909.2500000000000000000000000000000000000000
-268199750973636.7812500000000000000000000000000000000000
-170780420649623.4687500000000000000000000000000000000000
-162008596850911.8437500000000000000000000000000000000000
208435555489983.5312500000000000000000000000000000000000
170335272342334.9687500000000000000000000000000000000000
360191529211938.7500000000000000000000000000000000000000
106960372985893.9531250000000000000000000000000000000000
572897499250890.3750000000000000000000000000000000000000
-307892224273559.1875000000000000000000000000000000000000
-15983579952026.7363281250000000000000000000000000000000
510977666098795.3125000000000000000000000000000000000000
228276400836138.5625000000000000000000000000000000000000
110103581863937.2343750000000000000000000000000000000000
61440667949759.5625000000000000000000000000000000000000
658807559093098.3750000000000000000000000000000000000000
11916902660549.1289062500000000000000000000000000000000
-145899386313460.4375000000000000000000000000000000000000
-560936542966846.3750000000000000000000000000000000000000
-239090641645180.7187500000000000000000000000000000000000
123821251288323.6718750000000000000000000000000000000000
-50771398696567.2734375000000000000000000000000000000000
-586898153214907.7500000000000000000000000000000000000000
357128190572354.6250000000000000000000000000000000000000
144610292103808.4687500000000000000000000000000000000000
-23506374274568.0000000000000000000000000000000000000000
-168202223026497.5625000000000000000000000000000000000000
529732014355394.0000000000000000000000000000000000000000
305132788162381.0000000000000000000000000000000000000000
-33952095338036.3710937500000000000000000000000000000000
117606837745355.8437500000000000000000000000000000000000
-220970485013830.8750000000000000000000000000000000000000
-338101162919478.7500000000000000000000000000000000000000
-86273909140801.5937500000000000000000000000000000000000
-153302440627838.2500000000000000000000000000000000000000
118797345747981.0312500000000000000000000000000000000000
-290202639350397.1875000000000000000000000000000000000000
517529910304942.3125000000000000000000000000000000000000
551102062602858.7500000000000000000000000000000000000000
-513473367731854.4375000000000000000000000000000000000000
-4300322987558.0332031250000000000000000000000000000000
61545710617808.4218750000000000000000000000000000000000
-122438869943340.9062500000000000000000000000000000000000
-572382494787954.7500000000000000000000000000000000000000
-127105411195252.0000000000000000000000000000000000000000
-77780340736756.7656250000000000000000000000000000000000
-772061536841509.5000000000000000000000000000000000000000
-308755102225104.4375000000000000000000000000000000000000
281740304800106.1250000000000000000000000000000000000000
-9289464862730.4785156250000000000000000000000000000000
-331632078869339.0625000000000000000000000000000000000000
-105502605797007.7968750000000000000000000000000000000000
158171857981522.8750000000000000000000000000000000000000
13030781091930.1308593750000000000000000000000000000000
108694123595764.7031250000000000000000000000000000000000
61593674112718.5937500000000000000000000000000000000000
-168277338992749.3437500000000000000000000000000000000000
-307043587375340.1875000000000000000000000000000000000000
-99679018810213.0781250000000000000000000000000000000000
-49577055261986.4453125000000000000000000000000000000000
-83433553836758.8281250000000000000000000000000000000000
78903423215054.6718750000000000000000000000000000000000
159794674444241.1562500000000000000000000000000000000000
-261064734703402.8437500000000000000000000000000000000000
413464369174961.2500000000000000000000000000000000000000
23932026449559.4179687500000000000000000000000000000000
-477587172382742.4375000000000000000000000000000000000000
307146362257940.3750000000000000000000000000000000000000
-170416149880817.4375000000000000000000000000000000000000
-316941077303227.1875000000000000000000000000000000000000
694937488386238.5000000000000000000000000000000000000000
-574061254632076.5000000000000000000000000000000000000000
-94823765770985.8437500000000000000000000000000000000000
476623046514474.7500000000000000000000000000000000000000
-168668896960593.6875000000000000000000000000000000000000
455032175347136.0000000000000000000000000000000000000000
456913915868936.3750000000000000000000000000000000000000
813214774776786.0000000000000000000000000000000000000000
183764576886741.1562500000000000000000000000000000000000
-31841815018267.5859375000000000000000000000000000000000
-192629620534180.7187500000000000000000000000000000000000
50934018551967.8359375000000000000000000000000000000000
-12881315827507.6367187500000000000000000000000000000000
58548791817026.8203125000000000000000000000000000000000
58772920055022.5625000000000000000000000000000000000000
-204580437474416.4062500000000000000000000000000000000000
495444279803471.0625000000000000000000000000000000000000
786064532801042.0000000000000000000000000000000000000000
6686283255968.8964843750000000000000000000000000000000
-204849443393314.5937500000000000000000000000000000000000
593619728459467.0000000000000000000000000000000000000000
-54736400952004.8046875000000000000000000000000000000000
-201099643071409.2500000000000000000000000000000000000000
-152830504662513.8750000000000000000000000000000000000000
385807827152246.3125000000000000000000000000000000000000
61761173294889.8984375000000000000000000000000000000000
108135256661319.4843750000000000000000000000000000000000
658925542875746.0000000000000000000000000000000000000000
-321194992797188.1250000000000000000000000000000000000000
-624688194649870.3750000000000000000000000000000000000000
-50404054396569.3750000000000000000000000000000000000000
-697235352796140.2500000000000000000000000000000000000000
63645397315575.9296875000000000000000000000000000000000
-610244848197939.3750000000000000000000000000000000000000
289888870337113.4375000000000000000000000000000000000000
636061774497023.6250000000000000000000000000000000000000
491960762039939.8125000000000000000000000000000000000000
-69928110914650.7187500000000000000000000000000000000000
35164548270217.2031250000000000000000000000000000000000
-455699895511644.4375000000000000000000000000000000000000
323285255836284.1875000000000000000000000000000000000000
-820711103360079.0000000000000000000000000000000000000000
-256399452883493.9687500000000000000000000000000000000000
-379670192301566.3750000000000000000000000000000000000000
-245357125884646.7187500000000000000000000000000000000000
-253746290966273.4687500000000000000000000000000000000000
32892533526078.1601562500000000000000000000000000000000
-142437057087037.4687500000000000000000000000000000000000
467442730471255.3125000000000000000000000000000000000000
-531052297752435.5625000000000000000000000000000000000000
-16169848685686.5039062500000000000000000000000000000000
-503060368817016.0625000000000000000000000000000000000000
19620546712290.2226562500000000000000000000000000000000
181457722015493.8750000000000000000000000000000000000000
-97633275644750.8125000000000000000000000000000000000000
-736178399816907.7500000000000000000000000000000000000000
32678059933437.0000000000000000000000000000000000000000
129716817566642.9531250000000000000000000000000000000000
32132619302647.7734375000000000000000000000000000000000
-450728156917313.1250000000000000000000000000000000000000
-288269464079055.0625000000000000000000000000000000000000
214363372660510.2812500000000000000000000000000000000000
-532492132990713.5000000000000000000000000000000000000000
66986690950848.1093750000000000000000000000000000000000
-253558236315184.6875000000000000000000000000000000000000
478423787430051.1250000000000000000000000000000000000000
518993771450329.5625000000000000000000000000000000000000
65003392257961.1484375000000000000000000000000000000000
582205855722250.2500000000000000000000000000000000000000
114193036885807.4062500000000000000000000000000000000000
58007483473259.1796875000000000000000000000000000000000
23448145053981.0781250000000000000000000000000000000000
145924876621850.0312500000000000000000000000000000000000
-98861762237554.0000000000000000000000000000000000000000
103303787412230.1875000000000000000000000000000000000000
4823637828208.5117187500000000000000000000000000000000
-218050835514515.0625000000000000000000000000000000000000
758063695579970.7500000000000000000000000000000000000000
14015177062454.5839843750000000000000000000000000000000
-169552966395965.4375000000000000000000000000000000000000
-228192411656781.3125000000000000000000000000000000000000
166073620239040.0000000000000000000000000000000000000000
-160433562061685.4062500000000000000000000000000000000000
68283617892157.6875000000000000000000000000000000000000
-158150955756060.5625000000000000000000000000000000000000
51374701095212.5312500000000000000000000000000000000000
-179545161231882.5312500000000000000000000000000000000000
-163687299130178.3750000000000000000000000000000000000000
423174147285455.1250000000000000000000000000000000000000
458094445653514.3125000000000000000000000000000000000000
340266175225256.1875000000000000000000000000000000000000
296328998166274.8125000000000000000000000000000000000000
-159745467342199.8125000000000000000000000000000000000000
-16496546095320.3769531250000000000000000000000000000000
-194072251538195.6250000000000000000000000000000000000000
246641279067269.5937500000000000000000000000000000000000
10766032644459.5585937500000000000000000000000000000000
-385177547721286.9375000000000000000000000000000000000000
52016249220764.3359375000000000000000000000000000000000
237616030066855.9375000000000000000000000000000000000000
912170555523903.0000000000000000000000000000000000000000
-356601695870067.1250000000000000000000000000000000000000
437915201271157.1875000000000000000000000000000000000000
404073268637673.4375000000000000000000000000000000000000
-955927273925657.2500000000000000000000000000000000000000
-458272379734256.0625000000000000000000000000000000000000
811223030196975.6250000000000000000000000000000000000000
-436795809743730.1250000000000000000000000000000000000000
-397370931877346.6875000000000000000000000000000000000000
-6189293696096.0722656250000000000000000000000000000000
-115474769666141.4062500000000000000000000000000000000000
175809031952542.5625000000000000000000000000000000000000
420558648420706.2500000000000000000000000000000000000000
-192986689030479.6875000000000000000000000000000000000000
358785703382587.6250000000000000000000000000000000000000
-305001999875898.6250000000000000000000000000000000000000
-8299383249446.5000000000000000000000000000000000000000
408351385887238.1250000000000000000000000000000000000000
-270997148462393.9062500000000000000000000000000000000000
126303692379663.4218750000000000000000000000000000000000
-34963781397770.8710937500000000000000000000000000000000
606060728617838.1250000000000000000000000000000000000000
482301605770769.1875000000000000000000000000000000000000
-586413946742822.0000000000000000000000000000000000000000
480735243482377.1250000000000000000000000000000000000000
-366909940127490.4375000000000000000000000000000000000000
-17795565238775.7304687500000000000000000000000000000000
-138467340155989.3281250000000000000000000000000000000000
29185768666476.5156250000000000000000000000000000000000
-823933241059781.8750000000000000000000000000000000000000
3895319529674.6123046875000000000000000000000000000000
135115393110406.6093750000000000000000000000000000000000
92216897763357.4843750000000000000000000000000000000000
-179453335790530.3125000000000000000000000000000000000000
-212690927553318.9687500000000000000000000000000000000000
-991590872455405.7500000000000000000000000000000000000000
-20554946375223.0078125000000000000000000000000000000000
-643192200076161.6250000000000000000000000000000000000000
267825911571195.2187500000000000000000000000000000000000
756986989146881.5000000000000000000000000000000000000000
444258373323098.0625000000000000000000000000000000000000
172141631272745.5625000000000000000000000000000000000000
-825996780868623.8750000000000000000000000000000000000000
-10404617491456.9746093750000000000000000000000000000000
-240556816049655.9375000000000000000000000000000000000000
235244030805398.6562500000000000000000000000000000000000
283984730073085.4375000000000000000000000000000000000000
-359446491083643.1875000000000000000000000000000000000000
-93228327355064.1250000000000000000000000000000000000000
-526915747103341.1250000000000000000000000000000000000000
21246555918163.2578125000000000000000000000000000000000
126616397106808.2031250000000000000000000000000000000000
-8577881594007.9677734375000000000000000000000000000000
-901505985868792.8750000000000000000000000000000000000000
897420867401658.6250000000000000000000000000000000000000
479813444294495.9375000000000000000000000000000000000000
279164329720546.2187500000000000000000000000000000000000
-550583286455079.7500000000000000000000000000000000000000
-190801915209637.0312500000000000000000000000000000000000
-454502520454646.4375000000000000000000000000000000000000
-151589687768971.5312500000000000000000000000000000000000
-293703438230824.1250000000000000000000000000000000000000
331717753761957.1250000000000000000000000000000000000000
551349145353335.9375000000000000000000000000000000000000
121967346443100.9843750000000000000000000000000000000000
228100538760889.0625000000000000000000000000000000000000
707333934364088.3750000000000000000000000000000000000000
-963009880567946.8750000000000000000000000000000000000000
92886670548763.6875000000000000000000000000000000000000
374170563932306.1875000000000000000000000000000000000000
90045599098841.0312500000000000000000000000000000000000
-95160581995710.7343750000000000000000000000000000000000
-766583687332224.7500000000000000000000000000000000000000
3819510577698.3403320312500000000000000000000000000000
-103132488986081.5156250000000000000000000000000000000000
-199982650159837.7500000000000000000000000000000000000000
-544246765733024.6250000000000000000000000000000000000000
384511807823916.5625000000000000000000000000000000000000
-111211859139040.8750000000000000000000000000000000000000
292965622845697.5625000000000000000000000000000000000000
263077253881629.6250000000000000000000000000000000000000
649592878648012.3750000000000000000000000000000000000000
631466762032554.0000000000000000000000000000000000000000
-243527285637234.1250000000000000000000000000000000000000
313054681726546.5000000000000000000000000000000000000000
-110978925060256.6718750000000000000000000000000000000000
-70212789133636.1875000000000000000000000000000000000000
90446740203943.0000000000000000000000000000000000000000
-788194518770252.5000000000000000000000000000000000000000
126605869475594.2187500000000000000000000000000000000000
798018403985251.5000000000000000000000000000000000000000
347872878036913.1875000000000000000000000000000000000000
8374982155071.3300781250000000000000000000000000000000
59417838162540.8750000000000000000000000000000000000000
-73039578086631.7031250000000000000000000000000000000000
-513177280664396.6875000000000000000000000000000000000000
-179760041821223.4375000000000000000000000000000000000000
157089807526274.6875000000000000000000000000000000000000
-319310326429910.8125000000000000000000000000000000000000
102302308351014.0000000000000000000000000000000000000000
-131716645674287.1562500000000000000000000000000000000000
60500552674352.4765625000000000000000000000000000000000
-311891949204533.0625000000000000000000000000000000000000
912404013549861.8750000000000000000000000000000000000000
186182344600762.6875000000000000000000000000000000000000
-287744502000795.1250000000000000000000000000000000000000
114003152794212.8750000000000000000000000000000000000000
404202401016416.1875000000000000000000000000000000000000
588525187169139.2500000000000000000000000000000000000000
-558988467273644.8125000000000000000000000000000000000000
331314779669348.3125000000000000000000000000000000000000
190918077478701.1250000000000000000000000000000000000000
-77407814147641.9843750000000000000000000000000000000000
-725537068461702.8750000000000000000000000000000000000000
178479564283847.1250000000000000000000000000000000000000
-365537317643182.8750000000000000000000000000000000000000
209288405826296.3750000000000000000000000000000000000000
449206139354974.1250000000000000000000000000000000000000
508370622784118.4375000000000000000000000000000000000000
164242320802879.4062500000000000000000000000000000000000
-184413850224254.8125000000000000000000000000000000000000
-79317981453548.0312500000000000000000000000000000000000
-323900401098014.5000000000000000000000000000000000000000
439637994608179.3125000000000000000000000000000000000000
-321212777529093.4375000000000000000000000000000000000000
-445690714350607.8125000000000000000000000000000000000000
69974230144223.2109375000000000000000000000000000000000
-743982547549862.2500000000000000000000000000000000000000
-211809040164298.8125000000000000000000000000000000000000
263627735892207.7187500000000000000000000000000000000000
723663434265102.6250000000000000000000000000000000000000
502063494192047.0000000000000000000000000000000000000000
-370231794280138.8125000000000000000000000000000000000000
377456860541237.0625000000000000000000000000000000000000
-283533097683747.0000000000000000000000000000000000000000
629251246488171.6250000000000000000000000000000000000000
-62757599720134.7578125000000000000000000000000000000000
-410916213692320.9375000000000000000000000000000000000000
206561917656562.2500000000000000000000000000000000000000
-499421534759530.3750000000000000000000000000000000000000
143857578438075.1875000000000000000000000000000000000000
-74500783718689.1406250000000000000000000000000000000000
-25766821627649.4375000000000000000000000000000000000000
-360546768529091.4375000000000000000000000000000000000000
-145201547237535.4062500000000000000000000000000000000000
-337001969739021.8750000000000000000000000000000000000000
-285920848617345.4375000000000000000000000000000000000000
-366018291172402.7500000000000000000000000000000000000000
-160589053268749.5312500000000000000000000000000000000000
65528532123385.5078125000000000000000000000000000000000
193463037198161.1562500000000000000000000000000000000000
579942589725710.5000000000000000000000000000000000000000
-533512959750661.8125000000000000000000000000000000000000
-389919124158512.5625000000000000000000000000000000000000
118184986855600.5937500000000000000000000000000000000000
-287708612317723.8125000000000000000000000000000000000000
811457124862497.3750000000000000000000000000000000000000
-51667389173970.3984375000000000000000000000000000000000
-439202437320814.1875000000000000000000000000000000000000
118132158760959.4843750000000000000000000000000000000000
267814078115146.3750000000000000000000000000000000000000
312146628845130.2500000000000000000000000000000000000000
-31305285726269.6445312500000000000000000000000000000000
93370918179330.0000000000000000000000000000000000000000
30950272452464.3203125000000000000000000000000000000000
-73485788805635.5468750000000000000000000000000000000000
-473854788922578.7500000000000000000000000000000000000000
821762759985988.2500000000000000000000000000000000000000
-225086310602619.5312500000000000000000000000000000000000
-390409880815685.5000000000000000000000000000000000000000
-230099835537988.9062500000000000000000000000000000000000
336812112006540.5625000000000000000000000000000000000000
-574874830846659.1250000000000000000000000000000000000000
-294297129519695.2500000000000000000000000000000000000000
155543264492335.9375000000000000000000000000000000000000
-234206697435724.5312500000000000000000000000000000000000
-553032850022685.4375000000000000000000000000000000000000
793154895441276.1250000000000000000000000000000000000000
-440536164361731.3125000000000000000000000000000000000000
-351622556349150.6250000000000000000000000000000000000000
14183826051485.6289062500000000000000000000000000000000
338812208083612.8125000000000000000000000000000000000000
130453809864041.0781250000000000000000000000000000000000
-348039389533078.5625000000000000000000000000000000000000
217247833374297.6250000000000000000000000000000000000000
-475355879558867.9375000000000000000000000000000000000000
-86880127374116.8437500000000000000000000000000000000000
207130285985388.1875000000000000000000000000000000000000
-164873187250295.1250000000000000000000000000000000000000
-325429985022278.0000000000000000000000000000000000000000
-17341467095262.6054687500000000000000000000000000000000
176662198023425.0937500000000000000000000000000000000000
-92165509464385.6718750000000000000000000000000000000000
55198880879088.5390625000000000000000000000000000000000
798182672628989.7500000000000000000000000000000000000000
-266506981580588.3437500000000000000000000000000000000000
-170906564704882.7187500000000000000000000000000000000000
449988747409827.8125000000000000000000000000000000000000
-407062974224128.6250000000000000000000000000000000000000
-8746630230529.7480468750000000000000000000000000000000
171951252304095.5000000000000000000000000000000000000000
-27043317015047.1289062500000000000000000000000000000000
591810076822701.7500000000000000000000000000000000000000
501132961916358.6250000000000000000000000000000000000000
487575072541122.0000000000000000000000000000000000000000
-89137658646206.8593750000000000000000000000000000000000
113088944475200.8750000000000000000000000000000000000000
139532897112716.7343750000000000000000000000000000000000
569597156902135.5000000000000000000000000000000000000000
-649146890055107.5000000000000000000000000000000000000000
98551219277811.2812500000000000000000000000000000000000
-876196489619194.8750000000000000000000000000000000000000
379852315860861.9375000000000000000000000000000000000000
-7597940910333.0673828125000000000000000000000000000000
83645059222308.1562500000000000000000000000000000000000
71358180982679.4843750000000000000000000000000000000000
230371145829963.7812500000000000000000000000000000000000
-154955477760591.8750000000000000000000000000000000000000
562145578544728.8750000000000000000000000000000000000000
-203415472536881.1875000000000000000000000000000000000000
256503681257340.1562500000000000000000000000000000000000
-102281105237609.7656250000000000000000000000000000000000
821921085811140.2500000000000000000000000000000000000000
220514447543595.9062500000000000000000000000000000000000
-573712417927624.6250000000000000000000000000000000000000
-93941946689401.6718750000000000000000000000000000000000
760358062792619.7500000000000000000000000000000000000000
-203651971848752.6250000000000000000000000000000000000000
58783868673022.0312500000000000000000000000000000000000
-137217732399105.5312500000000000000000000000000000000000
-158845587013636.0000000000000000000000000000000000000000
126335453813942.0468750000000000000000000000000000000000
-296637548376838.0000000000000000000000000000000000000000
643621145440405.6250000000000000000000000000000000000000
56824594815061.0468750000000000000000000000000000000000
383795160923964.8125000000000000000000000000000000000000
319619921733096.0625000000000000000000000000000000000000
96020668120492.6093750000000000000000000000000000000000
-451354507099178.8125000000000000000000000000000000000000
-520909537059176.5625000000000000000000000000000000000000
309078074646144.3125000000000000000000000000000000000000
-759322106361697.8750000000000000000000000000000000000000
617446092661589.0000000000000000000000000000000000000000
-919878066504949.0000000000000000000000000000000000000000
-683814205811340.7500000000000000000000000000000000000000
-375874002378263.5000000000000000000000000000000000000000
236692813758153.8437500000000000000000000000000000000000
199584793734748.0312500000000000000000000000000000000000
-131895665198083.6875000000000000000000000000000000000000
-157726394129321.2187500000000000000000000000000000000000
122673914338688.6093750000000000000000000000000000000000
31014006969350.0156250000000000000000000000000000000000
480851794969553.3750000000000000000000000000000000000000
31179931301792.2695312500000000000000000000000000000000
451295236127125.8125000000000000000000000000000000000000
-323044009805855.4375000000000000000000000000000000000000
61736186725421.8828125000000000000000000000000000000000
-373807965881726.3750000000000000000000000000000000000000
-437488343561443.4375000000000000000000000000000000000000
40933425380719.4296875000000000000000000000000000000000
-101996370989172.4687500000000000000000000000000000000000
-81045195535492.8437500000000000000000000000000000000000
-602412348063589.0000000000000000000000000000000000000000
-47934565218709.2578125000000000000000000000000000000000
-82821139755280.6093750000000000000000000000000000000000
378918509424044.4375000000000000000000000000000000000000
-111222429425870.3437500000000000000000000000000000000000
382507985263347.6250000000000000000000000000000000000000
-25254183803780.6132812500000000000000000000000000000000
124581583160068.6562500000000000000000000000000000000000
453619715707438.6875000000000000000000000000000000000000
-243054094953262.9375000000000000000000000000000000000000
-279142699264752.9375000000000000000000000000000000000000
121690440598771.4062500000000000000000000000000000000000
-571457519573424.3750000000000000000000000000000000000000
371917421710775.0000000000000000000000000000000000000000
192249876564479.4687500000000000000000000000000000000000
-110113305194018.7343750000000000000000000000000000000000
265939416759001.5312500000000000000000000000000000000000
-581793347979277.2500000000000000000000000000000000000000
618939609182384.6250000000000000000000000000000000000000
-148175480545457.5000000000000000000000000000000000000000
117587532013587.9218750000000000000000000000000000000000
-516513473178519.4375000000000000000000000000000000000000
-84968551852805.7187500000000000000000000000000000000000
277850586699070.5625000000000000000000000000000000000000
31324332713936.6601562500000000000000000000000000000000
117592083807479.7500000000000000000000000000000000000000
-300169916633366.1875000000000000000000000000000000000000
167288133765663.6875000000000000000000000000000000000000
38085209761017.3593750000000000000000000000000000000000
-639271151889526.2500000000000000000000000000000000000000
-324656216546452.2500000000000000000000000000000000000000
473596462333700.3125000000000000000000000000000000000000
259680611082038.5937500000000000000000000000000000000000
45805265440877.0546875000000000000000000000000000000000
154570169784409.0625000000000000000000000000000000000000
-319691699422946.5625000000000000000000000000000000000000
42183343589876.9218750000000000000000000000000000000000
248407551388554.2812500000000000000000000000000000000000
226309419137058.6875000000000000000000000000000000000000
-332610351498863.3125000000000000000000000000000000000000
-587534167797772.5000000000000000000000000000000000000000
-629723045822854.3750000000000000000000000000000000000000
-102425753013262.6406250000000000000000000000000000000000
172552177891994.8437500000000000000000000000000000000000
10518283847582.7617187500000000000000000000000000000000
281240659137803.4375000000000000000000000000000000000000
-730210342160581.5000000000000000000000000000000000000000
392579202491825.7500000000000000000000000000000000000000
765847725057574.3750000000000000000000000000000000000000
709279792167403.3750000000000000000000000000000000000000
-49580231638465.3281250000000000000000000000000000000000
-655556906951784.3750000000000000000000000000000000000000
-465898403698773.3750000000000000000000000000000000000000
-628494435618843.3750000000000000000000000000000000000000
267281025608673.3125000000000000000000000000000000000000
-22658034449933.7578125000000000000000000000000000000000
-116801061962634.0937500000000000000000000000000000000000
4503819448323.3691406250000000000000000000000000000000
-10299199816213.1992187500000000000000000000000000000000
590899020962485.7500000000000000000000000000000000000000
-241295358693126.5625000000000000000000000000000000000000
454687152716870.6875000000000000000000000000000000000000
389339919956601.8125000000000000000000000000000000000000
163100341454216.0625000000000000000000000000000000000000
-209288811289712.9375000000000000000000000000000000000000
308331960070103.8750000000000000000000000000000000000000
833432012738383.2500000000000000000000000000000000000000
212777383402772.5312500000000000000000000000000000000000
-498343723643442.3750000000000000000000000000000000000000
102126404849752.7187500000000000000000000000000000000000
311623779289517.1250000000000000000000000000000000000000
-14689065605874.7500000000000000000000000000000000000000
-596250673536649.0000000000000000000000000000000000000000
296691475561373.6250000000000000000000000000000000000000
-198172739932074.2812500000000000000000000000000000000000
209854332435071.8125000000000000000000000000000000000000
318493252492049.5000000000000000000000000000000000000000
-269189545698122.0937500000000000000000000000000000000000
239141863649551.4375000000000000000000000000000000000000
-187444457476495.7812500000000000000000000000000000000000
349406197799927.9375000000000000000000000000000000000000
79701162796184.9687500000000000000000000000000000000000
176942600190926.7812500000000000000000000000000000000000
41351939952105.1406250000000000000000000000000000000000
-474278366068404.0000000000000000000000000000000000000000
208031303822260.3437500000000000000000000000000000000000
150810480506307.2500000000000000000000000000000000000000
459034807043936.3750000000000000000000000000000000000000
76156718016142.3750000000000000000000000000000000000000
-868280793757432.1250000000000000000000000000000000000000
369778380403532.9375000000000000000000000000000000000000
-562944328267376.1250000000000000000000000000000000000000
-20367555255937.2968750000000000000000000000000000000000
-496726401911402.3750000000000000000000000000000000000000
17884622843070.1093750000000000000000000000000000000000
795037528677794.6250000000000000000000000000000000000000
-465095336332904.6250000000000000000000000000000000000000
-88926070623810.3125000000000000000000000000000000000000
-326654871613440.4375000000000000000000000000000000000000
144586742898732.3437500000000000000000000000000000000000
-547326230891910.3750000000000000000000000000000000000000
-45427221943700.5000000000000000000000000000000000000000
677415183630984.3750000000000000000000000000000000000000
-989435642324468.2500000000000000000000000000000000000000
-188139937712103.5312500000000000000000000000000000000000
297814213057253.9375000000000000000000000000000000000000
935930741221720.7500000000000000000000000000000000000000
638426602990338.0000000000000000000000000000000000000000
-477679908316197.6250000000000000000000000000000000000000
-203485703461844.8750000000000000000000000000000000000000
880366500503937.6250000000000000000000000000000000000000
35523859302881.1093750000000000000000000000000000000000
-1062894807284436.0000000000000000000000000000000000000000
374930175010460.2500000000000000000000000000000000000000
140962053057997.1250000000000000000000000000000000000000
546917146481101.0000000000000000000000000000000000000000
-520369046723093.3750000000000000000000000000000000000000
-500038621019370.3750000000000000000000000000000000000000
-184911442921103.3437500000000000000000000000000000000000
461133924117875.4375000000000000000000000000000000000000
336800375685890.9375000000000000000000000000000000000000
625532349060215.6250000000000000000000000000000000000000
-235610172127284.5625000000000000000000000000000000000000
-190790560451405.1875000000000000000000000000000000000000
-72807373574386.9375000000000000000000000000000000000000
-226063252890509.3437500000000000000000000000000000000000
135450344108409.2031250000000000000000000000000000000000
-277838561650492.8125000000000000000000000000000000000000
-849178953479298.6250000000000000000000000000000000000000
575803734932581.5000000000000000000000000000000000000000
477442997476000.6250000000000000000000000000000000000000
-15653080320878.9667968750000000000000000000000000000000
-874836475011849.8750000000000000000000000000000000000000
272250911473533.3125000000000000000000000000000000000000
-212700252887775.5000000000000000000000000000000000000000
231250042129932.8437500000000000000000000000000000000000
96254665027470.6250000000000000000000000000000000000000
148280082143271.4687500000000000000000000000000000000000
-641958332745177.5000000000000000000000000000000000000000
17040307390119.2031250000000000000000000000000000000000
96421877707616.2031250000000000000000000000000000000000
334583644324856.1875000000000000000000000000000000000000
262403639681221.4687500000000000000000000000000000000000
151650869830711.2187500000000000000000000000000000000000
-102173037586513.8906250000000000000000000000000000000000
-344771073203104.5000000000000000000000000000000000000000
653772657226733.2500000000000000000000000000000000000000
-94993404356387.1718750000000000000000000000000000000000
-400186491805895.9375000000000000000000000000000000000000
472060438958381.5625000000000000000000000000000000000000
-275446788548698.6562500000000000000000000000000000000000
110192945914148.3125000000000000000000000000000000000000
-303247804993017.0000000000000000000000000000000000000000
-1143185879506.6015625000000000000000000000000000000000
190950462318869.7500000000000000000000000000000000000000
-274292454832287.0937500000000000000000000000000000000000
-81498596793859.2500000000000000000000000000000000000000
243427350565472.0937500000000000000000000000000000000000
318457223344065.2500000000000000000000000000000000000000
-200699861811415.2812500000000000000000000000000000000000
-714456742800821.8750000000000000000000000000000000000000
55842690763321.9453125000000000000000000000000000000000
-876619174717839.0000000000000000000000000000000000000000
-336601664888092.3125000000000000000000000000000000000000
541659431659412.0625000000000000000000000000000000000000
-304146718719153.5625000000000000000000000000000000000000
-170497753413892.2812500000000000000000000000000000000000
681884294462508.0000000000000000000000000000000000000000
-454684170836430.5000000000000000000000000000000000000000
366672196088585.1875000000000000000000000000000000000000
-846592178822680.0000000000000000000000000000000000000000
-270368516891704.9687500000000000000000000000000000000000
114331794011886.5937500000000000000000000000000000000000
398410108904604.1875000000000000000000000000000000000000
-98141799383251.3281250000000000000000000000000000000000
29929591506559.3828125000000000000000000000000000000000
393528882076821.7500000000000000000000000000000000000000
551117380785019.2500000000000000000000000000000000000000
-325951841201150.6250000000000000000000000000000000000000
-62532878528053.8984375000000000000000000000000000000000
687596389961105.1250000000000000000000000000000000000000
-2734508499816.1806640625000000000000000000000000000000
110500485684129.7812500000000000000000000000000000000000
-236348946269819.2500000000000000000000000000000000000000
-221273980856175.1562500000000000000000000000000000000000
-349624519572937.8125000000000000000000000000000000000000
90619901978425.5937500000000000000000000000000000000000
-420434748788896.7500000000000000000000000000000000000000
199687880802733.4375000000000000000000000000000000000000
-241803433297328.0937500000000000000000000000000000000000
535165892550580.6250000000000000000000000000000000000000
94628531598795.8281250000000000000000000000000000000000
-159838323513964.9687500000000000000000000000000000000000
-212809727623218.8125000000000000000000000000000000000000
699878885428189.6250000000000000000000000000000000000000
-118867764682476.2031250000000000000000000000000000000000
481432367704937.1250000000000000000000000000000000000000
-362475097555583.0000000000000000000000000000000000000000
-158078097875938.5000000000000000000000000000000000000000
199624782440123.6562500000000000000000000000000000000000
-220575189167737.7812500000000000000000000000000000000000
386069890242596.6875000000000000000000000000000000000000
562195525371363.9375000000000000000000000000000000000000
-621909392202717.0000000000000000000000000000000000000000
-56020607149260.1250000000000000000000000000000000000000
521537875266738.6875000000000000000000000000000000000000
-14055853925785.1933593750000000000000000000000000000000
153592969477071.9375000000000000000000000000000000000000
-50962240830464.1328125000000000000000000000000000000000
213496981973606.5625000000000000000000000000000000000000
-300338179226491.3750000000000000000000000000000000000000
783869953781632.6250000000000000000000000000000000000000
-32840284439981.9179687500000000000000000000000000000000
-188573018705591.5625000000000000000000000000000000000000
475508801543125.8750000000000000000000000000000000000000
-586324452838004.2500000000000000000000000000000000000000
429312798819524.3125000000000000000000000000000000000000
-944462329172392.0000000000000000000000000000000000000000
-386377918416357.1250000000000000000000000000000000000000
891462078991654.3750000000000000000000000000000000000000
-195953134712488.4375000000000000000000000000000000000000
-46476871774903.5546875000000000000000000000000000000000
163068085272297.4687500000000000000000000000000000000000
267132597503050.8437500000000000000000000000000000000000
742861269727132.3750000000000000000000000000000000000000
-383791826114678.4375000000000000000000000000000000000000
653419685764423.7500000000000000000000000000000000000000
475476710847998.7500000000000000000000000000000000000000
-443468367557139.4375000000000000000000000000000000000000
-29059090533220.1562500000000000000000000000000000000000
-235359723196556.3125000000000000000000000000000000000000
-101097759522197.7343750000000000000000000000000000000000
-100824771457331.8125000000000000000000000000000000000000
-671071518363462.7500000000000000000000000000000000000000
-250567296527526.9062500000000000000000000000000000000000
-1050588695819229.3750000000000000000000000000000000000000
511832845154282.5000000000000000000000000000000000000000
361049136363177.9375000000000000000000000000000000000000
271419876040990.0312500000000000000000000000000000000000
-210733870997497.0000000000000000000000000000000000000000
-340410631183963.0625000000000000000000000000000000000000
68179584771801.1640625000000000000000000000000000000000
566795866553413.2500000000000000000000000000000000000000
-310522135548016.6250000000000000000000000000000000000000
640687288849218.0000000000000000000000000000000000000000
-309723442411102.8750000000000000000000000000000000000000
-664190653226564.8750000000000000000000000000000000000000
40378725868507.3515625000000000000000000000000000000000
472501371615486.5625000000000000000000000000000000000000
-234400161086876.5937500000000000000000000000000000000000
-438347999932223.8125000000000000000000000000000000000000
-98632156762326.2656250000000000000000000000000000000000
60084163850390.8281250000000000000000000000000000000000
-258518344984420.9687500000000000000000000000000000000000
27542385326747.5039062500000000000000000000000000000000
-367036107217129.0625000000000000000000000000000000000000
18771780683164.5351562500000000000000000000000000000000
350493306006443.6875000000000000000000000000000000000000
-899575049270587.6250000000000000000000000000000000000000
92780804905381.0468750000000000000000000000000000000000
-156322618937836.1250000000000000000000000000000000000000
-595299016863962.7500000000000000000000000000000000000000
-57587194452935.0937500000000000000000000000000000000000
-125686114969053.2031250000000000000000000000000000000000
685501060744900.1250000000000000000000000000000000000000
178558738300848.6562500000000000000000000000000000000000
-139787462628623.5312500000000000000000000000000000000000
-144162875090970.0937500000000000000000000000000000000000
-433236952863666.6250000000000000000000000000000000000000
329597643911903.6875000000000000000000000000000000000000
966333025671896.5000000000000000000000000000000000000000
-503594365067922.9375000000000000000000000000000000000000
957757548621734.8750000000000000000000000000000000000000
447852440127856.3125000000000000000000000000000000000000
-403060905762813.7500000000000000000000000000000000000000
-622743731249283.5000000000000000000000000000000000000000
772153153436107.7500000000000000000000000000000000000000
-135308253183401.7343750000000000000000000000000000000000
-50402600135777.3437500000000000000000000000000000000000
-482543832690404.7500000000000000000000000000000000000000
359375887362325.8750000000000000000000000000000000000000
-477367821550280.1250000000000000000000000000000000000000
-723046309955432.2500000000000000000000000000000000000000
1346716435604660.7500000000000000000000000000000000000000
59018341100271.2109375000000000000000000000000000000000
98178750543231.3750000000000000000000000000000000000000
260054583840281.1562500000000000000000000000000000000000
-40010273040720.6484375000000000000000000000000000000000
458188741590095.5625000000000000000000000000000000000000
192609753369217.9062500000000000000000000000000000000000
-692326850425039.8750000000000000000000000000000000000000
598527734349853.6250000000000000000000000000000000000000
471276899684783.0000000000000000000000000000000000000000
-39636836367220.8984375000000000000000000000000000000000
-655188064739714.6250000000000000000000000000000000000000
241887999347773.3750000000000000000000000000000000000000
126463964164982.6562500000000000000000000000000000000000
-530931095923955.1250000000000000000000000000000000000000
482732529995271.3125000000000000000000000000000000000000
-7119186463073.2431640625000000000000000000000000000000
-109331594356919.6093750000000000000000000000000000000000
-1027191979815.2668457031250000000000000000000000000000
-610971197873219.7500000000000000000000000000000000000000
-4806151333144.0800781250000000000000000000000000000000
597329646009526.0000000000000000000000000000000000000000
-385227349416604.8125000000000000000000000000000000000000
-206188576350665.2500000000000000000000000000000000000000
240342130120864.4375000000000000000000000000000000000000
78808705731843.4531250000000000000000000000000000000000
-729980616086362.6250000000000000000000000000000000000000
128302008345168.7656250000000000000000000000000000000000
717962466676520.6250000000000000000000000000000000000000
-89335177204915.6093750000000000000000000000000000000000
-744744962818868.1250000000000000000000000000000000000000
-4721568259841.0820312500000000000000000000000000000000
-564730472095915.8750000000000000000000000000000000000000
-482908036363627.7500000000000000000000000000000000000000
950399835763899.5000000000000000000000000000000000000000
-164415148711312.0625000000000000000000000000000000000000
-354729966181431.9375000000000000000000000000000000000000
38912569618037.7187500000000000000000000000000000000000
862088748857679.2500000000000000000000000000000000000000
-73506650902684.5468750000000000000000000000000000000000
492894709063458.3125000000000000000000000000000000000000
-461149964953952.3125000000000000000000000000000000000000
69408752532268.5390625000000000000000000000000000000000
-77303874051352.1718750000000000000000000000000000000000
