-2.3489322093409676917019623942906036973000
1112.8269255592938407062320038676261901855469
-136155.1211646587762515991926193237304687500000
7068862.2160882139578461647033691406250000000000
-201734966.5578890144824981689453125000000000000000
3611843150.9673109054565429687500000000000000000000
-43771449349.0663757324218750000000000000000000000000
376078741044.4998779296875000000000000000000000000000
-2354757039581.6440429687500000000000000000000000000000
10883745968468.8105468750000000000000000000000000000000
-37056004263549.4296875000000000000000000000000000000000
90803827884720.7187500000000000000000000000000000000000
-149953811190293.3125000000000000000000000000000000000000
136153259090118.0156250000000000000000000000000000000000
-2350130452979.3100585937500000000000000000000000000000
-81500722262110.0312500000000000000000000000000000000000
-163298861801292.8750000000000000000000000000000000000000
534416542304705.9375000000000000000000000000000000000000
-348036590700564.0625000000000000000000000000000000000000
-248063607436422.7500000000000000000000000000000000000000
130709517422413.2343750000000000000000000000000000000000
448617191843420.4375000000000000000000000000000000000000
-70651001992624.1406250000000000000000000000000000000000
-502550805468730.3125000000000000000000000000000000000000
47117279428491.8828125000000000000000000000000000000000
49375327315540.8593750000000000000000000000000000000000
336842347997902.6875000000000000000000000000000000000000
51408581538314.6953125000000000000000000000000000000000
-13564889395633.5390625000000000000000000000000000000000
-324685687433518.5625000000000000000000000000000000000000
-63333642070842.4140625000000000000000000000000000000000
16362772203137.2304687500000000000000000000000000000000
-17554648343569.9570312500000000000000000000000000000000
-48388543231515.0390625000000000000000000000000000000000
360718169944866.3125000000000000000000000000000000000000
165267816310011.9375000000000000000000000000000000000000
531861072871807.3750000000000000000000000000000000000000
-837555355813847.5000000000000000000000000000000000000000
-141066092621171.1875000000000000000000000000000000000000
-426689593597345.0000000000000000000000000000000000000000
43001057638824.1718750000000000000000000000000000000000
89357900889612.4531250000000000000000000000000000000000
223006723570651.7812500000000000000000000000000000000000
309144405937216.2500000000000000000000000000000000000000
441187803929135.9375000000000000000000000000000000000000
242872995728428.5937500000000000000000000000000000000000
183997324462449.0312500000000000000000000000000000000000
-314182476407309.6875000000000000000000000000000000000000
-900440333790690.1250000000000000000000000000000000000000
-470276995708686.0625000000000000000000000000000000000000
-301425568669094.3125000000000000000000000000000000000000
189269614255775.3750000000000000000000000000000000000000
-197673659183127.1250000000000000000000000000000000000000
701788221328704.1250000000000000000000000000000000000000
432193300322031.4375000000000000000000000000000000000000
735649716848180.0000000000000000000000000000000000000000
-95885133373443.7812500000000000000000000000000000000000
401601052430606.5625000000000000000000000000000000000000
1068601806416.2244873046875000000000000000000000000000
-260278264403860.1250000000000000000000000000000000000000
-601482517186647.6250000000000000000000000000000000000000
-895503003803782.7500000000000000000000000000000000000000
-114586352482121.0937500000000000000000000000000000000000
-289057909048043.7500000000000000000000000000000000000000
187070482393833.3437500000000000000000000000000000000000
-239817889492410.0000000000000000000000000000000000000000
-19979660174957.6484375000000000000000000000000000000000
571948557370637.1250000000000000000000000000000000000000
326731246954630.1875000000000000000000000000000000000000
381943452658750.0625000000000000000000000000000000000000
501055992847442.5000000000000000000000000000000000000000
553507297603138.5625000000000000000000000000000000000000
-37380285652411.2187500000000000000000000000000000000000
10087462295992.6445312500000000000000000000000000000000
-245992232492446.5000000000000000000000000000000000000000
-344622778468506.0000000000000000000000000000000000000000
-365594859835332.8125000000000000000000000000000000000000
29577123469203.1679687500000000000000000000000000000000
-592680768086071.7500000000000000000000000000000000000000
-632218181710586.2500000000000000000000000000000000000000
-132443102586362.9375000000000000000000000000000000000000
165952376006674.6875000000000000000000000000000000000000
-18309142105139.6914062500000000000000000000000000000000
-459839717317271.4375000000000000000000000000000000000000
125608812547262.7812500000000000000000000000000000000000
249219895943597.6250000000000000000000000000000000000000
594365836652564.3750000000000000000000000000000000000000
534178423789648.3125000000000000000000000000000000000000
442966269990482.0625000000000000000000000000000000000000
392997956997870.5000000000000000000000000000000000000000
-235516868996050.0937500000000000000000000000000000000000
1019482076901490.3750000000000000000000000000000000000000
-285987296434328.1875000000000000000000000000000000000000
-264335797001311.1250000000000000000000000000000000000000
-323740761453941.9375000000000000000000000000000000000000
-242131575165854.0937500000000000000000000000000000000000
-59916682933457.5390625000000000000000000000000000000000
-621075795044149.1250000000000000000000000000000000000000
-331100598946578.5000000000000000000000000000000000000000
179070250353421.1250000000000000000000000000000000000000
-207137754983577.3125000000000000000000000000000000000000
-413023324991127.6875000000000000000000000000000000000000
-91889367121144.0937500000000000000000000000000000000000
-399778324167217.1875000000000000000000000000000000000000
221026906409337.5937500000000000000000000000000000000000
96808893285575.3750000000000000000000000000000000000000
36024265701002.9453125000000000000000000000000000000000
95655461568236.4687500000000000000000000000000000000000
16226150500567.1210937500000000000000000000000000000000
462389657260186.1250000000000000000000000000000000000000
288127715606626.6875000000000000000000000000000000000000
131553266286987.5781250000000000000000000000000000000000
140441217866950.6250000000000000000000000000000000000000
526624423609883.0000000000000000000000000000000000000000
-100172465143528.2187500000000000000000000000000000000000
833393706527913.0000000000000000000000000000000000000000
654617795838458.5000000000000000000000000000000000000000
-28732261210796.3359375000000000000000000000000000000000
-1071636479478603.5000000000000000000000000000000000000000
32360197878167.7109375000000000000000000000000000000000
-161700827125376.2812500000000000000000000000000000000000
-678844201097564.3750000000000000000000000000000000000000
-82507700524272.9687500000000000000000000000000000000000
-116750223191789.1562500000000000000000000000000000000000
-381519858070986.8750000000000000000000000000000000000000
315470073184696.5000000000000000000000000000000000000000
-780209952634488.2500000000000000000000000000000000000000
49206461098852.5781250000000000000000000000000000000000
49591334412006.5156250000000000000000000000000000000000
-214095477694407.6562500000000000000000000000000000000000
-336860728200583.5625000000000000000000000000000000000000
179558347454216.0625000000000000000000000000000000000000
-93811084397576.6562500000000000000000000000000000000000
-131310043008735.5000000000000000000000000000000000000000
657304733808784.3750000000000000000000000000000000000000
329166678004400.6250000000000000000000000000000000000000
288558724214088.7500000000000000000000000000000000000000
202946567758048.8750000000000000000000000000000000000000
467744276933597.1875000000000000000000000000000000000000
-458917320518173.8125000000000000000000000000000000000000
-71972934678071.0781250000000000000000000000000000000000
-82590249960770.1406250000000000000000000000000000000000
532638738079401.8125000000000000000000000000000000000000
150968269701071.6562500000000000000000000000000000000000
222534768600667.0937500000000000000000000000000000000000
176758516785724.2187500000000000000000000000000000000000
-262655930056634.2812500000000000000000000000000000000000
181038612181898.0312500000000000000000000000000000000000
-187148348467294.2500000000000000000000000000000000000000
-23467839012153.5937500000000000000000000000000000000000
-227429411100207.4062500000000000000000000000000000000000
175943203292029.0625000000000000000000000000000000000000
-197834434160672.6875000000000000000000000000000000000000
-331828125100960.1250000000000000000000000000000000000000
253352082352170.1875000000000000000000000000000000000000
-139223448458248.9062500000000000000000000000000000000000
-13512599888436.4453125000000000000000000000000000000000
56523522325928.6015625000000000000000000000000000000000
-565088144157805.0000000000000000000000000000000000000000
-466704963450715.1250000000000000000000000000000000000000
88528125186992.6093750000000000000000000000000000000000
-365198516209731.7500000000000000000000000000000000000000
-356035980870562.1875000000000000000000000000000000000000
186372898330145.0000000000000000000000000000000000000000
-105884115592513.8125000000000000000000000000000000000000
31446179287287.7812500000000000000000000000000000000000
96789373118427.2343750000000000000000000000000000000000
-137650264092002.1406250000000000000000000000000000000000
757185409298287.0000000000000000000000000000000000000000
144905405863806.1250000000000000000000000000000000000000
346316682416620.4375000000000000000000000000000000000000
-242690912267422.3437500000000000000000000000000000000000
5582624457005.7480468750000000000000000000000000000000
-60288885712567.8515625000000000000000000000000000000000
75695221975346.6406250000000000000000000000000000000000
397022167060543.8750000000000000000000000000000000000000
376017859462362.8750000000000000000000000000000000000000
241431427121103.1562500000000000000000000000000000000000
238460507246562.0625000000000000000000000000000000000000
118927874224829.3750000000000000000000000000000000000000
288467094345168.5000000000000000000000000000000000000000
370667591380306.7500000000000000000000000000000000000000
-712927373813837.2500000000000000000000000000000000000000
-779162815873800.3750000000000000000000000000000000000000
211970550189301.2812500000000000000000000000000000000000
-93977404244415.3125000000000000000000000000000000000000
-328128978989263.6875000000000000000000000000000000000000
825089402048206.3750000000000000000000000000000000000000
-198281112860227.7187500000000000000000000000000000000000
-12698457507519.8984375000000000000000000000000000000000
-234589472157730.0000000000000000000000000000000000000000
-284675839044808.4375000000000000000000000000000000000000
-688670964913685.7500000000000000000000000000000000000000
-114482288284682.4531250000000000000000000000000000000000
-177768835879066.7187500000000000000000000000000000000000
-49464910787569.9218750000000000000000000000000000000000
256344724963934.8437500000000000000000000000000000000000
193648388480118.9687500000000000000000000000000000000000
2050777477560.1503906250000000000000000000000000000000
-152969017235935.1250000000000000000000000000000000000000
-359352660346532.5000000000000000000000000000000000000000
125193582701379.4687500000000000000000000000000000000000
-274988460243467.3750000000000000000000000000000000000000
194512475229699.3437500000000000000000000000000000000000
-204327926754230.3437500000000000000000000000000000000000
-121842648857056.5781250000000000000000000000000000000000
670110422799025.3750000000000000000000000000000000000000
251481083225043.4687500000000000000000000000000000000000
-410226208762266.3750000000000000000000000000000000000000
140314416402541.0781250000000000000000000000000000000000
872237636409784.0000000000000000000000000000000000000000
45113207120802.1171875000000000000000000000000000000000
398447290864183.9375000000000000000000000000000000000000
-206209351024741.3125000000000000000000000000000000000000
-7721473316820.2724609375000000000000000000000000000000
71457673678290.1406250000000000000000000000000000000000
-114177626640042.3437500000000000000000000000000000000000
-294603052058492.5625000000000000000000000000000000000000
-243577887063666.7187500000000000000000000000000000000000
804377561755737.3750000000000000000000000000000000000000
-37337112558589.6250000000000000000000000000000000000000
-468746129202882.1875000000000000000000000000000000000000
387771567683411.1875000000000000000000000000000000000000
107882415884151.2968750000000000000000000000000000000000
-149552033309154.1562500000000000000000000000000000000000
374189842942101.4375000000000000000000000000000000000000
-55167575671616.8281250000000000000000000000000000000000
-26232314277306.1992187500000000000000000000000000000000
-507278622296439.2500000000000000000000000000000000000000
-178247943077164.0312500000000000000000000000000000000000
-364235420700768.2500000000000000000000000000000000000000
98548969304425.1406250000000000000000000000000000000000
-545086762633781.0000000000000000000000000000000000000000
175316902802807.4375000000000000000000000000000000000000
-224674243528872.6562500000000000000000000000000000000000
-424488907698295.2500000000000000000000000000000000000000
83586994624050.6406250000000000000000000000000000000000
689270349050267.5000000000000000000000000000000000000000
-85440560722254.7656250000000000000000000000000000000000
-269794500388547.0000000000000000000000000000000000000000
-50621345982538.6328125000000000000000000000000000000000
607621093112373.1250000000000000000000000000000000000000
-186471558636240.9062500000000000000000000000000000000000
-677142546171252.5000000000000000000000000000000000000000
-381576413950531.0000000000000000000000000000000000000000
269428831039816.5625000000000000000000000000000000000000
386382518586117.7500000000000000000000000000000000000000
263292317519539.4687500000000000000000000000000000000000
269280623653329.7187500000000000000000000000000000000000
90265236175249.0156250000000000000000000000000000000000
424572915962764.3125000000000000000000000000000000000000
-91201757763432.0625000000000000000000000000000000000000
410813889571681.7500000000000000000000000000000000000000
-293453686383430.1875000000000000000000000000000000000000
400938312461859.2500000000000000000000000000000000000000
153982999253822.7812500000000000000000000000000000000000
-459473933945962.0000000000000000000000000000000000000000
168616433834924.7500000000000000000000000000000000000000
-790477603610817.8750000000000000000000000000000000000000
-79715324057813.6250000000000000000000000000000000000000
899770080760956.5000000000000000000000000000000000000000
-426195277267726.9375000000000000000000000000000000000000
265382857355453.9062500000000000000000000000000000000000
175384144625173.6250000000000000000000000000000000000000
-583590864974223.2500000000000000000000000000000000000000
86794019415832.4375000000000000000000000000000000000000
13154305299482.3613281250000000000000000000000000000000
-187012201098034.2500000000000000000000000000000000000000
19715322574122.5546875000000000000000000000000000000000
-102186908841481.8437500000000000000000000000000000000000
28245710111718.8789062500000000000000000000000000000000
-183370817154143.8125000000000000000000000000000000000000
201159555386452.4062500000000000000000000000000000000000
529527158741517.4375000000000000000000000000000000000000
-748097613763008.6250000000000000000000000000000000000000
-309485923887769.6875000000000000000000000000000000000000
-201952002968104.6250000000000000000000000000000000000000
-456753376824097.1875000000000000000000000000000000000000
143145017997483.8750000000000000000000000000000000000000
330689511618948.8750000000000000000000000000000000000000
399525083181355.6250000000000000000000000000000000000000
-525304803490362.0625000000000000000000000000000000000000
516201228641393.8750000000000000000000000000000000000000
-168830903701223.4062500000000000000000000000000000000000
198151621851790.3437500000000000000000000000000000000000
-231604253006130.1875000000000000000000000000000000000000
794043039609551.6250000000000000000000000000000000000000
420251280783461.6250000000000000000000000000000000000000
54826903686803.2500000000000000000000000000000000000000
124532523558729.2343750000000000000000000000000000000000
-49565646576084.2734375000000000000000000000000000000000
-269061055529885.2500000000000000000000000000000000000000
-331318347657158.3125000000000000000000000000000000000000
476918155913334.0625000000000000000000000000000000000000
-355701386163416.5625000000000000000000000000000000000000
294045272331453.0625000000000000000000000000000000000000
179421955626503.0937500000000000000000000000000000000000
-1149932487304696.5000000000000000000000000000000000000000
-142924814817021.7500000000000000000000000000000000000000
-800624846563533.0000000000000000000000000000000000000000
647145974150065.5000000000000000000000000000000000000000
614859945675922.2500000000000000000000000000000000000000
-295706669487056.8750000000000000000000000000000000000000
96110201199394.2968750000000000000000000000000000000000
-474831577302724.5625000000000000000000000000000000000000
135243561571826.6562500000000000000000000000000000000000
586556302639505.7500000000000000000000000000000000000000
552040041425082.5625000000000000000000000000000000000000
-597474056924041.5000000000000000000000000000000000000000
423709984997993.9375000000000000000000000000000000000000
261979401404885.6875000000000000000000000000000000000000
-554945501921045.6250000000000000000000000000000000000000
-492127793906792.3125000000000000000000000000000000000000
117960454531950.2656250000000000000000000000000000000000
264258881590170.6562500000000000000000000000000000000000
-25933680527581.7617187500000000000000000000000000000000
