-0.7734271190896214731580471379857044667006
735.3536652739313694837619550526142120361328
-115735.3328416701988317072391510009765625000000
7157320.6294110044836997985839843750000000000000
-237407678.2738662958145141601562500000000000000000
4888335078.8800230026245117187500000000000000000000
-67801335988.8147735595703125000000000000000000000000
665815995566.0035400390625000000000000000000000000000
-4774525140231.2412109375000000000000000000000000000000
25445550909619.3554687500000000000000000000000000000000
-101400831750659.0937500000000000000000000000000000000000
300069500019007.9375000000000000000000000000000000000000
-641954186288730.5000000000000000000000000000000000000000
925568356059533.0000000000000000000000000000000000000000
-716784007987770.0000000000000000000000000000000000000000
-95248474887865.6562500000000000000000000000000000000000
673187590038339.6250000000000000000000000000000000000000
-67180381648498.4375000000000000000000000000000000000000
-961740490239949.1250000000000000000000000000000000000000
753573907433416.2500000000000000000000000000000000000000
85636604723209.1093750000000000000000000000000000000000
264293003787714.5000000000000000000000000000000000000000
-732628012765243.3750000000000000000000000000000000000000
-151380370137135.5312500000000000000000000000000000000000
383396224499179.5625000000000000000000000000000000000000
446879702543919.7500000000000000000000000000000000000000
41323037700408.9687500000000000000000000000000000000000
-449982435055311.0000000000000000000000000000000000000000
-474585506209952.0625000000000000000000000000000000000000
212090730100328.6875000000000000000000000000000000000000
344675333926372.0000000000000000000000000000000000000000
16709455205423.3144531250000000000000000000000000000000
270748087375850.7500000000000000000000000000000000000000
-154927496111654.0000000000000000000000000000000000000000
68613674148677.2109375000000000000000000000000000000000
-457177621133046.9375000000000000000000000000000000000000
-200836858342877.6562500000000000000000000000000000000000
50531653914952.7890625000000000000000000000000000000000
108195714580359.7343750000000000000000000000000000000000
250065872125459.5937500000000000000000000000000000000000
255094899027793.6562500000000000000000000000000000000000
209057702218776.5000000000000000000000000000000000000000
-27022186050127.0429687500000000000000000000000000000000
-180799712227237.6875000000000000000000000000000000000000
-382556583453866.5625000000000000000000000000000000000000
-106413980252857.2968750000000000000000000000000000000000
-254281544636492.3125000000000000000000000000000000000000
131806244776017.7500000000000000000000000000000000000000
-74830209085665.6718750000000000000000000000000000000000
200332886569863.3125000000000000000000000000000000000000
-30836534632838.4414062500000000000000000000000000000000
505477739264641.6250000000000000000000000000000000000000
348993826691996.1875000000000000000000000000000000000000
219219556611456.5000000000000000000000000000000000000000
-238430266431818.4062500000000000000000000000000000000000
-458814480472054.6875000000000000000000000000000000000000
206696197926262.4375000000000000000000000000000000000000
-545390181984837.5000000000000000000000000000000000000000
-100796311935843.7656250000000000000000000000000000000000
-395321355977427.8750000000000000000000000000000000000000
-126320693618178.1875000000000000000000000000000000000000
210202417177307.3437500000000000000000000000000000000000
83773416942762.8125000000000000000000000000000000000000
488405982857879.5625000000000000000000000000000000000000
18749761773973.9804687500000000000000000000000000000000
357539519009841.6250000000000000000000000000000000000000
39457907133373.4375000000000000000000000000000000000000
255193194422776.2812500000000000000000000000000000000000
313538095279890.1250000000000000000000000000000000000000
-272650617310845.7187500000000000000000000000000000000000
108333246500273.4687500000000000000000000000000000000000
-180080468279624.7500000000000000000000000000000000000000
-472761595033708.9375000000000000000000000000000000000000
-298722499879679.5625000000000000000000000000000000000000
-221853561517252.0312500000000000000000000000000000000000
-205552798673472.2812500000000000000000000000000000000000
-302460015477519.1875000000000000000000000000000000000000
-90080739055177.8125000000000000000000000000000000000000
52917066768875.4687500000000000000000000000000000000000
255057509290237.4375000000000000000000000000000000000000
-144424178439585.3437500000000000000000000000000000000000
332973478454590.3125000000000000000000000000000000000000
299115952616226.0625000000000000000000000000000000000000
361705010046922.8750000000000000000000000000000000000000
561467726502821.8125000000000000000000000000000000000000
200977490040019.9375000000000000000000000000000000000000
384544345780465.7500000000000000000000000000000000000000
553853598089800.4375000000000000000000000000000000000000
-383081128616281.3750000000000000000000000000000000000000
-564296585304287.8750000000000000000000000000000000000000
-280878045278847.3437500000000000000000000000000000000000
-168830867397230.4375000000000000000000000000000000000000
-555200156147532.8125000000000000000000000000000000000000
-454813373991987.3750000000000000000000000000000000000000
-93057780836790.1406250000000000000000000000000000000000
-347617249013915.3750000000000000000000000000000000000000
-292524559020171.4375000000000000000000000000000000000000
139922712817273.0468750000000000000000000000000000000000
-86840782896938.5625000000000000000000000000000000000000
-64245480858314.1015625000000000000000000000000000000000
164408843163580.5937500000000000000000000000000000000000
599778853968364.0000000000000000000000000000000000000000
399684268975252.1250000000000000000000000000000000000000
-3921358377689.3969726562500000000000000000000000000000
261859653567973.5625000000000000000000000000000000000000
90243282400214.9218750000000000000000000000000000000000
497944311198590.8125000000000000000000000000000000000000
55120241023413.4375000000000000000000000000000000000000
-200570791277.2548217773437500000000000000000000000000
11289661873891.9707031250000000000000000000000000000000
169662704978976.9687500000000000000000000000000000000000
-40022116675472.7343750000000000000000000000000000000000
193312759239618.9062500000000000000000000000000000000000
-122545403701426.2656250000000000000000000000000000000000
-15795242992404.0449218750000000000000000000000000000000
179419067796901.9062500000000000000000000000000000000000
-440895097290155.1875000000000000000000000000000000000000
-556089767487495.7500000000000000000000000000000000000000
-35029242457385.9765625000000000000000000000000000000000
-350118926328214.6875000000000000000000000000000000000000
-195550746722910.4375000000000000000000000000000000000000
-594117566282659.3750000000000000000000000000000000000000
-525030951905554.4375000000000000000000000000000000000000
171333315817675.0937500000000000000000000000000000000000
73739012542458.3750000000000000000000000000000000000000
-104056781177426.7656250000000000000000000000000000000000
263213502273964.5312500000000000000000000000000000000000
108747608587788.5468750000000000000000000000000000000000
53512709061930.5000000000000000000000000000000000000000
222325780056023.5625000000000000000000000000000000000000
303892956308585.6875000000000000000000000000000000000000
272051508200920.1250000000000000000000000000000000000000
418927500023899.3750000000000000000000000000000000000000
-190337567656819.5625000000000000000000000000000000000000
244972618141983.0937500000000000000000000000000000000000
42081590622732.7578125000000000000000000000000000000000
289858470168590.1250000000000000000000000000000000000000
366661148950430.9375000000000000000000000000000000000000
-254662434910541.5937500000000000000000000000000000000000
171467966612759.0937500000000000000000000000000000000000
364269741932240.6250000000000000000000000000000000000000
-119648979382325.1875000000000000000000000000000000000000
185482250732685.5312500000000000000000000000000000000000
-24455799451795.3828125000000000000000000000000000000000
67213508895194.6328125000000000000000000000000000000000
-161595823672309.1250000000000000000000000000000000000000
-275803829493161.3750000000000000000000000000000000000000
-143653926115677.2187500000000000000000000000000000000000
-484927176599488.6875000000000000000000000000000000000000
-353073820418686.0625000000000000000000000000000000000000
-580076472271698.7500000000000000000000000000000000000000
-124469784106339.5468750000000000000000000000000000000000
76908545503994.3437500000000000000000000000000000000000
159621612779785.6875000000000000000000000000000000000000
-199991487684368.8125000000000000000000000000000000000000
-449904889885709.2500000000000000000000000000000000000000
-49481491966567.9687500000000000000000000000000000000000
-60620423159775.1718750000000000000000000000000000000000
-157320158798537.2812500000000000000000000000000000000000
497694950829559.5000000000000000000000000000000000000000
208879172015739.2500000000000000000000000000000000000000
-119096778089735.6406250000000000000000000000000000000000
-37420009434604.0703125000000000000000000000000000000000
153119836431707.0312500000000000000000000000000000000000
-154924278687989.9687500000000000000000000000000000000000
553707778116873.4375000000000000000000000000000000000000
-581973349502976.8750000000000000000000000000000000000000
338776799175654.3125000000000000000000000000000000000000
107997321922590.0312500000000000000000000000000000000000
239730649507548.5000000000000000000000000000000000000000
384768190068314.6250000000000000000000000000000000000000
296742460359103.1875000000000000000000000000000000000000
147012137627173.0312500000000000000000000000000000000000
183251925638512.1562500000000000000000000000000000000000
400820811308460.2500000000000000000000000000000000000000
-31103103682496.2929687500000000000000000000000000000000
271331979975153.0312500000000000000000000000000000000000
236848685952592.3437500000000000000000000000000000000000
-328659938955203.1875000000000000000000000000000000000000
-102443867832536.0312500000000000000000000000000000000000
-333857459478642.1875000000000000000000000000000000000000
22367401891093.5507812500000000000000000000000000000000
263500875788928.2187500000000000000000000000000000000000
-193329188064887.7187500000000000000000000000000000000000
-124801335943442.8437500000000000000000000000000000000000
-74988736394515.3750000000000000000000000000000000000000
-259831523958814.2812500000000000000000000000000000000000
-163676903077731.7187500000000000000000000000000000000000
-35051123932996.8242187500000000000000000000000000000000
-160395575489702.4375000000000000000000000000000000000000
-589967863527720.6250000000000000000000000000000000000000
-332654581920949.6875000000000000000000000000000000000000
301870281183301.8125000000000000000000000000000000000000
-281673624860675.0000000000000000000000000000000000000000
93015163717198.3906250000000000000000000000000000000000
-21230233589078.1406250000000000000000000000000000000000
-406229191803035.1875000000000000000000000000000000000000
-17231498856227.2578125000000000000000000000000000000000
221868622834057.2812500000000000000000000000000000000000
40837712606193.6093750000000000000000000000000000000000
-249090976029876.7500000000000000000000000000000000000000
-298238011612827.6875000000000000000000000000000000000000
-99070889493391.6093750000000000000000000000000000000000
87259215196835.2031250000000000000000000000000000000000
413502388416317.3125000000000000000000000000000000000000
-282392845027470.4375000000000000000000000000000000000000
249193412280443.0000000000000000000000000000000000000000
239134951759919.6875000000000000000000000000000000000000
-21499664470614.0703125000000000000000000000000000000000
-41398474178883.9296875000000000000000000000000000000000
178122686155526.9062500000000000000000000000000000000000
416150433560172.1250000000000000000000000000000000000000
480971792323389.1875000000000000000000000000000000000000
-107803764479536.8593750000000000000000000000000000000000
48393457899514.9609375000000000000000000000000000000000
473506259943143.8750000000000000000000000000000000000000
545865673825836.3125000000000000000000000000000000000000
-202360704977835.2500000000000000000000000000000000000000
16676693304402.5000000000000000000000000000000000000000
-20920722995941.7734375000000000000000000000000000000000
-15643488822598.9687500000000000000000000000000000000000
-22468722476440.5039062500000000000000000000000000000000
-88953120194005.5468750000000000000000000000000000000000
340103957021254.3750000000000000000000000000000000000000
39900227620556.1093750000000000000000000000000000000000
148878940907989.2500000000000000000000000000000000000000
-368027149713060.7500000000000000000000000000000000000000
-354280019568477.3750000000000000000000000000000000000000
247124688196226.8750000000000000000000000000000000000000
160949134760666.4062500000000000000000000000000000000000
129041673720193.7812500000000000000000000000000000000000
186534492394371.7500000000000000000000000000000000000000
-775038721369654.6250000000000000000000000000000000000000
185859709300750.3125000000000000000000000000000000000000
-160160530537193.5312500000000000000000000000000000000000
-140242115010074.0468750000000000000000000000000000000000
-503191867845993.6875000000000000000000000000000000000000
-191813582674019.7500000000000000000000000000000000000000
-124759182762741.5312500000000000000000000000000000000000
-392367560409475.4375000000000000000000000000000000000000
-313576484827066.8125000000000000000000000000000000000000
129225047090861.3437500000000000000000000000000000000000
-247629245140026.4375000000000000000000000000000000000000
-76180491353334.7656250000000000000000000000000000000000
171836946175587.7500000000000000000000000000000000000000
37031737356359.0078125000000000000000000000000000000000
-13455991981087.1425781250000000000000000000000000000000
-385715297951166.9375000000000000000000000000000000000000
223397105650894.0937500000000000000000000000000000000000
-69270982552814.5390625000000000000000000000000000000000
-130177916068410.7031250000000000000000000000000000000000
207803980891429.3125000000000000000000000000000000000000
225049767906057.5312500000000000000000000000000000000000
310713499238523.2500000000000000000000000000000000000000
-69735544012280.5000000000000000000000000000000000000000
237438879126935.3125000000000000000000000000000000000000
-60927505771353.7187500000000000000000000000000000000000
-141222581537672.2187500000000000000000000000000000000000
-217473919344573.1562500000000000000000000000000000000000
291028838176435.3125000000000000000000000000000000000000
-70535699729965.8437500000000000000000000000000000000000
601589795931642.0000000000000000000000000000000000000000
-81124597824963.7812500000000000000000000000000000000000
-277769810786627.9062500000000000000000000000000000000000
723468114429298.8750000000000000000000000000000000000000
-86156820774042.6250000000000000000000000000000000000000
286000558462512.5625000000000000000000000000000000000000
-36205706057232.7500000000000000000000000000000000000000
158050165290615.4375000000000000000000000000000000000000
377719101286213.1250000000000000000000000000000000000000
-47056991786014.8281250000000000000000000000000000000000
-222033237054730.5312500000000000000000000000000000000000
291840413861076.6250000000000000000000000000000000000000
358275164219536.1250000000000000000000000000000000000000
-257838012092658.0312500000000000000000000000000000000000
312304870422840.8750000000000000000000000000000000000000
49842113485543.3515625000000000000000000000000000000000
-101667823052319.8750000000000000000000000000000000000000
-502996163365779.3750000000000000000000000000000000000000
-256670292458837.3437500000000000000000000000000000000000
-83386427659713.0781250000000000000000000000000000000000
77982183815880.0468750000000000000000000000000000000000
206913009368152.5625000000000000000000000000000000000000
-391371126983176.0625000000000000000000000000000000000000
-378140222922973.5625000000000000000000000000000000000000
-156670383657588.6562500000000000000000000000000000000000
230755431706990.9375000000000000000000000000000000000000
-248972961368612.9062500000000000000000000000000000000000
450846962120904.3125000000000000000000000000000000000000
-90577864752540.1718750000000000000000000000000000000000
-166668124237168.3750000000000000000000000000000000000000
-56417880909065.3359375000000000000000000000000000000000
99526928052077.0937500000000000000000000000000000000000
-178362835099441.7500000000000000000000000000000000000000
187789163263709.0312500000000000000000000000000000000000
-282755404575970.9375000000000000000000000000000000000000
-536784195905354.2500000000000000000000000000000000000000
-238922148474316.8125000000000000000000000000000000000000
370598109596135.6250000000000000000000000000000000000000
106318969179661.2343750000000000000000000000000000000000
-228682123111609.3437500000000000000000000000000000000000
352789816339949.5625000000000000000000000000000000000000
72139800315890.7968750000000000000000000000000000000000
-271032746122674.4062500000000000000000000000000000000000
-347412319565577.8750000000000000000000000000000000000000
-111473674672813.5781250000000000000000000000000000000000
-46811445395049.1015625000000000000000000000000000000000
-165560661785324.8750000000000000000000000000000000000000
129247622841278.0625000000000000000000000000000000000000
-19779930966015.9062500000000000000000000000000000000000
112120191484717.0468750000000000000000000000000000000000
689087048832537.0000000000000000000000000000000000000000
5650432717001.5888671875000000000000000000000000000000
126338479925985.8281250000000000000000000000000000000000
-176862643373081.8125000000000000000000000000000000000000
-125882363804116.2031250000000000000000000000000000000000
-174501832610457.1562500000000000000000000000000000000000
-19944762059018.8437500000000000000000000000000000000000
-137189573238789.0781250000000000000000000000000000000000
406146909018356.9375000000000000000000000000000000000000
264062990775566.8125000000000000000000000000000000000000
106186175478552.5625000000000000000000000000000000000000
197876251992237.6250000000000000000000000000000000000000
367290839385831.9375000000000000000000000000000000000000
-128866982942592.5312500000000000000000000000000000000000
-141721376300588.5000000000000000000000000000000000000000
-215176259229687.0937500000000000000000000000000000000000
511789550394590.3750000000000000000000000000000000000000
346796152366289.8750000000000000000000000000000000000000
-10166256348511.5976562500000000000000000000000000000000
335769341647390.5000000000000000000000000000000000000000
-861537591530709.2500000000000000000000000000000000000000
-103659690574471.3593750000000000000000000000000000000000
-127803028224196.6093750000000000000000000000000000000000
-78416508913808.1875000000000000000000000000000000000000
-107724837463763.9687500000000000000000000000000000000000
27046301481212.5156250000000000000000000000000000000000
433256360636770.0625000000000000000000000000000000000000
23948310303191.4375000000000000000000000000000000000000
-304925531198596.1875000000000000000000000000000000000000
489527869197974.9375000000000000000000000000000000000000
136521147045900.6562500000000000000000000000000000000000
-101027832837937.0937500000000000000000000000000000000000
-239679999520871.5937500000000000000000000000000000000000
435281773407036.1875000000000000000000000000000000000000
101813363609447.3750000000000000000000000000000000000000
-45052986785219.3671875000000000000000000000000000000000
-17912265819101.6054687500000000000000000000000000000000
3654475934024.5214843750000000000000000000000000000000
-569902980432906.1250000000000000000000000000000000000000
-428968903489572.3750000000000000000000000000000000000000
-66086249418267.7968750000000000000000000000000000000000
-574186533947255.6250000000000000000000000000000000000000
141611427889716.0625000000000000000000000000000000000000
131326031109844.9375000000000000000000000000000000000000
566404638164820.5000000000000000000000000000000000000000
55173572093118.9453125000000000000000000000000000000000
-136206408694109.0937500000000000000000000000000000000000
-38039493050520.7187500000000000000000000000000000000000
-143486795649214.3750000000000000000000000000000000000000
-436282779443198.9375000000000000000000000000000000000000
246078303015138.0937500000000000000000000000000000000000
36648873529180.3828125000000000000000000000000000000000
355764813169691.3125000000000000000000000000000000000000
-163199164154758.3750000000000000000000000000000000000000
-343579475732547.0000000000000000000000000000000000000000
36910480013762.3750000000000000000000000000000000000000
-5399773933420.2275390625000000000000000000000000000000
13122995916185.0820312500000000000000000000000000000000
-428836446959089.9375000000000000000000000000000000000000
159536350900843.7812500000000000000000000000000000000000
288453286164826.5000000000000000000000000000000000000000
50196030476275.0625000000000000000000000000000000000000
-129753170955939.8437500000000000000000000000000000000000
-201306214816845.8750000000000000000000000000000000000000
-60798279415724.3750000000000000000000000000000000000000
297885461253509.5625000000000000000000000000000000000000
562808987138938.3750000000000000000000000000000000000000
-471965985722817.5000000000000000000000000000000000000000
-148665833754520.8750000000000000000000000000000000000000
-277757829998636.6875000000000000000000000000000000000000
36576384104180.0000000000000000000000000000000000000000
384425602201271.8125000000000000000000000000000000000000
213974583470144.3125000000000000000000000000000000000000
-266516747928426.7187500000000000000000000000000000000000
-180905116041880.5312500000000000000000000000000000000000
216952352075514.3437500000000000000000000000000000000000
315918985417125.6250000000000000000000000000000000000000
111722400741557.5937500000000000000000000000000000000000
-382671432804578.1250000000000000000000000000000000000000
-41902732827508.0078125000000000000000000000000000000000
370369729351130.4375000000000000000000000000000000000000
409981447659225.4375000000000000000000000000000000000000
-260615197308816.9687500000000000000000000000000000000000
-124308490181492.5156250000000000000000000000000000000000
-205571823188997.8437500000000000000000000000000000000000
415384346632621.7500000000000000000000000000000000000000
158184177211889.2500000000000000000000000000000000000000
-54363382160544.0390625000000000000000000000000000000000
283435244062888.0625000000000000000000000000000000000000
-127358907643378.2031250000000000000000000000000000000000
225540403578167.7187500000000000000000000000000000000000
-35043406005348.7656250000000000000000000000000000000000
407324657598874.5625000000000000000000000000000000000000
311592715896763.3125000000000000000000000000000000000000
-68852251727058.2109375000000000000000000000000000000000
-126465050112791.1250000000000000000000000000000000000000
-335493280354526.8750000000000000000000000000000000000000
73439277713063.5000000000000000000000000000000000000000
-446751933641229.8125000000000000000000000000000000000000
191904605765969.2812500000000000000000000000000000000000
-778277775578.8272705078125000000000000000000000000000
84494750399092.9218750000000000000000000000000000000000
-200161741483766.0000000000000000000000000000000000000000
-414523329869788.1875000000000000000000000000000000000000
-571240407762693.6250000000000000000000000000000000000000
200307984533338.7812500000000000000000000000000000000000
154667224203810.6562500000000000000000000000000000000000
-648058019035712.0000000000000000000000000000000000000000
688860770110946.2500000000000000000000000000000000000000
-312232008482737.2500000000000000000000000000000000000000
89258529542050.8593750000000000000000000000000000000000
224854463257321.9687500000000000000000000000000000000000
-404178271367264.0000000000000000000000000000000000000000
-137242711077293.2031250000000000000000000000000000000000
-72993740750652.7343750000000000000000000000000000000000
-132300628383488.8437500000000000000000000000000000000000
-352450552485787.5000000000000000000000000000000000000000
96960448305857.0000000000000000000000000000000000000000
56432865597291.3593750000000000000000000000000000000000
48623800910727.5312500000000000000000000000000000000000
-546116947379540.4375000000000000000000000000000000000000
825168281486906.0000000000000000000000000000000000000000
624046912189330.0000000000000000000000000000000000000000
-144395912986092.8437500000000000000000000000000000000000
345163469735058.4375000000000000000000000000000000000000
-281152317668108.0625000000000000000000000000000000000000
-213377228844308.6875000000000000000000000000000000000000
-571649742660708.8750000000000000000000000000000000000000
-198506653175240.4062500000000000000000000000000000000000
224042082490328.0000000000000000000000000000000000000000
111574264900877.9375000000000000000000000000000000000000
47845413233481.7109375000000000000000000000000000000000
288262417889419.5000000000000000000000000000000000000000
138987638652748.4843750000000000000000000000000000000000
191316011099246.4375000000000000000000000000000000000000
340043157045772.0625000000000000000000000000000000000000
290677743287162.6250000000000000000000000000000000000000
129981718792497.5937500000000000000000000000000000000000
422690661207006.6875000000000000000000000000000000000000
37251068035675.2109375000000000000000000000000000000000
-519318903883803.3125000000000000000000000000000000000000
-401168567425755.2500000000000000000000000000000000000000
-445372424334782.8125000000000000000000000000000000000000
229921038831303.2812500000000000000000000000000000000000
431205180974730.1250000000000000000000000000000000000000
636085269702109.8750000000000000000000000000000000000000
46746070354467.9218750000000000000000000000000000000000
-263412566332586.7500000000000000000000000000000000000000
6876995074117.1416015625000000000000000000000000000000
236430617571147.7500000000000000000000000000000000000000
-597556652149850.1250000000000000000000000000000000000000
-248005440149741.4062500000000000000000000000000000000000
-215571828827835.7187500000000000000000000000000000000000
331526048102695.9375000000000000000000000000000000000000
249065361962619.0312500000000000000000000000000000000000
-321129672273934.1875000000000000000000000000000000000000
-161626588523110.3125000000000000000000000000000000000000
-477456700571277.1875000000000000000000000000000000000000
-156594560478949.4687500000000000000000000000000000000000
-39651470055608.3437500000000000000000000000000000000000
50346299045719.9531250000000000000000000000000000000000
62382030404711.3203125000000000000000000000000000000000
-210730473121975.2187500000000000000000000000000000000000
187108590476134.5937500000000000000000000000000000000000
-140380429292425.6875000000000000000000000000000000000000
-423290804721333.3750000000000000000000000000000000000000
-233723463873155.8750000000000000000000000000000000000000
-68313104148866.1328125000000000000000000000000000000000
505535020998005.4375000000000000000000000000000000000000
28387029593312.9687500000000000000000000000000000000000
303248270040572.5625000000000000000000000000000000000000
6307449520541.6582031250000000000000000000000000000000
66811970401272.1171875000000000000000000000000000000000
552416391798268.7500000000000000000000000000000000000000
81790679778919.4218750000000000000000000000000000000000
462299521072930.1250000000000000000000000000000000000000
182491156082359.5312500000000000000000000000000000000000
-117033875934944.2031250000000000000000000000000000000000
93855421091617.7968750000000000000000000000000000000000
13914122314792.3925781250000000000000000000000000000000
-139703272957836.6093750000000000000000000000000000000000
-530999952173324.0000000000000000000000000000000000000000
75653428933773.1562500000000000000000000000000000000000
-272012294354259.6562500000000000000000000000000000000000
-54909247215539.1250000000000000000000000000000000000000
-354437123144881.3750000000000000000000000000000000000000
-187302677738804.4375000000000000000000000000000000000000
212880124058484.6875000000000000000000000000000000000000
123371426053979.4375000000000000000000000000000000000000
230771299868757.6875000000000000000000000000000000000000
