-3.3051885634700561844567801017547026276588
1493.5585226087885075685335323214530944824219
-177915.5851689413539133965969085693359375000000
9354409.0962905548512935638427734375000000000000
-275444570.8025071620941162109375000000000000000000
5146168777.4962635040283203125000000000000000000000
-65610015319.6809310913085937500000000000000000000000
596814790636.1502685546875000000000000000000000000000
-3977552209028.1474609375000000000000000000000000000000
19668365280862.7460937500000000000000000000000000000000
-72066418709288.3750000000000000000000000000000000000000
191715912465462.1250000000000000000000000000000000000000
-349174164070158.0000000000000000000000000000000000000000
360963005463328.1250000000000000000000000000000000000000
678581530357.2869873046875000000000000000000000000000
-551956081499622.1875000000000000000000000000000000000000
576415380376458.7500000000000000000000000000000000000000
132731549537254.4375000000000000000000000000000000000000
-533845114813291.6250000000000000000000000000000000000000
59535375732717.3125000000000000000000000000000000000000
136717852846275.6718750000000000000000000000000000000000
224815590349985.5625000000000000000000000000000000000000
137346055777602.7812500000000000000000000000000000000000
-599531669029684.6250000000000000000000000000000000000000
83451671236665.7656250000000000000000000000000000000000
50140039187408.5703125000000000000000000000000000000000
307818884520511.5625000000000000000000000000000000000000
-271556996711687.4375000000000000000000000000000000000000
313526513830740.3750000000000000000000000000000000000000
297408527827300.1875000000000000000000000000000000000000
-630004814371967.8750000000000000000000000000000000000000
-84442280250692.2343750000000000000000000000000000000000
-532839934051983.1250000000000000000000000000000000000000
151642291807689.5312500000000000000000000000000000000000
1080054067154448.8750000000000000000000000000000000000000
108677962709631.8437500000000000000000000000000000000000
111155467857582.0000000000000000000000000000000000000000
-394758651984471.5625000000000000000000000000000000000000
-345190120874751.9375000000000000000000000000000000000000
-351272461887401.0625000000000000000000000000000000000000
-647822780574458.7500000000000000000000000000000000000000
179629357371211.0937500000000000000000000000000000000000
610631012206367.6250000000000000000000000000000000000000
554908638945080.5000000000000000000000000000000000000000
56001372421578.7656250000000000000000000000000000000000
378528196611392.7500000000000000000000000000000000000000
159482651339997.1875000000000000000000000000000000000000
-320191719234032.9375000000000000000000000000000000000000
-131925966580553.0000000000000000000000000000000000000000
-677392064467159.7500000000000000000000000000000000000000
-464655094095132.9375000000000000000000000000000000000000
19161832994649.6640625000000000000000000000000000000000
-752126575105307.1250000000000000000000000000000000000000
-77579007873040.4375000000000000000000000000000000000000
554030399125596.4375000000000000000000000000000000000000
1033525939522538.6250000000000000000000000000000000000000
1275815573925227.7500000000000000000000000000000000000000
590889919850417.8750000000000000000000000000000000000000
-536728583313480.3750000000000000000000000000000000000000
-537937806585824.9375000000000000000000000000000000000000
95533174620036.5468750000000000000000000000000000000000
-1127142063903996.5000000000000000000000000000000000000000
-543520880550187.7500000000000000000000000000000000000000
49663329003517.5312500000000000000000000000000000000000
-343565839541112.1875000000000000000000000000000000000000
-42767665209781.3984375000000000000000000000000000000000
-346736409002671.5000000000000000000000000000000000000000
402134785141973.5000000000000000000000000000000000000000
113304176129801.0937500000000000000000000000000000000000
502165461023485.6250000000000000000000000000000000000000
670372806917716.7500000000000000000000000000000000000000
215673862083648.3125000000000000000000000000000000000000
754092482683089.2500000000000000000000000000000000000000
-84701570219275.6250000000000000000000000000000000000000
-390031105064880.9375000000000000000000000000000000000000
471517972519091.0625000000000000000000000000000000000000
-675856633179674.8750000000000000000000000000000000000000
-171715276384234.7187500000000000000000000000000000000000
-286397142302763.8125000000000000000000000000000000000000
465475279634418.9375000000000000000000000000000000000000
389617613371144.1875000000000000000000000000000000000000
-1352230420340558.7500000000000000000000000000000000000000
-489622280009813.5625000000000000000000000000000000000000
-962375256319239.3750000000000000000000000000000000000000
259231458802973.7187500000000000000000000000000000000000
-592314740800843.5000000000000000000000000000000000000000
135244032566866.3906250000000000000000000000000000000000
883988349598891.8750000000000000000000000000000000000000
15413339663640.6699218750000000000000000000000000000000
912298064072110.1250000000000000000000000000000000000000
419355693114351.5000000000000000000000000000000000000000
944983646282678.7500000000000000000000000000000000000000
262520039661630.0937500000000000000000000000000000000000
655807413828129.3750000000000000000000000000000000000000
-331100574538785.1875000000000000000000000000000000000000
-284517121860434.1875000000000000000000000000000000000000
42772173791209.7421875000000000000000000000000000000000
-496082989555799.5625000000000000000000000000000000000000
-400626196422771.0625000000000000000000000000000000000000
-486777720507233.0000000000000000000000000000000000000000
348794274568063.7500000000000000000000000000000000000000
-550687906971372.8125000000000000000000000000000000000000
-549070353266654.6250000000000000000000000000000000000000
-393411047286275.7500000000000000000000000000000000000000
771849578212943.5000000000000000000000000000000000000000
-630885898955864.6250000000000000000000000000000000000000
-483728816528213.0625000000000000000000000000000000000000
-131169836060654.1562500000000000000000000000000000000000
-61261407160112.9140625000000000000000000000000000000000
120541555990322.6093750000000000000000000000000000000000
496416386026431.8125000000000000000000000000000000000000
120418449280547.4062500000000000000000000000000000000000
94213049398286.3281250000000000000000000000000000000000
112044976593912.4062500000000000000000000000000000000000
-59121001550990.6484375000000000000000000000000000000000
297062988235877.0625000000000000000000000000000000000000
345570422834794.7500000000000000000000000000000000000000
740227978288634.0000000000000000000000000000000000000000
425935852239418.1875000000000000000000000000000000000000
171404769112068.5312500000000000000000000000000000000000
77825760675531.6562500000000000000000000000000000000000
247469747137259.7812500000000000000000000000000000000000
143650016526475.8125000000000000000000000000000000000000
-7704915345052.1279296875000000000000000000000000000000
-467963982510720.8750000000000000000000000000000000000000
-171712520328883.3750000000000000000000000000000000000000
-249517003882492.8750000000000000000000000000000000000000
-74300873476071.8906250000000000000000000000000000000000
-109174302423520.6250000000000000000000000000000000000000
-242233655623249.6250000000000000000000000000000000000000
-233654400667649.5000000000000000000000000000000000000000
-837147465425119.8750000000000000000000000000000000000000
-601351737145655.8750000000000000000000000000000000000000
20700256564445.2656250000000000000000000000000000000000
103715658974762.0156250000000000000000000000000000000000
-470514014651325.1875000000000000000000000000000000000000
86119473793442.3906250000000000000000000000000000000000
151290703308433.3125000000000000000000000000000000000000
-314213366225555.4375000000000000000000000000000000000000
-402955312749200.5000000000000000000000000000000000000000
340116139031987.0625000000000000000000000000000000000000
388048668180187.1250000000000000000000000000000000000000
482838062569654.3750000000000000000000000000000000000000
284920782055703.3750000000000000000000000000000000000000
232807775252620.0000000000000000000000000000000000000000
347989143897857.0625000000000000000000000000000000000000
88313909711871.0625000000000000000000000000000000000000
49488544887351.7734375000000000000000000000000000000000
72337723920304.6406250000000000000000000000000000000000
-180155407519025.4375000000000000000000000000000000000000
503884825625754.6250000000000000000000000000000000000000
311762125148886.3125000000000000000000000000000000000000
240545055271298.2187500000000000000000000000000000000000
-144420546508057.5625000000000000000000000000000000000000
351423722297288.8750000000000000000000000000000000000000
353248596698738.6875000000000000000000000000000000000000
-200100548403430.8750000000000000000000000000000000000000
22157496244370.3046875000000000000000000000000000000000
161156745828617.1562500000000000000000000000000000000000
-471262547360672.2500000000000000000000000000000000000000
-341529265787749.7500000000000000000000000000000000000000
133294272643699.4687500000000000000000000000000000000000
-31533667164194.0000000000000000000000000000000000000000
-367480848800289.9375000000000000000000000000000000000000
70615882007292.0625000000000000000000000000000000000000
-135864634143566.7187500000000000000000000000000000000000
-94876527538428.6718750000000000000000000000000000000000
-757665925621173.8750000000000000000000000000000000000000
-465687592984339.1250000000000000000000000000000000000000
360952260810344.6875000000000000000000000000000000000000
-896038791953796.1250000000000000000000000000000000000000
230278720567324.2812500000000000000000000000000000000000
50845401696041.9140625000000000000000000000000000000000
-489036739838802.1250000000000000000000000000000000000000
-68834504191088.9609375000000000000000000000000000000000
39598182679605.0859375000000000000000000000000000000000
-90035007615327.6718750000000000000000000000000000000000
-453836861034345.0625000000000000000000000000000000000000
279536482632174.3750000000000000000000000000000000000000
141664679250699.0000000000000000000000000000000000000000
445740720944618.6250000000000000000000000000000000000000
230544276890890.1250000000000000000000000000000000000000
53185964150742.2812500000000000000000000000000000000000
615906087473984.0000000000000000000000000000000000000000
115724972433633.3593750000000000000000000000000000000000
7225262963334.1953125000000000000000000000000000000000
334121888653995.1250000000000000000000000000000000000000
392769352287421.1875000000000000000000000000000000000000
-305567701432377.2500000000000000000000000000000000000000
-61919831288031.7031250000000000000000000000000000000000
510031316889949.3750000000000000000000000000000000000000
-16590649452101.8535156250000000000000000000000000000000
-22663504655602.6757812500000000000000000000000000000000
228717543590354.0937500000000000000000000000000000000000
512944857634669.2500000000000000000000000000000000000000
-93646647978642.1250000000000000000000000000000000000000
104520741781515.2031250000000000000000000000000000000000
105763266116402.9375000000000000000000000000000000000000
39217447319193.3828125000000000000000000000000000000000
-560621148619271.3125000000000000000000000000000000000000
108598077863160.7968750000000000000000000000000000000000
-51684972403213.6562500000000000000000000000000000000000
-54009088029075.5078125000000000000000000000000000000000
-66756843767172.8281250000000000000000000000000000000000
61754864245032.3203125000000000000000000000000000000000
258389751181036.5625000000000000000000000000000000000000
-171150678937847.3750000000000000000000000000000000000000
-492597452987887.7500000000000000000000000000000000000000
-416353279071672.1250000000000000000000000000000000000000
230158855148878.4375000000000000000000000000000000000000
255386816962972.6250000000000000000000000000000000000000
-340559770454848.7500000000000000000000000000000000000000
-379746281494092.8125000000000000000000000000000000000000
79980429397450.4531250000000000000000000000000000000000
-324332156047455.5625000000000000000000000000000000000000
-120100473650372.7031250000000000000000000000000000000000
-276289718269039.3125000000000000000000000000000000000000
51811860535077.2187500000000000000000000000000000000000
-10893562658102.7968750000000000000000000000000000000000
147539616140818.7500000000000000000000000000000000000000
-261074158719596.8125000000000000000000000000000000000000
-86465114922904.5000000000000000000000000000000000000000
-252314041996537.5000000000000000000000000000000000000000
342530603189209.3125000000000000000000000000000000000000
-265916775073708.6250000000000000000000000000000000000000
-176671037909722.0000000000000000000000000000000000000000
-330440424684980.7500000000000000000000000000000000000000
-213278467816614.5937500000000000000000000000000000000000
156235604153843.0937500000000000000000000000000000000000
-284994634496767.1875000000000000000000000000000000000000
23855294843932.6679687500000000000000000000000000000000
234240483818382.6562500000000000000000000000000000000000
712282805934112.6250000000000000000000000000000000000000
155073906873154.1875000000000000000000000000000000000000
-81648749504833.4687500000000000000000000000000000000000
-390002657019628.0000000000000000000000000000000000000000
807192823324622.2500000000000000000000000000000000000000
486814054430164.3750000000000000000000000000000000000000
-255428514809550.0312500000000000000000000000000000000000
-199435368214728.5625000000000000000000000000000000000000
751338989474325.8750000000000000000000000000000000000000
422260314982601.1875000000000000000000000000000000000000
-135733112869704.7656250000000000000000000000000000000000
-87365254244544.7500000000000000000000000000000000000000
-283255252523814.5625000000000000000000000000000000000000
664543734692903.8750000000000000000000000000000000000000
642675816794800.0000000000000000000000000000000000000000
595294643072471.2500000000000000000000000000000000000000
-281698737667966.0000000000000000000000000000000000000000
106052402191493.5312500000000000000000000000000000000000
60819585721380.3203125000000000000000000000000000000000
-217110531633666.1875000000000000000000000000000000000000
-242167944781146.4375000000000000000000000000000000000000
-210515361588682.0937500000000000000000000000000000000000
-448417567710960.9375000000000000000000000000000000000000
-260952713766911.9062500000000000000000000000000000000000
262997720880572.8750000000000000000000000000000000000000
269461510252140.0937500000000000000000000000000000000000
41739789601126.1640625000000000000000000000000000000000
90491040076026.5000000000000000000000000000000000000000
35567702778143.5078125000000000000000000000000000000000
-440580374461503.5000000000000000000000000000000000000000
-54132347560904.1406250000000000000000000000000000000000
-452437796073265.3125000000000000000000000000000000000000
-588046179328778.6250000000000000000000000000000000000000
-229890757721768.8750000000000000000000000000000000000000
329341930882581.5625000000000000000000000000000000000000
173283225888228.5625000000000000000000000000000000000000
-47146069220266.2656250000000000000000000000000000000000
-728817418606238.6250000000000000000000000000000000000000
45231207091786.0703125000000000000000000000000000000000
156256302214680.7500000000000000000000000000000000000000
2818280520548.2397460937500000000000000000000000000000
-365051531795532.8125000000000000000000000000000000000000
434757925519930.2500000000000000000000000000000000000000
49734251413419.3437500000000000000000000000000000000000
-309375575182358.7500000000000000000000000000000000000000
-357336410815587.3750000000000000000000000000000000000000
81310826493435.8437500000000000000000000000000000000000
442221829364424.9375000000000000000000000000000000000000
-119699706557988.3437500000000000000000000000000000000000
-490988908650849.4375000000000000000000000000000000000000
52320849995045.6796875000000000000000000000000000000000
-130189608014218.8281250000000000000000000000000000000000
505213058310837.8125000000000000000000000000000000000000
-231457916137887.6250000000000000000000000000000000000000
-141097970748201.6562500000000000000000000000000000000000
-513788536309146.2500000000000000000000000000000000000000
-2036597292327.7441406250000000000000000000000000000000
-16010182031382.1152343750000000000000000000000000000000
1030963730126788.7500000000000000000000000000000000000000
271639390829089.3125000000000000000000000000000000000000
-44058288206999.2734375000000000000000000000000000000000
395571060320011.0625000000000000000000000000000000000000
249997742047055.4375000000000000000000000000000000000000
-795481865720650.8750000000000000000000000000000000000000
-204896630022061.1875000000000000000000000000000000000000
463157159282483.6250000000000000000000000000000000000000
-255917479937221.0312500000000000000000000000000000000000
-98169118771642.4531250000000000000000000000000000000000
-10532726011407.4609375000000000000000000000000000000000
-281176344934504.4687500000000000000000000000000000000000
-613723819209919.1250000000000000000000000000000000000000
718170800167048.8750000000000000000000000000000000000000
480928818921401.6875000000000000000000000000000000000000
869369141406244.1250000000000000000000000000000000000000
-106305416340155.6406250000000000000000000000000000000000
305949985389605.0625000000000000000000000000000000000000
-346438983077525.8750000000000000000000000000000000000000
221982568886976.1250000000000000000000000000000000000000
-32997634118243.2031250000000000000000000000000000000000
-645676867120663.5000000000000000000000000000000000000000
378127456856424.9375000000000000000000000000000000000000
-69956103970790.4687500000000000000000000000000000000000
212361965594808.8125000000000000000000000000000000000000
274575140720372.0937500000000000000000000000000000000000
203271177856292.3750000000000000000000000000000000000000
351641527372050.8750000000000000000000000000000000000000
-280628441208533.0000000000000000000000000000000000000000
482305586120665.9375000000000000000000000000000000000000
-423564521909813.3750000000000000000000000000000000000000
288198448695444.9375000000000000000000000000000000000000
53660956104189.0156250000000000000000000000000000000000
-527452364632295.7500000000000000000000000000000000000000
226984278290911.5312500000000000000000000000000000000000
-522450499632881.6250000000000000000000000000000000000000
-161118732369415.6875000000000000000000000000000000000000
12734221534398.0351562500000000000000000000000000000000
-833944835431.8295898437500000000000000000000000000000
532447085961438.0000000000000000000000000000000000000000
430814948171017.0000000000000000000000000000000000000000
555377345670738.2500000000000000000000000000000000000000
-672547216847164.6250000000000000000000000000000000000000
44735992178408.7265625000000000000000000000000000000000
-229159953114713.2500000000000000000000000000000000000000
-220664912702277.4062500000000000000000000000000000000000
-112422441831039.2812500000000000000000000000000000000000
-216304205022099.2187500000000000000000000000000000000000
94312262077527.7812500000000000000000000000000000000000
-544491731967572.8125000000000000000000000000000000000000
319655115162284.4375000000000000000000000000000000000000
-303596411405580.8750000000000000000000000000000000000000
-267157002242793.6562500000000000000000000000000000000000
141885505806135.8750000000000000000000000000000000000000
-1007868674569667.8750000000000000000000000000000000000000
-370989047793999.6875000000000000000000000000000000000000
111711755288919.0000000000000000000000000000000000000000
176699208138412.2812500000000000000000000000000000000000
367667987316184.0000000000000000000000000000000000000000
436081796380314.1875000000000000000000000000000000000000
161500671083984.3750000000000000000000000000000000000000
-22293935501944.8437500000000000000000000000000000000000
-549192251868956.4375000000000000000000000000000000000000
-327637429936185.0000000000000000000000000000000000000000
-272076309049821.3437500000000000000000000000000000000000
-191942125022704.8437500000000000000000000000000000000000
459829201459.1525878906250000000000000000000000000000
-180926773624654.9062500000000000000000000000000000000000
379642366361036.2500000000000000000000000000000000000000
313509020049381.1875000000000000000000000000000000000000
85571834684127.2968750000000000000000000000000000000000
388885926931077.8750000000000000000000000000000000000000
-751338257773232.0000000000000000000000000000000000000000
63783421994216.6875000000000000000000000000000000000000
-195154159935927.6875000000000000000000000000000000000000
621216925437198.8750000000000000000000000000000000000000
308042847526722.5625000000000000000000000000000000000000
-310844736954733.2500000000000000000000000000000000000000
230826572488089.2500000000000000000000000000000000000000
-17298998229747.9355468750000000000000000000000000000000
-6555424509648.8955078125000000000000000000000000000000
-619577542797350.1250000000000000000000000000000000000000
31755111039543.7812500000000000000000000000000000000000
-306875310056981.1250000000000000000000000000000000000000
242391964879862.9062500000000000000000000000000000000000
529564333813539.5000000000000000000000000000000000000000
301546770000741.3125000000000000000000000000000000000000
-420928449394366.8125000000000000000000000000000000000000
-105237190481342.8750000000000000000000000000000000000000
521883601443290.9375000000000000000000000000000000000000
-214087418711913.2500000000000000000000000000000000000000
288897964049118.5625000000000000000000000000000000000000
-124853025627228.0625000000000000000000000000000000000000
471467652849735.3750000000000000000000000000000000000000
542822260677589.5625000000000000000000000000000000000000
-53321445698606.1953125000000000000000000000000000000000
-51579520306858.9062500000000000000000000000000000000000
-127761165618174.7187500000000000000000000000000000000000
-139790321098329.3750000000000000000000000000000000000000
-216959866301383.0625000000000000000000000000000000000000
10208155492865.4960937500000000000000000000000000000000
41835222685499.7890625000000000000000000000000000000000
34833170349759.4609375000000000000000000000000000000000
-85223614616906.2187500000000000000000000000000000000000
570249578456256.2500000000000000000000000000000000000000
563362080892680.3750000000000000000000000000000000000000
45509489107741.2968750000000000000000000000000000000000
-116810127960462.9062500000000000000000000000000000000000
-40324077544459.9218750000000000000000000000000000000000
505869324601234.2500000000000000000000000000000000000000
246359455199078.9375000000000000000000000000000000000000
-56281245384750.9062500000000000000000000000000000000000
-464915725117310.2500000000000000000000000000000000000000
-32386151310790.7890625000000000000000000000000000000000
-288322052120759.3125000000000000000000000000000000000000
217224525686887.1875000000000000000000000000000000000000
281871418543336.3125000000000000000000000000000000000000
174564583621246.7812500000000000000000000000000000000000
-572544136166708.1250000000000000000000000000000000000000
-53447376911208.1250000000000000000000000000000000000000
579534368256814.2500000000000000000000000000000000000000
141635500589553.6562500000000000000000000000000000000000
18761425728818.4023437500000000000000000000000000000000
-451248907949489.1875000000000000000000000000000000000000
333384018527324.0000000000000000000000000000000000000000
93622026380472.8437500000000000000000000000000000000000
-373415308715016.1875000000000000000000000000000000000000
-316156674662095.5000000000000000000000000000000000000000
-132254751468682.1562500000000000000000000000000000000000
-360689448241251.9375000000000000000000000000000000000000
123304885127322.3281250000000000000000000000000000000000
-584234273407135.2500000000000000000000000000000000000000
-137461917942430.4218750000000000000000000000000000000000
-172969135239702.9062500000000000000000000000000000000000
-375561230090512.1875000000000000000000000000000000000000
21621519607760.9257812500000000000000000000000000000000
-156472587228073.1875000000000000000000000000000000000000
397266072186901.8125000000000000000000000000000000000000
34755386527503.9023437500000000000000000000000000000000
-714228404210610.8750000000000000000000000000000000000000
259553571841812.5312500000000000000000000000000000000000
-273723007416250.2812500000000000000000000000000000000000
-427945697843647.1875000000000000000000000000000000000000
-135714245193125.0000000000000000000000000000000000000000
201516267653204.2812500000000000000000000000000000000000
-146114906140999.6250000000000000000000000000000000000000
906124582300721.1250000000000000000000000000000000000000
-211548781452513.4062500000000000000000000000000000000000
139864916429563.2343750000000000000000000000000000000000
74602752674545.4843750000000000000000000000000000000000
406856299559920.6875000000000000000000000000000000000000
-41188691031355.5390625000000000000000000000000000000000
82261042707418.6093750000000000000000000000000000000000
-93504462632020.9375000000000000000000000000000000000000
270504970361907.7187500000000000000000000000000000000000
-686623695152067.6250000000000000000000000000000000000000
-188753336325190.6562500000000000000000000000000000000000
378875336069231.6250000000000000000000000000000000000000
-111043591161076.3125000000000000000000000000000000000000
-173585986354937.0625000000000000000000000000000000000000
213491871051696.2812500000000000000000000000000000000000
366552510814817.4375000000000000000000000000000000000000
468316703519566.5625000000000000000000000000000000000000
-395012490912162.1875000000000000000000000000000000000000
-362941431763155.7500000000000000000000000000000000000000
-293287539545577.1250000000000000000000000000000000000000
-133195557731437.0312500000000000000000000000000000000000
12445282856546.9121093750000000000000000000000000000000
-605347974450583.7500000000000000000000000000000000000000
799850990494054.2500000000000000000000000000000000000000
-121450519881972.3125000000000000000000000000000000000000
-16325318075026.0917968750000000000000000000000000000000
92117559057681.3437500000000000000000000000000000000000
-8954366705090.4726562500000000000000000000000000000000
-143336438619025.0000000000000000000000000000000000000000
57221237375029.2656250000000000000000000000000000000000
308256155933594.2500000000000000000000000000000000000000
-252772405362442.0312500000000000000000000000000000000000
163325292163845.1562500000000000000000000000000000000000
-76252047041219.1718750000000000000000000000000000000000
500897009295164.1875000000000000000000000000000000000000
15874944142933.4277343750000000000000000000000000000000
-107790201998883.0156250000000000000000000000000000000000
143152271902944.6562500000000000000000000000000000000000
-58863467177718.4218750000000000000000000000000000000000
238739003262214.3750000000000000000000000000000000000000
76409546537366.9843750000000000000000000000000000000000
423809145789064.4375000000000000000000000000000000000000
485614967282767.9375000000000000000000000000000000000000
-1050637306986498.5000000000000000000000000000000000000000
226447026371191.7187500000000000000000000000000000000000
-702931513025975.3750000000000000000000000000000000000000
227863685097362.4687500000000000000000000000000000000000
197052343972552.5937500000000000000000000000000000000000
526195016996963.9375000000000000000000000000000000000000
-109195057296708.9375000000000000000000000000000000000000
163598791674855.9687500000000000000000000000000000000000
757267389034371.7500000000000000000000000000000000000000
-373721862373203.3750000000000000000000000000000000000000
-110706857945690.1406250000000000000000000000000000000000
626174923336204.8750000000000000000000000000000000000000
-388336084514880.8750000000000000000000000000000000000000
-351025731253131.4375000000000000000000000000000000000000
-358342339822305.0625000000000000000000000000000000000000
185690499534567.6875000000000000000000000000000000000000
123710062005112.6875000000000000000000000000000000000000
282884816986878.4375000000000000000000000000000000000000
-8572254642618.7353515625000000000000000000000000000000
-160790671766783.8437500000000000000000000000000000000000
13959455590699.7871093750000000000000000000000000000000
356756658525847.3125000000000000000000000000000000000000
-122394389960061.7656250000000000000000000000000000000000
-271263707567183.1562500000000000000000000000000000000000
59890187672834.3515625000000000000000000000000000000000
97105670882973.5781250000000000000000000000000000000000
-657791181079480.6250000000000000000000000000000000000000
-496383041305911.3750000000000000000000000000000000000000
22643373276278.6015625000000000000000000000000000000000
-45348331946926.2031250000000000000000000000000000000000
512574237915342.0625000000000000000000000000000000000000
-56540525921447.2187500000000000000000000000000000000000
101070386537263.1875000000000000000000000000000000000000
-3657485318077.4755859375000000000000000000000000000000
425707030789867.5625000000000000000000000000000000000000
41494637059225.5625000000000000000000000000000000000000
-63213295854251.9062500000000000000000000000000000000000
922347745225297.1250000000000000000000000000000000000000
-181112899536885.2812500000000000000000000000000000000000
-205966569810643.9062500000000000000000000000000000000000
224112139616537.9687500000000000000000000000000000000000
-62114506475470.3750000000000000000000000000000000000000
-385232851992353.0625000000000000000000000000000000000000
-17763876271931.2187500000000000000000000000000000000000
17205505441037.6054687500000000000000000000000000000000
-529295713432582.5625000000000000000000000000000000000000
333838789688827.6250000000000000000000000000000000000000
-121467318821571.3906250000000000000000000000000000000000
448185437289494.3750000000000000000000000000000000000000
-75537626875615.9531250000000000000000000000000000000000
-787282787431620.5000000000000000000000000000000000000000
413782909338939.0625000000000000000000000000000000000000
-105015316863361.3750000000000000000000000000000000000000
-352667468066471.0000000000000000000000000000000000000000
-396115977665225.1250000000000000000000000000000000000000
-206652215544150.0625000000000000000000000000000000000000
-543444612891532.0000000000000000000000000000000000000000
304720207643151.8750000000000000000000000000000000000000
-233248380293443.0312500000000000000000000000000000000000
255414369093034.0312500000000000000000000000000000000000
-8750314215687.3925781250000000000000000000000000000000
464773485283856.1875000000000000000000000000000000000000
-18923183723857.0859375000000000000000000000000000000000
-851997235494900.3750000000000000000000000000000000000000
247391406019473.1562500000000000000000000000000000000000
108639915364178.4843750000000000000000000000000000000000
-182420276349111.6562500000000000000000000000000000000000
325057868132002.6875000000000000000000000000000000000000
-232327518364105.0000000000000000000000000000000000000000
-549228950666539.5625000000000000000000000000000000000000
400477888455111.7500000000000000000000000000000000000000
116491562854251.9531250000000000000000000000000000000000
219982683785810.3125000000000000000000000000000000000000
748365396640316.2500000000000000000000000000000000000000
-304764645430363.6250000000000000000000000000000000000000
-333606981557230.6250000000000000000000000000000000000000
359416660910012.3125000000000000000000000000000000000000
229815163207361.5312500000000000000000000000000000000000
537086673866155.0000000000000000000000000000000000000000
-320575405198344.6875000000000000000000000000000000000000
-552176047714642.2500000000000000000000000000000000000000
-656173823713073.3750000000000000000000000000000000000000
-737826346632867.0000000000000000000000000000000000000000
138409631078119.1093750000000000000000000000000000000000
185655358558652.7500000000000000000000000000000000000000
269202364491674.0000000000000000000000000000000000000000
483292556340885.9375000000000000000000000000000000000000
-446071307368184.1250000000000000000000000000000000000000
349209326002551.6250000000000000000000000000000000000000
-237033803357775.9687500000000000000000000000000000000000
603189858442432.8750000000000000000000000000000000000000
56750877806624.5234375000000000000000000000000000000000
-218832709288736.6562500000000000000000000000000000000000
475917476650940.2500000000000000000000000000000000000000
344526060746422.3125000000000000000000000000000000000000
-258121434097702.5937500000000000000000000000000000000000
-462215019896246.6875000000000000000000000000000000000000
57214067669351.1406250000000000000000000000000000000000
-426045084828449.1250000000000000000000000000000000000000
-341945459292274.6250000000000000000000000000000000000000
394390453025659.6250000000000000000000000000000000000000
406442907046104.2500000000000000000000000000000000000000
-874722869793268.7500000000000000000000000000000000000000
492630867678891.8750000000000000000000000000000000000000
-191930111031626.9062500000000000000000000000000000000000
170999430126448.0000000000000000000000000000000000000000
475781812676463.5625000000000000000000000000000000000000
-227791032435649.3750000000000000000000000000000000000000
392787185156311.0000000000000000000000000000000000000000
196534803943867.9375000000000000000000000000000000000000
193814523459037.4375000000000000000000000000000000000000
-780670240154053.5000000000000000000000000000000000000000
678811013976426.1250000000000000000000000000000000000000
-603021797258702.3750000000000000000000000000000000000000
148530413036109.4687500000000000000000000000000000000000
-199736875273642.4062500000000000000000000000000000000000
97794601584447.3750000000000000000000000000000000000000
69954023014028.7343750000000000000000000000000000000000
1296002940908240.5000000000000000000000000000000000000000
-296213010564461.6250000000000000000000000000000000000000
-143913185837625.4375000000000000000000000000000000000000
-318092383872458.1875000000000000000000000000000000000000
89367509130112.0156250000000000000000000000000000000000
83956285436792.5937500000000000000000000000000000000000
-202768941737436.0000000000000000000000000000000000000000
-398818765499255.1250000000000000000000000000000000000000
473783908475346.2500000000000000000000000000000000000000
567484558091848.8750000000000000000000000000000000000000
-75565427343662.1562500000000000000000000000000000000000
-406022987310438.9375000000000000000000000000000000000000
494182001080485.6250000000000000000000000000000000000000
3249594128491.4355468750000000000000000000000000000000
-27408610639526.8125000000000000000000000000000000000000
-21560417699090.7539062500000000000000000000000000000000
284607222675650.3750000000000000000000000000000000000000
237476858777917.2812500000000000000000000000000000000000
-435738424841377.6875000000000000000000000000000000000000
235474782744935.9375000000000000000000000000000000000000
-546739972888719.2500000000000000000000000000000000000000
-72114326849198.9218750000000000000000000000000000000000
-86376719141058.9375000000000000000000000000000000000000
-253189448197421.1562500000000000000000000000000000000000
156302271649022.1562500000000000000000000000000000000000
453569453475752.6875000000000000000000000000000000000000
-499759586308149.0000000000000000000000000000000000000000
294082968759728.1875000000000000000000000000000000000000
354199305558721.8750000000000000000000000000000000000000
-257036313181090.9062500000000000000000000000000000000000
393279418682486.7500000000000000000000000000000000000000
-4356293674839.9262695312500000000000000000000000000000
-291507273770740.3750000000000000000000000000000000000000
-826885969512932.6250000000000000000000000000000000000000
766423565795016.0000000000000000000000000000000000000000
210785755594469.3125000000000000000000000000000000000000
-122651489654508.0156250000000000000000000000000000000000
-316471168573625.5000000000000000000000000000000000000000
-180268340097188.0312500000000000000000000000000000000000
509741246461098.8125000000000000000000000000000000000000
-386502062258418.6875000000000000000000000000000000000000
-214360224020088.0000000000000000000000000000000000000000
449084681491228.5625000000000000000000000000000000000000
-446717311470268.5000000000000000000000000000000000000000
-308040198025108.1250000000000000000000000000000000000000
128713397369381.4375000000000000000000000000000000000000
-730873643420874.2500000000000000000000000000000000000000
-207920642528150.0937500000000000000000000000000000000000
582371014603164.3750000000000000000000000000000000000000
-423149531783949.7500000000000000000000000000000000000000
-153521955435240.3125000000000000000000000000000000000000
417294907857099.5000000000000000000000000000000000000000
236816800123747.0937500000000000000000000000000000000000
-405488185571582.5000000000000000000000000000000000000000
235335841608556.9062500000000000000000000000000000000000
-94973241274070.7656250000000000000000000000000000000000
-385065953036756.5625000000000000000000000000000000000000
881871742964364.5000000000000000000000000000000000000000
-175486854640086.6875000000000000000000000000000000000000
531177998071248.9375000000000000000000000000000000000000
-507137318170385.3125000000000000000000000000000000000000
-650192005489914.7500000000000000000000000000000000000000
-408677314163541.5625000000000000000000000000000000000000
895806427311997.8750000000000000000000000000000000000000
413782547728418.9375000000000000000000000000000000000000
501257461181073.1875000000000000000000000000000000000000
586491950229164.0000000000000000000000000000000000000000
-153374698141079.5000000000000000000000000000000000000000
222175101253498.4062500000000000000000000000000000000000
341019344247870.6250000000000000000000000000000000000000
-589553088982706.7500000000000000000000000000000000000000
-1060822477448674.5000000000000000000000000000000000000000
133965763831720.6093750000000000000000000000000000000000
472867677230548.5000000000000000000000000000000000000000
-164983436846203.3125000000000000000000000000000000000000
292694815688520.5000000000000000000000000000000000000000
26188841436467.8046875000000000000000000000000000000000
-95247647391391.5781250000000000000000000000000000000000
-1183665653009546.7500000000000000000000000000000000000000
-539234717626510.3125000000000000000000000000000000000000
176849688828028.8750000000000000000000000000000000000000
-66038292278402.1250000000000000000000000000000000000000
-572900549560332.8750000000000000000000000000000000000000
69276555706757.6093750000000000000000000000000000000000
-17299549351903.7578125000000000000000000000000000000000
780592383691352.7500000000000000000000000000000000000000
-433594289550505.3750000000000000000000000000000000000000
-183397191749693.6562500000000000000000000000000000000000
55464785141788.9921875000000000000000000000000000000000
-180222644942250.9375000000000000000000000000000000000000
82456342839568.3593750000000000000000000000000000000000
141929203707401.8437500000000000000000000000000000000000
-205204922925194.1562500000000000000000000000000000000000
-126516710681867.7656250000000000000000000000000000000000
227156406135584.3125000000000000000000000000000000000000
-17947302168332.7500000000000000000000000000000000000000
-146704879240746.8750000000000000000000000000000000000000
791058508859934.1250000000000000000000000000000000000000
-282805732003356.2500000000000000000000000000000000000000
568549967665301.5000000000000000000000000000000000000000
-426798348965057.7500000000000000000000000000000000000000
306561229414953.1250000000000000000000000000000000000000
421079816794665.2500000000000000000000000000000000000000
-457876648348946.4375000000000000000000000000000000000000
49676562909673.1640625000000000000000000000000000000000
-6299617783529.8710937500000000000000000000000000000000
722628890905800.2500000000000000000000000000000000000000
52682370717536.0312500000000000000000000000000000000000
-701849303453721.7500000000000000000000000000000000000000
-355773622494538.6250000000000000000000000000000000000000
-60794504767274.2343750000000000000000000000000000000000
-425487509900541.8125000000000000000000000000000000000000
314219875329210.8750000000000000000000000000000000000000
-28222600814736.0351562500000000000000000000000000000000
542807563483429.7500000000000000000000000000000000000000
332028648241305.5000000000000000000000000000000000000000
-327785881784989.6875000000000000000000000000000000000000
-204456418338210.5312500000000000000000000000000000000000
304192495691013.3750000000000000000000000000000000000000
-43584643202698.3593750000000000000000000000000000000000
275200041244226.2187500000000000000000000000000000000000
382296840136077.6250000000000000000000000000000000000000
-411232933004538.4375000000000000000000000000000000000000
-75163301749043.6406250000000000000000000000000000000000
276070289377264.1250000000000000000000000000000000000000
-566050992617955.2500000000000000000000000000000000000000
280566277338281.5625000000000000000000000000000000000000
-54424902540435.3671875000000000000000000000000000000000
1074633666195117.2500000000000000000000000000000000000000
370066803700222.0625000000000000000000000000000000000000
-99286565825070.2656250000000000000000000000000000000000
-418041530075877.3125000000000000000000000000000000000000
738663164054511.6250000000000000000000000000000000000000
251573210035454.5625000000000000000000000000000000000000
-178961369708310.9375000000000000000000000000000000000000
-793531238935377.3750000000000000000000000000000000000000
692110193178850.6250000000000000000000000000000000000000
618051574201049.7500000000000000000000000000000000000000
-444784308525501.5625000000000000000000000000000000000000
133119031059538.8593750000000000000000000000000000000000
624946937005288.7500000000000000000000000000000000000000
-354343991426985.7500000000000000000000000000000000000000
-55392514853533.5312500000000000000000000000000000000000
137199548378515.3906250000000000000000000000000000000000
203070875212366.2187500000000000000000000000000000000000
-613541822690146.8750000000000000000000000000000000000000
532239325779443.1250000000000000000000000000000000000000
-153638587006162.9687500000000000000000000000000000000000
17845372552803.3085937500000000000000000000000000000000
676848750600394.0000000000000000000000000000000000000000
-58284897210658.4609375000000000000000000000000000000000
-977631014675070.5000000000000000000000000000000000000000
-408637324672497.6250000000000000000000000000000000000000
213055026481538.7812500000000000000000000000000000000000
-765568018196614.1250000000000000000000000000000000000000
145585377517085.0312500000000000000000000000000000000000
-843122264622198.2500000000000000000000000000000000000000
-157386676626957.5937500000000000000000000000000000000000
-708210896696369.0000000000000000000000000000000000000000
-586054980889800.3750000000000000000000000000000000000000
425637040908902.4375000000000000000000000000000000000000
-42237452431415.9296875000000000000000000000000000000000
653343119750803.0000000000000000000000000000000000000000
-426739672318888.8125000000000000000000000000000000000000
-414196591474965.0625000000000000000000000000000000000000
266695895503681.9375000000000000000000000000000000000000
-325201117899746.2500000000000000000000000000000000000000
-117196904585003.3593750000000000000000000000000000000000
619363313536890.1250000000000000000000000000000000000000
-135591446875659.0937500000000000000000000000000000000000
177521385190078.3437500000000000000000000000000000000000
-374331699121486.3125000000000000000000000000000000000000
-57432920054998.7031250000000000000000000000000000000000
180299639311921.9687500000000000000000000000000000000000
102742210582491.7343750000000000000000000000000000000000
434961123139253.5000000000000000000000000000000000000000
511319942922170.0000000000000000000000000000000000000000
386142733052945.3125000000000000000000000000000000000000
-464204020054012.8750000000000000000000000000000000000000
1615273678470.0895996093750000000000000000000000000000
64543641285613.3828125000000000000000000000000000000000
84607430255222.4375000000000000000000000000000000000000
-262036966958009.7500000000000000000000000000000000000000
-32983345533012.5039062500000000000000000000000000000000
265737344177482.6562500000000000000000000000000000000000
-129544392635816.7812500000000000000000000000000000000000
-413209421929703.2500000000000000000000000000000000000000
-113111718915423.9375000000000000000000000000000000000000
562138971605923.0000000000000000000000000000000000000000
849533226678933.8750000000000000000000000000000000000000
530657251410758.4375000000000000000000000000000000000000
238408014514418.8750000000000000000000000000000000000000
-571696104400476.6250000000000000000000000000000000000000
-612336598459747.6250000000000000000000000000000000000000
-363277958030145.6250000000000000000000000000000000000000
-560349985777202.3750000000000000000000000000000000000000
554140497984238.5625000000000000000000000000000000000000
659340315791161.1250000000000000000000000000000000000000
82636275110893.3437500000000000000000000000000000000000
-676084548277154.6250000000000000000000000000000000000000
-78818986058697.8906250000000000000000000000000000000000
43499139272141.4062500000000000000000000000000000000000
-243557363512836.9687500000000000000000000000000000000000
-533504502551629.5625000000000000000000000000000000000000
327120088955135.9375000000000000000000000000000000000000
-411315087851241.3750000000000000000000000000000000000000
260927378619232.8125000000000000000000000000000000000000
-931911573615248.3750000000000000000000000000000000000000
94932375394764.3906250000000000000000000000000000000000
197018916702436.8750000000000000000000000000000000000000
-187024307320509.1562500000000000000000000000000000000000
895364555394745.8750000000000000000000000000000000000000
-23599971616844.0664062500000000000000000000000000000000
355757984518091.3125000000000000000000000000000000000000
-1022021390392460.3750000000000000000000000000000000000000
-274387333846023.5625000000000000000000000000000000000000
337222034617310.1250000000000000000000000000000000000000
-202222326836134.1875000000000000000000000000000000000000
407635252165774.7500000000000000000000000000000000000000
-287125996750349.1875000000000000000000000000000000000000
250586424080721.0625000000000000000000000000000000000000
-85730866218785.9062500000000000000000000000000000000000
651547229053269.7500000000000000000000000000000000000000
-593381660107252.5000000000000000000000000000000000000000
148972058546179.4062500000000000000000000000000000000000
946378155592757.6250000000000000000000000000000000000000
67049226011877.1796875000000000000000000000000000000000
-426358527250964.7500000000000000000000000000000000000000
181086639492736.3125000000000000000000000000000000000000
-199990241649116.5937500000000000000000000000000000000000
-602249954061874.5000000000000000000000000000000000000000
-278384010557608.9687500000000000000000000000000000000000
-217801948163962.3437500000000000000000000000000000000000
280599680222087.8750000000000000000000000000000000000000
776777522907859.3750000000000000000000000000000000000000
-229024950305074.0625000000000000000000000000000000000000
289013274646240.3750000000000000000000000000000000000000
985857733991078.8750000000000000000000000000000000000000
-293352913165974.5625000000000000000000000000000000000000
54213084483538.2343750000000000000000000000000000000000
-453263107839294.1250000000000000000000000000000000000000
720200755526191.1250000000000000000000000000000000000000
300859348912628.9375000000000000000000000000000000000000
302979045723247.3750000000000000000000000000000000000000
-78069467431129.4843750000000000000000000000000000000000
772014944167629.7500000000000000000000000000000000000000
93523824360635.3750000000000000000000000000000000000000
-177812056630572.1875000000000000000000000000000000000000
527827740405823.5000000000000000000000000000000000000000
-663474360826751.7500000000000000000000000000000000000000
-639035614787419.8750000000000000000000000000000000000000
24115858827434.0898437500000000000000000000000000000000
55223673479649.6171875000000000000000000000000000000000
72965824093645.2812500000000000000000000000000000000000
-729674914068066.8750000000000000000000000000000000000000
608012718749315.2500000000000000000000000000000000000000
-590680616651770.0000000000000000000000000000000000000000
-604945270614975.5000000000000000000000000000000000000000
434775210541511.8125000000000000000000000000000000000000
-354542886711630.5000000000000000000000000000000000000000
318760261339391.3125000000000000000000000000000000000000
-364776579517047.0625000000000000000000000000000000000000
-452605504973545.8750000000000000000000000000000000000000
52291813394596.7812500000000000000000000000000000000000
225104791284873.5937500000000000000000000000000000000000
-715698136325983.5000000000000000000000000000000000000000
-282162694099754.1875000000000000000000000000000000000000
813980544614814.6250000000000000000000000000000000000000
587265595526508.8750000000000000000000000000000000000000
-168737460036920.3750000000000000000000000000000000000000
-197501606509597.4062500000000000000000000000000000000000
-104401720940907.2343750000000000000000000000000000000000
353880772423941.6875000000000000000000000000000000000000
-393935937469349.4375000000000000000000000000000000000000
440939316639677.9375000000000000000000000000000000000000
207047674002224.2812500000000000000000000000000000000000
-344524940773987.0000000000000000000000000000000000000000
-278671157178861.5312500000000000000000000000000000000000
132799743660507.7656250000000000000000000000000000000000
-103835043846588.2968750000000000000000000000000000000000
911511957031336.5000000000000000000000000000000000000000
148445580797167.5312500000000000000000000000000000000000
-53433287801057.0312500000000000000000000000000000000000
-231131530679787.1562500000000000000000000000000000000000
-685992075439598.5000000000000000000000000000000000000000
-652391495388373.2500000000000000000000000000000000000000
269909542648836.4375000000000000000000000000000000000000
-25751349018065.5859375000000000000000000000000000000000
-520706532514671.5000000000000000000000000000000000000000
107651587505308.1562500000000000000000000000000000000000
831290867575368.2500000000000000000000000000000000000000
-253967339148169.5000000000000000000000000000000000000000
-583849542016934.5000000000000000000000000000000000000000
-93005229413313.9531250000000000000000000000000000000000
1319588682186187.0000000000000000000000000000000000000000
-450249925944340.5625000000000000000000000000000000000000
-50974868408696.3203125000000000000000000000000000000000
-256048696499008.5937500000000000000000000000000000000000
189173695516287.1250000000000000000000000000000000000000
637482310924119.6250000000000000000000000000000000000000
-219432806703301.8437500000000000000000000000000000000000
-363774653385429.5000000000000000000000000000000000000000
58630026218671.2578125000000000000000000000000000000000
-203955749533956.2500000000000000000000000000000000000000
-378403316322005.7500000000000000000000000000000000000000
124771957963848.2968750000000000000000000000000000000000
444075537702144.0625000000000000000000000000000000000000
163340037520479.4375000000000000000000000000000000000000
-667996186173396.8750000000000000000000000000000000000000
74416394645891.3906250000000000000000000000000000000000
650998848212118.3750000000000000000000000000000000000000
-173744509511575.2500000000000000000000000000000000000000
390787146374085.9375000000000000000000000000000000000000
-335744661408561.9375000000000000000000000000000000000000
302478665856479.9375000000000000000000000000000000000000
-264212290265781.6875000000000000000000000000000000000000
-705563416058807.7500000000000000000000000000000000000000
606764824467881.8750000000000000000000000000000000000000
-13508607918467.6875000000000000000000000000000000000000
-164901527839628.4375000000000000000000000000000000000000
-174750572993068.0625000000000000000000000000000000000000
-973121718166475.1250000000000000000000000000000000000000
-43396340532041.7031250000000000000000000000000000000000
145578749872142.7187500000000000000000000000000000000000
900932177988869.1250000000000000000000000000000000000000
199420430916587.2812500000000000000000000000000000000000
428985750174379.2500000000000000000000000000000000000000
90859105238104.2031250000000000000000000000000000000000
-199244005805544.5937500000000000000000000000000000000000
213312172718012.3125000000000000000000000000000000000000
-225485694142026.8750000000000000000000000000000000000000
-179284120572942.1875000000000000000000000000000000000000
595191419806361.8750000000000000000000000000000000000000
328975932214568.9375000000000000000000000000000000000000
90965453993081.0468750000000000000000000000000000000000
923712904809925.6250000000000000000000000000000000000000
-1035397979672951.1250000000000000000000000000000000000000
-859928458343979.1250000000000000000000000000000000000000
484583313389002.3125000000000000000000000000000000000000
-193100284140006.2812500000000000000000000000000000000000
189309493184950.4062500000000000000000000000000000000000
355331780077054.3750000000000000000000000000000000000000
-663250712131414.6250000000000000000000000000000000000000
-447683819638375.0000000000000000000000000000000000000000
260562563474913.6250000000000000000000000000000000000000
339695649181355.2500000000000000000000000000000000000000
235305258149.1718444824218750000000000000000000000000
-579676016640155.7500000000000000000000000000000000000000
-23128908469847.6250000000000000000000000000000000000000
107294197828792.5937500000000000000000000000000000000000
-502006247807695.2500000000000000000000000000000000000000
391704570728941.8750000000000000000000000000000000000000
590631919450.7661132812500000000000000000000000000000
-510380912662783.1875000000000000000000000000000000000000
101505313730174.6093750000000000000000000000000000000000
533813201551107.9375000000000000000000000000000000000000
-349541107241062.2500000000000000000000000000000000000000
91529537364929.0937500000000000000000000000000000000000
615555798713381.7500000000000000000000000000000000000000
331910624949103.3750000000000000000000000000000000000000
-394110585326710.0000000000000000000000000000000000000000
250057102807266.2187500000000000000000000000000000000000
-636366944002191.0000000000000000000000000000000000000000
489017777458273.8125000000000000000000000000000000000000
896118112409917.5000000000000000000000000000000000000000
-498974966786573.5625000000000000000000000000000000000000
-631547041405836.7500000000000000000000000000000000000000
1056909414324732.1250000000000000000000000000000000000000
102413667926602.9687500000000000000000000000000000000000
-788900176389247.6250000000000000000000000000000000000000
48243769008614.2578125000000000000000000000000000000000
-368215420352830.3125000000000000000000000000000000000000
204536708807062.3125000000000000000000000000000000000000
-460897494098493.2500000000000000000000000000000000000000
271917215580252.8750000000000000000000000000000000000000
-190988978795720.3750000000000000000000000000000000000000
1017116105015.7818603515625000000000000000000000000000
36316560702948.6015625000000000000000000000000000000000
590750913718091.2500000000000000000000000000000000000000
-370828109212399.6250000000000000000000000000000000000000
-23743301640297.3593750000000000000000000000000000000000
-424369896777690.6875000000000000000000000000000000000000
526212224753005.3750000000000000000000000000000000000000
-236345393443966.5000000000000000000000000000000000000000
-296263859024174.2500000000000000000000000000000000000000
-377404261699065.8125000000000000000000000000000000000000
540474325809449.1250000000000000000000000000000000000000
47796699330589.0703125000000000000000000000000000000000
-175810343353448.3125000000000000000000000000000000000000
-21130600699622.9765625000000000000000000000000000000000
92583082756877.5156250000000000000000000000000000000000
-104067479133177.2031250000000000000000000000000000000000
371549358110516.6250000000000000000000000000000000000000
-381697736558674.4375000000000000000000000000000000000000
-384248688705720.8125000000000000000000000000000000000000
192481381062652.4687500000000000000000000000000000000000
356509936197947.9375000000000000000000000000000000000000
358498035895711.0625000000000000000000000000000000000000
100572544717283.0000000000000000000000000000000000000000
-376187826223109.6875000000000000000000000000000000000000
135232598849595.1406250000000000000000000000000000000000
947734307405800.8750000000000000000000000000000000000000
-265327041197755.1250000000000000000000000000000000000000
-706112475869609.6250000000000000000000000000000000000000
