0.4549869235199095474087016555131413042545
-37.5839557148315250856285274494439363479614
752.9846924096569864559569396078586578369141
-5274.9621981658683580462820827960968017578125
4433.6919656942200163030065596103668212890625
121441.5097849869925994426012039184570312500000
-674757.4740095891756936907768249511718750000000
1637381.6598410205915570259094238281250000000000
-2091347.4260448901914060115814208984375000000000
1371553.9157384540885686874389648437500000000000
369546.6499837769079022109508514404296875000000
-3352333.6364689273759722709655761718750000000000
4784797.5938560282811522483825683593750000000000
-538578.6590059032896533608436584472656250000000
-4235752.6202158294618129730224609375000000000000
3596950.8674351987428963184356689453125000000000
-1796361.4852395399939268827438354492187500000000
1639755.2021851735189557075500488281250000000000
162538.8977001802122686058282852172851562500000
-3513419.5391722223721444606781005859375000000000
1251573.4279207224026322364807128906250000000000
2189158.3536318116821348667144775390625000000000
-1356719.8994425826240330934524536132812500000000
6525780.0535420523956418037414550781250000000000
-10202044.3458097297698259353637695312500000000000
3601728.7171935583464801311492919921875000000000
4836642.3667544182389974594116210937500000000000
-3133741.8626380711793899536132812500000000000000
-519175.0942173528019338846206665039062500000000
-6217959.3725948836654424667358398437500000000000
5117010.1939643602818250656127929687500000000000
-1461879.7798381657339632511138916015625000000000
-3090702.2304499996826052665710449218750000000000
3629500.0189380613155663013458251953125000000000
683644.8454322459874674677848815917968750000000
-117499.4940979359816992655396461486816406250000
5347915.8328184923157095909118652343750000000000
333030.8477571241091936826705932617187500000000
-2264495.0342052783817052841186523437500000000000
-598759.5341475255554541945457458496093750000000
307774.1463240100420080125331878662109375000000
1564264.1592117396648973226547241210937500000000
-2426096.8640157808549702167510986328125000000000
-1471717.5920239936094731092453002929687500000000
1860161.7570807612501084804534912109375000000000
476646.6093553040409460663795471191406250000000
-4588104.0914350291714072227478027343750000000000
-603542.9809145821491256356239318847656250000000
-2201507.4169171759858727455139160156250000000000
-3472944.7879473501816391944885253906250000000000
632879.0511887173634022474288940429687500000000
467208.3645673604332841932773590087890625000000
2944151.8454473344609141349792480468750000000000
3113296.2548915911465883255004882812500000000000
1123832.3749349918216466903686523437500000000000
1774891.4907863310072571039199829101562500000000
-1372850.8009165804833173751831054687500000000000
84653.2019923016196116805076599121093750000000
2939754.6434523593634366989135742187500000000000
-375630.7856992082670331001281738281250000000000
82275.9990418563975254073739051818847656250000
1686138.8796589728444814682006835937500000000000
5916140.5484074950218200683593750000000000000000
-3089721.4748819014057517051696777343750000000000
398823.5603045705356635153293609619140625000000
-3906190.8977422579191625118255615234375000000000
-2533208.9498500986956059932708740234375000000000
106471.0188288895878940820693969726562500000000
1355491.6033465231303125619888305664062500000000
2856234.0378155643120408058166503906250000000000
-1855305.2503888946957886219024658203125000000000
-1657250.9596909515094012022018432617187500000000
5324370.8560539418831467628479003906250000000000
-6651267.0615048306062817573547363281250000000000
-5406948.4009705698117613792419433593750000000000
58728.1521729830346885137259960174560546875000
485394.0442295170505531132221221923828125000000
-3124201.3182776030153036117553710937500000000000
-10114610.7856933642178773880004882812500000000000
6625244.4128148639574646949768066406250000000000
4845287.5951024349778890609741210937500000000000
-2016538.8249034776818007230758666992187500000000
-2225257.7264076247811317443847656250000000000000
-208109.4164119363995268940925598144531250000000
3092048.3606421332806348800659179687500000000000
-4247838.7976983767002820968627929687500000000000
-1065544.0936702971812337636947631835937500000000
8890034.4564905036240816116333007812500000000000
2592980.7307514855638146400451660156250000000000
-3828040.6703107771463692188262939453125000000000
4999848.7708349749445915222167968750000000000000
4438831.1229936936870217323303222656250000000000
-1772096.0358204485382884740829467773437500000000
829929.6952616444323211908340454101562500000000
2235232.2512278729118406772613525390625000000000
1774701.2088949675671756267547607421875000000000
647590.1970784496515989303588867187500000000000
-1911281.2893011835403740406036376953125000000000
-1716222.6972175834234803915023803710937500000000
5837188.6626490652561187744140625000000000000000
1947756.2177353941369801759719848632812500000000
-515367.3709400250809267163276672363281250000000
5336707.7954162806272506713867187500000000000000
-3393320.5949464109726250171661376953125000000000
-3860877.1458815196529030799865722656250000000000
3234072.6762242815457284450531005859375000000000
3104778.9343588077463209629058837890625000000000
3570583.3961447281762957572937011718750000000000
-1058157.7007109271362423896789550781250000000000
-6840611.0197340650483965873718261718750000000000
-5839211.2404724676162004470825195312500000000000
-4305062.2547169355675578117370605468750000000000
691098.1792013299418613314628601074218750000000
-8032125.5585342124104499816894531250000000000000
-4948166.9523724634200334548950195312500000000000
7627520.7401229199022054672241210937500000000000
-4014728.1693344158120453357696533203125000000000
-6459082.0241171065717935562133789062500000000000
-327201.7660182380932383239269256591796875000000
126221.8400560757436323910951614379882812500000
-5061269.9484213972464203834533691406250000000000
-3164833.2028674101456999778747558593750000000000
10813315.4570934623479843139648437500000000000000
-380596.7512091898242942988872528076171875000000
-8351068.3582938173785805702209472656250000000000
-5668675.6539567904546856880187988281250000000000
4573308.7215023767203092575073242187500000000000
2754027.8655309509485960006713867187500000000000
3231883.1373624354600906372070312500000000000000
-636861.8026020268443971872329711914062500000000
9496547.1442721411585807800292968750000000000000
1111710.2474324309732764959335327148437500000000
-611536.7898659792263060808181762695312500000000
291420.3777444101287983357906341552734375000000
3030158.7219341518357396125793457031250000000000
-4989261.9140778863802552223205566406250000000000
1017436.7261926882201805710792541503906250000000
2294459.0754250409081578254699707031250000000000
4187093.6175901051610708236694335937500000000000
5289170.4368191938847303390502929687500000000000
-231289.7375606193090789020061492919921875000000
-822895.9157908352790400385856628417968750000000
4593566.8940163208171725273132324218750000000000
1367326.1023009691853076219558715820312500000000
-1629847.6058969965670257806777954101562500000000
3755945.8253155834972858428955078125000000000000
-1554947.7146694837138056755065917968750000000000
-3407986.5348776411265134811401367187500000000000
-2176285.9723971355706453323364257812500000000000
-255919.0789869025757070630788803100585937500000
196691.4188247668789699673652648925781250000000
747454.2750609285430982708930969238281250000000
-2063989.6286130170337855815887451171875000000000
3382010.9333302336744964122772216796875000000000
-2270560.8127270466648042201995849609375000000000
4362451.0254504550248384475708007812500000000000
5446754.2276654550805687904357910156250000000000
2516891.8441460384055972099304199218750000000000
2282523.1531090028584003448486328125000000000000
-1546011.9450958252418786287307739257812500000000
-3659484.7944138338789343833923339843750000000000
2278331.8726744819432497024536132812500000000000
-527763.6383767609950155019760131835937500000000
650115.0647343014134094119071960449218750000000
2570888.5841625882312655448913574218750000000000
-4173272.4865832519717514514923095703125000000000
1154227.2538970748428255319595336914062500000000
-2996295.2686483296565711498260498046875000000000
-1950235.3281635560560971498489379882812500000000
3773842.5381352538242936134338378906250000000000
-4824733.4482806613668799400329589843750000000000
-8482677.8810179643332958221435546875000000000000
-3838284.8057807055301964282989501953125000000000
5521898.0407577604055404663085937500000000000000
-3198687.8252688026987016201019287109375000000000
-7108164.8175731310620903968811035156250000000000
-2222175.8907881975173950195312500000000000000000
-1452967.5046406639739871025085449218750000000000
-7659946.3567860350012779235839843750000000000000
-3238376.5739522608928382396697998046875000000000
-5130855.7013603448867797851562500000000000000000
1297378.7026453244034200906753540039062500000000
-2011985.5465508433990180492401123046875000000000
5156766.5696326056495308876037597656250000000000
4307204.0754799097776412963867187500000000000000
-3569663.8015862056054174900054931640625000000000
-2120493.1780069442465901374816894531250000000000
-3995389.8803989798761904239654541015625000000000
2276679.3613534434698522090911865234375000000000
706725.5382072582142427563667297363281250000000
-2789307.4306785338558256626129150390625000000000
2469396.7007539425976574420928955078125000000000
5396323.9479485675692558288574218750000000000000
1593033.9882941399700939655303955078125000000000
-1120273.8309616707265377044677734375000000000000
-1429595.2119940062984824180603027343750000000000
953016.4741499250521883368492126464843750000000
2935245.5674041486345231533050537109375000000000
250192.0000463867036160081624984741210937500000
8400494.0513267368078231811523437500000000000000
63519.7181169716350268572568893432617187500000
-3138833.6286842394620180130004882812500000000000
3384746.2026766198687255382537841796875000000000
1077056.9098381674848496913909912109375000000000
4688970.5622309632599353790283203125000000000000
3377384.7959829149767756462097167968750000000000
-1029408.0209104353561997413635253906250000000000
6367567.8598094107583165168762207031250000000000
6112497.5371920540928840637207031250000000000000
-2997003.9040236202999949455261230468750000000000
5924189.6346629420295357704162597656250000000000
3885028.9912798046134412288665771484375000000000
-4443780.9011022169142961502075195312500000000000
-3421724.9110128558240830898284912109375000000000
7982000.8996968511492013931274414062500000000000
3439863.6902070883661508560180664062500000000000
-566638.4152596856001764535903930664062500000000
208771.6565671060234308242797851562500000000000
2661659.1269353129900991916656494140625000000000
3618313.2029761560261249542236328125000000000000
4044877.9778455528430640697479248046875000000000
-5267499.2762394472956657409667968750000000000000
-4509785.5099114449694752693176269531250000000000
1350863.5541718001477420330047607421875000000000
-4268479.3844018951058387756347656250000000000000
10523012.5780308227986097335815429687500000000000
-4655831.7999503929167985916137695312500000000000
-12001847.5531786661595106124877929687500000000000
3467118.1676475629210472106933593750000000000000
1662290.9982589071150869131088256835937500000000
-639808.1351033416576683521270751953125000000000
-5226153.2001435067504644393920898437500000000000
-4683843.8386584268882870674133300781250000000000
-4859510.6217284882441163063049316406250000000000
-4930209.2409191876649856567382812500000000000000
1956112.3014375348575413227081298828125000000000
1933983.8136846269480884075164794921875000000000
-11583718.0612378753721714019775390625000000000000
1606630.6850992408581078052520751953125000000000
-437745.5279045568313449621200561523437500000000
-3220731.9189349552616477012634277343750000000000
-3258311.2638241201639175415039062500000000000000
489924.9931918015936389565467834472656250000000
1042117.8929368737153708934783935546875000000000
-3214669.5523180644959211349487304687500000000000
-2039502.3304308918304741382598876953125000000000
937238.5453220908530056476593017578125000000000
2285949.1343125472776591777801513671875000000000
-4405182.8490674933418631553649902343750000000000
757165.3195067100459709763526916503906250000000
10804300.4391449000686407089233398437500000000000
-4975818.2820349158719182014465332031250000000000
-4237681.9872937714681029319763183593750000000000
2379542.4533633291721343994140625000000000000000
-1672122.0220267097465693950653076171875000000000
2094736.5607007539365440607070922851562500000000
1384232.4549613655544817447662353515625000000000
-6994167.4564603921025991439819335937500000000000
-3184363.5058071976527571678161621093750000000000
2962386.7947885724715888500213623046875000000000
6889417.8000011844560503959655761718750000000000
5361949.6346091683954000473022460937500000000000
-2927237.0547200297005474567413330078125000000000
-4538249.5463138082996010780334472656250000000000
-6254139.8949567982926964759826660156250000000000
5626371.4754408337175846099853515625000000000000
2338419.0529961679130792617797851562500000000000
138529.5699913723801728338003158569335937500000
3273060.6520291534252464771270751953125000000000
3316567.3978717108257114887237548828125000000000
6950442.5672969250008463859558105468750000000000
2585903.1378008471801877021789550781250000000000
-1609699.4890292501077055931091308593750000000000
-9726462.1656544785946607589721679687500000000000
4858319.5330816674977540969848632812500000000000
-589484.6317117442376911640167236328125000000000
5970157.0809954339638352394104003906250000000000
5059991.2465830128639936447143554687500000000000
-4419707.1429421650245785713195800781250000000000
2582191.0696134930476546287536621093750000000000
-1129521.0553946821019053459167480468750000000000
-50902.7548385291229351423680782318115234375000
-4158438.2860523164272308349609375000000000000000
7284443.6907242443412542343139648437500000000000
-4296466.3206477742642164230346679687500000000000
-181237.4780707416648510843515396118164062500000
5238679.2730526346713304519653320312500000000000
1104730.2775540973525494337081909179687500000000
-159174.5527690594317391514778137207031250000000
3034152.8418925520963966846466064453125000000000
875889.2422155688982456922531127929687500000000
-6236625.7782131852582097053527832031250000000000
4552317.8058212110772728919982910156250000000000
-2765249.2336066691204905509948730468750000000000
-4678063.5736370030790567398071289062500000000000
-2341976.2787330672144889831542968750000000000000
4155552.4388755611144006252288818359375000000000
4511964.5721243787556886672973632812500000000000
369420.8369760520290583372116088867187500000000
-7845474.8665056927129626274108886718750000000000
1547752.9218190978281199932098388671875000000000
5530493.2281661825254559516906738281250000000000
-2867520.3112052627839148044586181640625000000000
-2535894.7008210690692067146301269531250000000000
-179595.0807717024581506848335266113281250000000
-1427117.1028107968159019947052001953125000000000
-5037628.4762536222115159034729003906250000000000
-55350.2580862069589784368872642517089843750000
624214.7819089422700926661491394042968750000000
-9363585.6980356369167566299438476562500000000000
-593035.4983102044789120554924011230468750000000
304866.5422898948309011757373809814453125000000
3849746.9399939221329987049102783203125000000000
4513832.5010179011151194572448730468750000000000
2183347.9173671188764274120330810546875000000000
-2222240.9835167252458631992340087890625000000000
-2736818.8035336742177605628967285156250000000000
-4370123.0950755020603537559509277343750000000000
-2683107.3883543103002011775970458984375000000000
14676224.3294685613363981246948242187500000000000
-1883243.6331195405218750238418579101562500000000
-6412506.9471762739121913909912109375000000000000
3424129.6600758768618106842041015625000000000000
6322673.0618911990895867347717285156250000000000
-7855972.8072612881660461425781250000000000000000
4230258.4667013408616185188293457031250000000000
-632930.9911812350619584321975708007812500000000
2341036.3466436178423464298248291015625000000000
4501426.0672416826710104942321777343750000000000
-2216298.8151831873692572116851806640625000000000
3383277.2440380281768739223480224609375000000000
-733024.5792641172884032130241394042968750000000
1470246.5500846027862280607223510742187500000000
-6898402.6556877680122852325439453125000000000000
5353328.4974463004618883132934570312500000000000
-3969126.6141256103292107582092285156250000000000
3389787.4272540220990777015686035156250000000000
1592748.2503909256774932146072387695312500000000
-5088380.6306286882609128952026367187500000000000
1907514.5872913463972508907318115234375000000000
-1620607.7975827669724822044372558593750000000000
371051.4630012307898141443729400634765625000000
-3261055.9001593869179487228393554687500000000000
4137742.7869062889367341995239257812500000000000
5057505.8462122557684779167175292968750000000000
-1723563.8381540626287460327148437500000000000000
-2337298.0194145794957876205444335937500000000000
7347154.8613027380779385566711425781250000000000
-3149342.3759363219141960144042968750000000000000
-1172015.5276779553387314081192016601562500000000
4172318.5305124577134847640991210937500000000000
2615714.0353787881322205066680908203125000000000
-5059420.7602673359215259552001953125000000000000
-8239127.9026494110003113746643066406250000000000
1414444.6045322241261601448059082031250000000000
4228624.3897006446495652198791503906250000000000
-2315859.4247361994348466396331787109375000000000
-6268392.7596402047201991081237792968750000000000
3289019.8228657133877277374267578125000000000000
-217826.2074817416141740977764129638671875000000
-4834751.1443416709080338478088378906250000000000
-5659168.6387899573892354965209960937500000000000
1781998.2965562364552170038223266601562500000000
-4369931.3471290236338973045349121093750000000000
-3806962.0445747715421020984649658203125000000000
1678490.6115554654970765113830566406250000000000
4518734.2747724466025829315185546875000000000000
-4874417.7030546525493264198303222656250000000000
-2069018.1252039393875747919082641601562500000000
2460510.1614145431667566299438476562500000000000
-2435357.7112187272869050502777099609375000000000
-4999457.0440704170614480972290039062500000000000
-1325628.3795764790847897529602050781250000000000
7044646.1758754663169384002685546875000000000000
258557.0681677478423807770013809204101562500000
-574430.9436338368104770779609680175781250000000
2640726.2618551440536975860595703125000000000000
-1016856.4933692951453849673271179199218750000000
-4539492.5095925265923142433166503906250000000000
3438319.2348298295401036739349365234375000000000
3954188.4604027546010911464691162109375000000000
2136815.7046233941800892353057861328125000000000
502364.4588692938559688627719879150390625000000
5381038.6644279416650533676147460937500000000000
1741812.5273023711051791906356811523437500000000
-7490833.9044811325147747993469238281250000000000
1251479.9452733136713504791259765625000000000000
3463415.3567074029706418514251708984375000000000
4356474.2314600711688399314880371093750000000000
1173373.1886478082742542028427124023437500000000
-2808791.4632030716165900230407714843750000000000
3489169.6247607022523880004882812500000000000000
6017248.6520353583618998527526855468750000000000
-2894648.4047837005928158760070800781250000000000
3297052.2100662286393344402313232421875000000000
-3531740.6387326372787356376647949218750000000000
-9146337.5776281226426362991333007812500000000000
-733074.7522591332672163844108581542968750000000
1812117.5175029772799462080001831054687500000000
4298941.3464422784745693206787109375000000000000
4817837.2279877876862883567810058593750000000000
-3456005.3276362973265349864959716796875000000000
-7241742.2927704062312841415405273437500000000000
-2684740.7054475629702210426330566406250000000000
9689278.7714774385094642639160156250000000000000
965494.3715639793081209063529968261718750000000
-1056007.3163005879614502191543579101562500000000
-4706127.5435593863949179649353027343750000000000
-291115.3959125503897666931152343750000000000000
7269667.6337903663516044616699218750000000000000
-878263.8024703416740521788597106933593750000000
-4730626.5749000236392021179199218750000000000000
8081662.5588194588199257850646972656250000000000
6276394.1752016656100749969482421875000000000000
-7717794.0572531204670667648315429687500000000000
2354708.3547845683060586452484130859375000000000
-2938050.5274861212819814682006835937500000000000
3065360.9145285757258534431457519531250000000000
1800461.3060492344666272401809692382812500000000
5092987.4658349901437759399414062500000000000000
6217801.5620980644598603248596191406250000000000
-3778162.7870583352632820606231689453125000000000
-7206179.6280098818242549896240234375000000000000
8085383.8768644835799932479858398437500000000000
3789372.0956919165328145027160644531250000000000
-3201215.2933682673610746860504150390625000000000
2212280.3633505599573254585266113281250000000000
-2989189.5504100630059838294982910156250000000000
1010438.0247808530693873763084411621093750000000
-9535645.8118437696248292922973632812500000000000
801914.8329454573104158043861389160156250000000
3845569.8779634889215230941772460937500000000000
-2401422.0422495100647211074829101562500000000000
-3508652.1403334788046777248382568359375000000000
1426038.6076430163811892271041870117187500000000
-6735937.8527085725218057632446289062500000000000
-5443422.7174415998160839080810546875000000000000
-3734966.9840941051952540874481201171875000000000
-1067230.5849626357667148113250732421875000000000
-8375046.5811629947274923324584960937500000000000
-5657280.6000860566273331642150878906250000000000
2782860.5414214110933244228363037109375000000000
3649672.9013584339991211891174316406250000000000
-1100253.5362034754361957311630249023437500000000
-2287695.6811580895446240901947021484375000000000
3685047.0189906139858067035675048828125000000000
-3780426.1299625206738710403442382812500000000000
-3744863.0206457288004457950592041015625000000000
5887317.9677985068410634994506835937500000000000
-1341919.3861660917755216360092163085937500000000
-2875237.6518584536388516426086425781250000000000
3251339.4448029184713959693908691406250000000000
5507107.5969006652012467384338378906250000000000
1113207.6657798711676150560379028320312500000000
-858102.2546410383656620979309082031250000000000
5513128.8641555365175008773803710937500000000000
-333800.5336822998360730707645416259765625000000
565747.2514661443419754505157470703125000000000
630850.6880578245036303997039794921875000000000
7214196.8400888238102197647094726562500000000000
1496941.4115965375676751136779785156250000000000
-2504147.7421317230910062789916992187500000000000
3676106.0842018020339310169219970703125000000000
8278480.9280290426686406135559082031250000000000
-3398248.6523118792101740837097167968750000000000
-6956815.0318283373489975929260253906250000000000
170685.5395475957484450191259384155273437500000
2424193.5891561489552259445190429687500000000000
4243490.6522544631734490394592285156250000000000
-6620135.4778441768139600753784179687500000000000
1880693.1211242112331092357635498046875000000000
-2302422.6163802174851298332214355468750000000000
683899.6609801038866862654685974121093750000000
187986.6260135909542441368103027343750000000000
471929.0683284274418838322162628173828125000000
-4414358.8753494638949632644653320312500000000000
