-0.1826425733177002852514192454691510647535
58.1430645385723821050305559765547513961792
-2548.9493138469883888319600373506546020507812
41297.1564876976044615730643272399902343750000
-322456.7605704062152653932571411132812500000000
1311487.3145111368503421545028686523437500000000
-2517401.7035559602081775665283203125000000000000
202174.2583254797500558197498321533203125000000
8566735.3678894061595201492309570312500000000000
-15682024.0076743960380554199218750000000000000000
10056836.0026374049484729766845703125000000000000
1577156.2074471926316618919372558593750000000000
-3864829.5964109073393046855926513671875000000000
-8426222.1378363426774740219116210937500000000000
22542609.8077731989324092864990234375000000000000
-14718332.8414263259619474411010742187500000000000
1388238.7545185249764472246170043945312500000000
-7242206.4257348347455263137817382812500000000000
-620835.9582792459987103939056396484375000000000
24013699.0190035365521907806396484375000000000000
-21498969.6586350724101066589355468750000000000000
-1559448.2849069910589605569839477539062500000000
-1038074.5805266930256038904190063476562500000000
29118924.8109011165797710418701171875000000000000
-21652756.3299097269773483276367187500000000000000
-10367092.3265358358621597290039062500000000000000
21628059.4356079585850238800048828125000000000000
-2192807.8298479276709258556365966796875000000000
-10055402.6677257530391216278076171875000000000000
-12059025.5919185839593410491943359375000000000000
4096143.6701262407004833221435546875000000000000
6832717.8818993382155895233154296875000000000000
-1419666.6792958057485520839691162109375000000000
3353423.4910612786188721656799316406250000000000
810870.0090819274773821234703063964843750000000
1681296.4908191410358995199203491210937500000000
4612357.1382165392860770225524902343750000000000
-1059048.6032787696458399295806884765625000000000
-4411122.0761807570233941078186035156250000000000
3731490.4684507087804377079010009765625000000000
991904.0335365808568894863128662109375000000000
-2321744.8970980411395430564880371093750000000000
5352429.1989365061745047569274902343750000000000
-2765676.8601390537805855274200439453125000000000
-12520347.1396523490548133850097656250000000000000
4868696.1588503560051321983337402343750000000000
-12903089.3682641219347715377807617187500000000000
420485.6866911542601883411407470703125000000000
3658778.4587132204324007034301757812500000000000
1819099.7988045872189104557037353515625000000000
-51729.5519198267211322672665119171142578125000
14480138.7643031217157840728759765625000000000000
-1677476.5201009535230696201324462890625000000000
1249062.6661092417780309915542602539062500000000
2468176.9115465045906603336334228515625000000000
1760061.9963180050253868103027343750000000000000
-6017780.4055298985913395881652832031250000000000
-1392873.0038712497334927320480346679687500000000
-2105992.6555988574400544166564941406250000000000
-5015566.6092033442109823226928710937500000000000
2378949.1938782869838178157806396484375000000000
816083.8284720047377049922943115234375000000000
7870305.1579594193026423454284667968750000000000
462953.0719830239540897309780120849609375000000
2814711.6178220035508275032043457031250000000000
-2146631.9301805305294692516326904296875000000000
-5498850.1306624962016940116882324218750000000000
-14442042.6573330350220203399658203125000000000000
341765.9766157806734554469585418701171875000000
485730.2027317847241647541522979736328125000000
20379290.6023711077868938446044921875000000000000
540950.4986943643307313323020935058593750000000
-10628639.5589719116687774658203125000000000000000
5336368.0510219996795058250427246093750000000000
-419633.1939556679571978747844696044921875000000
-6456017.8686806261539459228515625000000000000000
-4653049.2318777600303292274475097656250000000000
-5937474.1190454736351966857910156250000000000000
15703687.3863791991025209426879882812500000000000
-6285792.9204265130683779716491699218750000000000
-68287.8850039672979619354009628295898437500000
-5397513.2028863597661256790161132812500000000000
4481584.9660942917689681053161621093750000000000
-3992038.8484484367072582244873046875000000000000
-4854785.0054135983809828758239746093750000000000
11142649.8578931447118520736694335937500000000000
10767918.9943277295678853988647460937500000000000
-2851377.6827220483683049678802490234375000000000
7918421.7544257976114749908447265625000000000000
5925415.2071041390299797058105468750000000000000
3964417.6623018370009958744049072265625000000000
2733958.1419799705035984516143798828125000000000
-3599158.6225229734554886817932128906250000000000
-5393134.8260112935677170753479003906250000000000
-17899196.6690505295991897583007812500000000000000
-5238229.9820428816601634025573730468750000000000
-4426005.5824754834175109863281250000000000000000
4277353.5625123484060168266296386718750000000000
4312962.0241129826754331588745117187500000000000
-4550637.2664794623851776123046875000000000000000
8531666.9359966367483139038085937500000000000000
3824986.3905565976165235042572021484375000000000
-11060533.7703304700553417205810546875000000000000
-7008212.2900496600195765495300292968750000000000
-10317099.2342625409364700317382812500000000000000
-660349.9263855243334546685218811035156250000000
9700679.8222336415201425552368164062500000000000
6151779.6952669182792305946350097656250000000000
4714700.5382293602451682090759277343750000000000
-1313921.9220107777509838342666625976562500000000
-3617372.7632398498244583606719970703125000000000
-6812722.9682696731761097908020019531250000000000
9231523.4905487429350614547729492187500000000000
3934566.6810431084595620632171630859375000000000
8842062.3191213645040988922119140625000000000000
-5601623.7326566819101572036743164062500000000000
12781104.8426528330892324447631835937500000000000
969481.5188701457809656858444213867187500000000
-8216159.9444777956232428550720214843750000000000
4256580.1597899906337261199951171875000000000000
-12923037.5482480283826589584350585937500000000000
1571739.3046899531036615371704101562500000000000
2830758.2486265851184725761413574218750000000000
-5946599.0780282383784651756286621093750000000000
10357926.0092155560851097106933593750000000000000
-5072966.7988813482224941253662109375000000000000
10489001.3478139918297529220581054687500000000000
1704265.9660300409886986017227172851562500000000
1196343.0339628090150654315948486328125000000000
-234293.3359255128598306328058242797851562500000
-5233166.2171928202733397483825683593750000000000
-733178.2333320708712562918663024902343750000000
-14608302.0429285950958728790283203125000000000000
9146150.0459840465337038040161132812500000000000
-7318561.0724791791290044784545898437500000000000
1697767.0020105903968214988708496093750000000000
-11430524.3189580962061882019042968750000000000000
-8298180.6473323712125420570373535156250000000000
8470405.6317360475659370422363281250000000000000
-2820659.7511081844568252563476562500000000000000
7110016.6073571341112256050109863281250000000000
2379440.2974033122882246971130371093750000000000
-7684707.9516806695610284805297851562500000000000
-4495451.8475153464823961257934570312500000000000
4933594.7205784935504198074340820312500000000000
16480288.3786514680832624435424804687500000000000
4078977.2167629133909940719604492187500000000000
20070862.6738419868052005767822265625000000000000
-20525051.9827485047280788421630859375000000000000
2465393.7706105723045766353607177734375000000000
1113662.3235676940530538558959960937500000000000
-1048321.8377407200168818235397338867187500000000
-12465841.3960967902094125747680664062500000000000
-697971.7752468143589794635772705078125000000000
-462011.8886969358427450060844421386718750000000
-3532969.2605414399877190589904785156250000000000
-15854.2452543084000353701412677764892578125000
3942618.5370210115797817707061767578125000000000
23514908.7805699296295642852783203125000000000000
-5114754.0728895673528313636779785156250000000000
-7607071.9630281431600451469421386718750000000000
3481431.1891055856831371784210205078125000000000
9271584.3342106863856315612792968750000000000000
-4469827.7578383423388004302978515625000000000000
12585371.5771301668137311935424804687500000000000
-1002145.7807558577042073011398315429687500000000
-4144608.1238672747276723384857177734375000000000
-6009122.2830642703920602798461914062500000000000
-2538226.1612902525812387466430664062500000000000
-2185417.4988300856202840805053710937500000000000
-11293005.4478451181203126907348632812500000000000
-1195989.3885587360709905624389648437500000000000
-9998219.7578763142228126525878906250000000000000
3307837.8441760661080479621887207031250000000000
5443166.2079272512346506118774414062500000000000
-8587873.6629797816276550292968750000000000000000
-3075013.9956141714937984943389892578125000000000
6198573.2995965732261538505554199218750000000000
-12071924.8451849669218063354492187500000000000000
354842.4078973748837597668170928955078125000000
-449577.4363692401675507426261901855468750000000
1911357.8547436692751944065093994140625000000000
2041585.1184293979313224554061889648437500000000
-10211059.8111244067549705505371093750000000000000
-18018701.4760496653616428375244140625000000000000
6340884.7709822058677673339843750000000000000000
3083532.2270532981492578983306884765625000000000
-980645.5334883136674761772155761718750000000000
702049.8287765409331768751144409179687500000000
20371875.5838637873530387878417968750000000000000
-5178816.5625443691387772560119628906250000000000
-3765931.7418164685368537902832031250000000000000
-4791763.1090700821951031684875488281250000000000
8654340.7082170378416776657104492187500000000000
-3424095.2049414007924497127532958984375000000000
4058013.7407103315927088260650634765625000000000
17981408.7804403118789196014404296875000000000000
-2292042.9203943046741187572479248046875000000000
3493556.2156099397689104080200195312500000000000
14951227.3071840628981590270996093750000000000000
175892.8111861195066012442111968994140625000000
-3609923.0650176359340548515319824218750000000000
-7179370.4574081366881728172302246093750000000000
-10419903.7382812276482582092285156250000000000000
15609782.9838217236101627349853515625000000000000
-6518741.3628340912982821464538574218750000000000
1255867.4234615869354456663131713867187500000000
7433474.0989309921860694885253906250000000000000
-462103.2198647605837322771549224853515625000000
6513514.4097615936771035194396972656250000000000
900622.8711288922931998968124389648437500000000
6605846.6031177099794149398803710937500000000000
-444592.2908553113229572772979736328125000000000
7999038.7605625791475176811218261718750000000000
12544408.4663354624062776565551757812500000000000
4401455.4097665566951036453247070312500000000000
-146896.2064414686465170234441757202148437500000
1066255.3182815767358988523483276367187500000000
-18394623.5278092138469219207763671875000000000000
1837824.8332297045271843671798706054687500000000
-9367426.6291259005665779113769531250000000000000
-4267685.0433178460225462913513183593750000000000
-8943093.0608622021973133087158203125000000000000
8782688.6550355963408946990966796875000000000000
-4022152.7334686839021742343902587890625000000000
-6257360.2439618743956089019775390625000000000000
8609886.8874548878520727157592773437500000000000
5496574.7038377625867724418640136718750000000000
-5315306.7292129816487431526184082031250000000000
4742215.9531215038150548934936523437500000000000
-1246352.0456190246623009443283081054687500000000
-10925028.6821583714336156845092773437500000000000
2551507.7163201989606022834777832031250000000000
-1528257.9072795377578586339950561523437500000000
-4640888.3933493336662650108337402343750000000000
-2352233.0051590981893241405487060546875000000000
-10449792.5286100730299949645996093750000000000000
16147868.1594439409673213958740234375000000000000
-1365201.9752419681753963232040405273437500000000
-5541643.4930858705192804336547851562500000000000
-1852649.0598902064375579357147216796875000000000
-10463897.6370601244270801544189453125000000000000
-4224871.2518752245232462882995605468750000000000
-2589446.3912065438926219940185546875000000000000
-510238.4280973766581155359745025634765625000000
-10931852.5999669767916202545166015625000000000000
-4591412.4155907649546861648559570312500000000000
2034377.9121758542023599147796630859375000000000
5468512.7941284393891692161560058593750000000000
5940919.4609889592975378036499023437500000000000
-11784343.0317905601114034652709960937500000000000
395638.7098930460051633417606353759765625000000
6315634.1214326824992895126342773437500000000000
-1724897.6315265961457043886184692382812500000000
369396.8317500340635888278484344482421875000000
-12887308.8670318648219108581542968750000000000000
-3289590.5150907011702656745910644531250000000000
3855802.4501551822759211063385009765625000000000
-10330282.1655530836433172225952148437500000000000
-6064578.6071592001244425773620605468750000000000
9041123.3188402503728866577148437500000000000000
9307803.3905186038464307785034179687500000000000
2309409.2824877332895994186401367187500000000000
4950887.1949859121814370155334472656250000000000
12415236.1122526749968528747558593750000000000000
149798.4110498615482356399297714233398437500000
-8572081.7749433703720569610595703125000000000000
893645.0464141697157174348831176757812500000000
9203570.9314746316522359848022460937500000000000
-4179363.7812203094363212585449218750000000000000
6636014.2426211889833211898803710937500000000000
-1041674.8309497680747881531715393066406250000000
6585658.7136276075616478919982910156250000000000
6559814.4478221414610743522644042968750000000000
-5816052.5626480458304286003112792968750000000000
12800155.6891129743307828903198242187500000000000
662075.2703510605497285723686218261718750000000
3774310.8203019471839070320129394531250000000000
-1481589.7409966825507581233978271484375000000000
3796861.7817662395536899566650390625000000000000
-871794.4799802280031144618988037109375000000000
1107501.9841412727255374193191528320312500000000
-1663783.1105816194321960210800170898437500000000
3745964.7871285933069884777069091796875000000000
2178991.2537937583401799201965332031250000000000
-7185582.7459157723933458328247070312500000000000
-350833.3413582948851399123668670654296875000000
-8601496.8736084252595901489257812500000000000000
55433.6952097375688026659190654754638671875000
732713.1988721416564658284187316894531250000000
9850500.5870295632630586624145507812500000000000
-8853234.4291594866663217544555664062500000000000
-2404412.0500739780254662036895751953125000000000
11830501.2661903221160173416137695312500000000000
-15856508.2936673052608966827392578125000000000000
-3103117.4701620563864707946777343750000000000000
2775424.7154197935014963150024414062500000000000
-1818356.3591767749749124050140380859375000000000
3506898.5321921957656741142272949218750000000000
-2188600.0395448147319257259368896484375000000000
7442258.4604503717273473739624023437500000000000
5824050.3909406131133437156677246093750000000000
-5535530.7586167184635996818542480468750000000000
-5242928.4234565505757927894592285156250000000000
-4312297.5220514954999089241027832031250000000000
6878025.1083726566284894943237304687500000000000
767796.0563067236216738820075988769531250000000
4917171.4395155105739831924438476562500000000000
-5466792.3637043759226799011230468750000000000000
-1638996.5672695569228380918502807617187500000000
166628.7259492965822573751211166381835937500000
-460370.5659185757394880056381225585937500000000
3670133.3384185158647596836090087890625000000000
7902873.2873247340321540832519531250000000000000
-1018782.3209119674284011125564575195312500000000
4334655.3470923127606511116027832031250000000000
-9171625.9683325197547674179077148437500000000000
-4391550.3959622532129287719726562500000000000000
8541016.2247745729982852935791015625000000000000
-1882674.0498839442152529954910278320312500000000
-1167723.2300397069193422794342041015625000000000
6408102.0186834810301661491394042968750000000000
-14540113.9554229732602834701538085937500000000000
-228475.7165383879910223186016082763671875000000
1386610.1452315018977969884872436523437500000000
6385364.1874202759936451911926269531250000000000
5278619.5082536153495311737060546875000000000000
-1371926.4834734871983528137207031250000000000000
5875417.8398182569071650505065917968750000000000
-7309303.3747859830036759376525878906250000000000
1164892.8127580804284662008285522460937500000000
-4922772.2674755575135350227355957031250000000000
7586725.8343945899978280067443847656250000000000
-1864495.9276281262282282114028930664062500000000
-4314881.4522650968283414840698242187500000000000
-2460550.7021444696001708507537841796875000000000
-4532788.1609840458258986473083496093750000000000
-4464369.8380332197993993759155273437500000000000
2669925.2138471039943397045135498046875000000000
1221309.6385071685072034597396850585937500000000
-6166919.5335830403491854667663574218750000000000
4934340.7276856629177927970886230468750000000000
4474906.1519233984872698783874511718750000000000
-1648746.0143204419873654842376708984375000000000
716310.1047685293015092611312866210937500000000
-3401566.8241161121986806392669677734375000000000
-746598.4642530585406348109245300292968750000000
-8458726.6024035159498453140258789062500000000000
7743711.8472942337393760681152343750000000000000
3395975.2813904504291713237762451171875000000000
-1308841.5929396247956901788711547851562500000000
4685898.5994223346933722496032714843750000000000
6695106.9587222971022129058837890625000000000000
6674628.2750691156834363937377929687500000000000
-5605906.8697003675624728202819824218750000000000
1844253.6475263785105198621749877929687500000000
-2802879.5543537773191928863525390625000000000000
-7788168.2944649513810873031616210937500000000000
-3508993.2939524282701313495635986328125000000000
4001154.5522548165172338485717773437500000000000
-2487877.8022095789201557636260986328125000000000
-1147026.6735513049643486738204956054687500000000
-6539716.9819746157154440879821777343750000000000
-1795735.7230754347983747720718383789062500000000
-6789333.4357646014541387557983398437500000000000
-7694092.5203936323523521423339843750000000000000
8773733.9761595260351896286010742187500000000000
5274224.2504783421754837036132812500000000000000
1664310.0815410614013671875000000000000000000000
3445670.3617582940496504306793212890625000000000
1289141.6745218278374522924423217773437500000000
2718433.6135983699932694435119628906250000000000
3614096.5609421846456825733184814453125000000000
-6252599.6910236598923802375793457031250000000000
3360813.3200181890279054641723632812500000000000
2296804.9473126716911792755126953125000000000000
75428.6684159413853194564580917358398437500000
652174.8853035608772188425064086914062500000000
1081927.5706876961048692464828491210937500000000
2556415.6577624045312404632568359375000000000000
999747.5083807477494701743125915527343750000000
5838324.1169561548158526420593261718750000000000
-359955.4759221781860105693340301513671875000000
365318.7328001954592764377593994140625000000000
-6441491.4674601666629314422607421875000000000000
5887114.2249297015368938446044921875000000000000
1331571.7044646574649959802627563476562500000000
-1674511.9867044962011277675628662109375000000000
-3167037.0597275965847074985504150390625000000000
-3049867.1769580123946070671081542968750000000000
-3511141.7705033961683511734008789062500000000000
-190584.5523854821803979575634002685546875000000
-937632.4510670452145859599113464355468750000000
-7418176.1575563987717032432556152343750000000000
-1611201.0198488535825163125991821289062500000000
-7078453.4748274181038141250610351562500000000000
-3606652.2877635918557643890380859375000000000000
5456661.3972319979220628738403320312500000000000
-8140797.6284180441871285438537597656250000000000
-5290208.4219942558556795120239257812500000000000
690905.9269570710603147745132446289062500000000
-2368117.3746148440986871719360351562500000000000
2394709.5215705959126353263854980468750000000000
-4246601.5018922165036201477050781250000000000000
-10974835.7869143132120370864868164062500000000000
3541753.3791384575888514518737792968750000000000
-3494070.2731683109886944293975830078125000000000
-781323.1006016562459990382194519042968750000000
-1605682.3268876781221479177474975585937500000000
-8325158.8283856417983770370483398437500000000000
5044674.1326945740729570388793945312500000000000
1802371.3173569890204817056655883789062500000000
5694166.9251139992848038673400878906250000000000
6256879.2681366633623838424682617187500000000000
2952213.1374470000155270099639892578125000000000
4053284.1707406030036509037017822265625000000000
2473669.4735358878970146179199218750000000000000
4134092.8038037382066249847412109375000000000000
4522491.9071491975337266921997070312500000000000
6034022.7869574427604675292968750000000000000000
995856.4387260206276550889015197753906250000000
3097930.8681317782029509544372558593750000000000
5684541.4781872853636741638183593750000000000000
5992995.6074747061356902122497558593750000000000
-1857636.3435928556136786937713623046875000000000
-1710767.0295173372142016887664794921875000000000
2669283.5097577194683253765106201171875000000000
3037367.8474060860462486743927001953125000000000
-663701.1152096870355308055877685546875000000000
-8678808.0840830933302640914916992187500000000000
4674321.6352038513869047164916992187500000000000
359017.6999803197104483842849731445312500000000
-11396550.5889699291437864303588867187500000000000
3815636.0380903347395360469818115234375000000000
-5949465.2977359378710389137268066406250000000000
3752584.9590649460442364215850830078125000000000
-1873928.3489978911820799112319946289062500000000
4700234.9348269496113061904907226562500000000000
2811869.9341941154561936855316162109375000000000
2494075.6789662288501858711242675781250000000000
4544750.2226330759003758430480957031250000000000
-701128.6184551236219704151153564453125000000000
-4282145.3441880829632282257080078125000000000000
-314095.0600125698838382959365844726562500000000
6158613.7058870550245046615600585937500000000000
3397723.2103825942613184452056884765625000000000
-355011.0680954856798052787780761718750000000000
-375093.5407550674281083047389984130859375000000
-3139760.2136428630910813808441162109375000000000
-275075.2653324323473498225212097167968750000000
4603658.2378562241792678833007812500000000000000
-2548330.5878054867498576641082763671875000000000
1192805.3293903972953557968139648437500000000000
-6834374.9278784925118088722229003906250000000000
555592.1982845520833507180213928222656250000000
8386253.9060624679550528526306152343750000000000
-2231279.9646967421285808086395263671875000000000
294504.8656415381119586527347564697265625000000
1339795.4264013753272593021392822265625000000000
-614386.5430448465049266815185546875000000000000
-7812150.3646501926705241203308105468750000000000
-1172462.0629658785182982683181762695312500000000
141477.8127270666009280830621719360351562500000
2589791.7357959230430424213409423828125000000000
2224226.1353055536746978759765625000000000000000
475381.1739234420820139348506927490234375000000
-499437.1066060768789611756801605224609375000000
-3382402.0535929752513766288757324218750000000000
1368462.1948170484974980354309082031250000000000
2340070.3290189569815993309020996093750000000000
-2555707.9594470127485692501068115234375000000000
-5588837.6806531222537159919738769531250000000000
861878.9382783430628478527069091796875000000000
2497699.2150619691237807273864746093750000000000
-1639790.4797769486904144287109375000000000000000
1346754.8659643512219190597534179687500000000000
-5337856.3520319303497672080993652343750000000000
-321642.5357604035525582730770111083984375000000
491773.9473151444690302014350891113281250000000
-3813361.4057000139728188514709472656250000000000
-1479368.4980643517337739467620849609375000000000
923393.3961799766402691602706909179687500000000
2076737.1677536086644977331161499023437500000000
4908941.7527554491534829139709472656250000000000
1634516.5498710651881992816925048828125000000000
2569020.8504804549738764762878417968750000000000
-1068733.4024954792112112045288085937500000000000
1533391.7594097792170941829681396484375000000000
-405384.5003824521554633975028991699218750000000
6969368.9305565310642123222351074218750000000000
383471.7863245102926157414913177490234375000000
6896690.6906373463571071624755859375000000000000
-2813728.5596539909020066261291503906250000000000
-6624344.5692486139014363288879394531250000000000
-2779455.2187266368418931961059570312500000000000
-1501832.5126127686817198991775512695312500000000
-379653.5744594775605946779251098632812500000000
6569746.7580292746424674987792968750000000000000
665678.8243514953646808862686157226562500000000
-2901152.1390248574316501617431640625000000000000
-4007843.5705743366852402687072753906250000000000
1418729.6376884034834802150726318359375000000000
-1056593.7079584738239645957946777343750000000000
4403955.3592393649742007255554199218750000000000
-2756215.0437195482663810253143310546875000000000
-3566199.6115139573812484741210937500000000000000
5333568.1951263472437858581542968750000000000000
-1833951.0188759223092347383499145507812500000000
-542727.6833753251703456044197082519531250000000
4585903.4433272778987884521484375000000000000000
1260012.2194792982190847396850585937500000000000
-7001071.7857029093429446220397949218750000000000
-3474236.1904588444158434867858886718750000000000
-601692.4593034479767084121704101562500000000000
3203042.8563050599768757820129394531250000000000
-1632019.9373643868602812290191650390625000000000
-2968525.1130992332473397254943847656250000000000
2805767.4622643771581351757049560546875000000000
-5444761.2301192013546824455261230468750000000000
460159.0112145667662844061851501464843750000000
-1689665.8464488780591636896133422851562500000000
-1160898.2221660371869802474975585937500000000000
-1853336.6246359758079051971435546875000000000000
-1616166.3311566999182105064392089843750000000000
1329317.4124022338073700666427612304687500000000
1625793.4856799249537289142608642578125000000000
-158357.2777713346295058727264404296875000000000
-1520659.8695714110508561134338378906250000000000
661207.7709263819269835948944091796875000000000
-1060988.1260901528876274824142456054687500000000
3175256.0512498132884502410888671875000000000000
-4314863.1163331586867570877075195312500000000000
-3172558.0519488826394081115722656250000000000000
2977478.0321113420650362968444824218750000000000
36347.7769823420385364443063735961914062500000
-135876.5133834563894197344779968261718750000000
-2939223.4969890057109296321868896484375000000000
-5434120.9464008780196309089660644531250000000000
670891.8813804294914007186889648437500000000000
-6589448.5199605748057365417480468750000000000000
-4950537.3079184684902429580688476562500000000000
973691.0787952907849103212356567382812500000000
4028468.9933242863044142723083496093750000000000
4096528.1721318573690950870513916015625000000000
4415676.5868565998971462249755859375000000000000
-2830224.0566676035523414611816406250000000000000
900843.2459352293517440557479858398437500000000
-751533.0315205071819946169853210449218750000000
-685248.2874381766887381672859191894531250000000
126472.5535957594402134418487548828125000000000
-2168608.7133857253938913345336914062500000000000
-366345.5101046728086657822132110595703125000000
-3719178.7291664509102702140808105468750000000000
-1545695.9299138910137116909027099609375000000000
-1354090.7496521740686148405075073242187500000000
-3583331.7591041978448629379272460937500000000000
3400645.4185127019882202148437500000000000000000
1849609.6321960282512009143829345703125000000000
632683.1096220983890816569328308105468750000000
2724301.7572599374689161777496337890625000000000
3915973.1588025535456836223602294921875000000000
-380297.6663902145228348672389984130859375000000
6088472.5143235055729746818542480468750000000000
5583336.6377775277942419052124023437500000000000
1803452.4857489359565079212188720703125000000000
-280108.2098328375141136348247528076171875000000
5687908.5452420962974429130554199218750000000000
-459608.5201209551305510103702545166015625000000
1999752.4153251107782125473022460937500000000000
4569429.9887708369642496109008789062500000000000
-3740863.4050078629516065120697021484375000000000
425447.4552262122742831707000732421875000000000
668191.3299383553676307201385498046875000000000
2450239.5404241676442325115203857421875000000000
128117.3616036522871581837534904479980468750000
176844.4179419828287791460752487182617187500000
-3327650.6930406847968697547912597656250000000000
-1354568.3502466192003339529037475585937500000000
-1292600.6960007955785840749740600585937500000000
2877892.5057127126492559909820556640625000000000
931321.2715975627070292830467224121093750000000
4750757.1562922392040491104125976562500000000000
-1824474.4317752474453300237655639648437500000000
2024973.3619844657368957996368408203125000000000
-1028578.0124125860165804624557495117187500000000
3397817.7202910054475069046020507812500000000000
2575759.7469570729881525039672851562500000000000
1065869.0196802476420998573303222656250000000000
-877901.0593433636240661144256591796875000000000
-4595671.6597620034590363502502441406250000000000
-814450.2887192121706902980804443359375000000000
-4263652.2943129651248455047607421875000000000000
-3983626.7856191610917448997497558593750000000000
-1273237.9428673672955483198165893554687500000000
-1961946.4860166432335972785949707031250000000000
-883381.1607837287010625004768371582031250000000
-1126795.5025421059690415859222412109375000000000
-1689776.6784772546961903572082519531250000000000
1767971.5219841070938855409622192382812500000000
-3450815.9534740447998046875000000000000000000000
1559242.2170198783278465270996093750000000000000
-382224.6525749142165295779705047607421875000000
-1367539.5991934000048786401748657226562500000000
3431708.5187873956747353076934814453125000000000
2514007.5780048361048102378845214843750000000000
2656769.0909141767770051956176757812500000000000
1477525.7495363564230501651763916015625000000000
-1108294.1592462218832224607467651367187500000000
-326834.6862609094823710620403289794921875000000
-63214.7340411727636819705367088317871093750000
-3000572.5200311383232474327087402343750000000000
1393682.8347696173004806041717529296875000000000
-5311484.8645535865798592567443847656250000000000
-2299243.6037951377220451831817626953125000000000
3076314.0778489820659160614013671875000000000000
-2381800.7068149615079164505004882812500000000000
2145836.6908169654197990894317626953125000000000
1177882.4163753730244934558868408203125000000000
-583811.4304084021132439374923706054687500000000
-903417.5437690542312338948249816894531250000000
-1048643.3425621700007468461990356445312500000000
5956901.4037884911522269248962402343750000000000
1848697.6277500668074935674667358398437500000000
-2312351.1424236618913710117340087890625000000000
4308760.9681907687336206436157226562500000000000
-343897.8294215619098395109176635742187500000000
-1025189.5879646547837182879447937011718750000000
-1244536.1108335156459361314773559570312500000000
-1633725.1355733578093349933624267578125000000000
-3784508.5763982459902763366699218750000000000000
6058824.6734908716753125190734863281250000000000
-2697773.7168808919377624988555908203125000000000
-2356433.0021448181942105293273925781250000000000
3157744.7984490711241960525512695312500000000000
2283199.5210941997356712818145751953125000000000
-2897177.8479361901991069316864013671875000000000
-489405.4030597374658100306987762451171875000000
-1250651.7124951046425849199295043945312500000000
4713592.3786164158955216407775878906250000000000
-954548.9638726877747103571891784667968750000000
-1024789.7271823873743414878845214843750000000000
607737.8828948956215754151344299316406250000000
-2632233.8027959405444562435150146484375000000000
-1767928.9902136647142469882965087890625000000000
-1513710.0972850567195564508438110351562500000000
4369008.2373108128085732460021972656250000000000
89688.8439074724446982145309448242187500000000
2375088.1021828046068549156188964843750000000000
-1131036.4187842577230185270309448242187500000000
-144521.3391063615272287279367446899414062500000
3531963.1711611258797347545623779296875000000000
138611.3919731745263561606407165527343750000000
-2850503.4710051449947059154510498046875000000000
144829.5424664242018479853868484497070312500000
1228677.9332138407044112682342529296875000000000
-4266516.2214163579046726226806640625000000000000
-447614.4262531246058642864227294921875000000000
2949309.8800442079082131385803222656250000000000
263365.5899542135302908718585968017578125000000
2923325.7217175797559320926666259765625000000000
-3203292.5143533409573137760162353515625000000000
1519420.8376672726590186357498168945312500000000
1913273.1891705952584743499755859375000000000000
1653657.5414244027342647314071655273437500000000
756779.5069673792459070682525634765625000000000
1790932.3083266085013747215270996093750000000000
-1206075.1937681618146598339080810546875000000000
360667.0789444651454687118530273437500000000000
-1069147.5363674587570130825042724609375000000000
-1261065.3852544112596660852432250976562500000000
-770237.5788760225987061858177185058593750000000
-7789997.2312826951965689659118652343750000000000
980043.6516671208664774894714355468750000000000
746765.1251425071386620402336120605468750000000
-1730772.5565511686727404594421386718750000000000
-2302070.5588408107869327068328857421875000000000
224939.4623657826450653374195098876953125000000
-674754.8237672011600807309150695800781250000000
-3040037.7974891364574432373046875000000000000000
2032452.4241232008207589387893676757812500000000
234503.4175797751522623002529144287109375000000
-300075.0962826330214738845825195312500000000000
1239456.5981548014096915721893310546875000000000
3444202.7434549406170845031738281250000000000000
-2364879.7109353151172399520874023437500000000000
1217114.0610930607654154300689697265625000000000
1226440.8588002817705273628234863281250000000000
-1974641.7651495758909732103347778320312500000000
1288010.1463686136994510889053344726562500000000
-1955343.6079683890566229820251464843750000000000
1663250.3307639467529952526092529296875000000000
-82606.8487000571039970964193344116210937500000
519039.3474107557558454573154449462890625000000
3744933.4912370988167822360992431640625000000000
-2227632.9330474147573113441467285156250000000000
1426924.2212959094904363155364990234375000000000
565127.6874242953490465879440307617187500000000
1281392.9895622415933758020401000976562500000000
-2062366.9665607041679322719573974609375000000000
921630.7780185297597199678421020507812500000000
1662907.7658632986713200807571411132812500000000
-181885.7663303911685943603515625000000000000000
-2724463.2538347695954144001007080078125000000000
858346.5330236463341861963272094726562500000000
-1189663.5241423691622912883758544921875000000000
-2807887.7024126742035150527954101562500000000000
-1173575.1878740687388926744461059570312500000000
-64824.9975278880010591819882392883300781250000
870307.9602403496392071247100830078125000000000
-619358.9227708021644502878189086914062500000000
2325137.0070553645491600036621093750000000000000
-1077520.8117731967940926551818847656250000000000
983476.8434988356893882155418395996093750000000
-520232.9410035238252021372318267822265625000000
-1697607.1871558418497443199157714843750000000000
2148035.3381121470592916011810302734375000000000
-319485.3062608410255052149295806884765625000000
-3979290.9959342153742909431457519531250000000000
-525381.4562926159705966711044311523437500000000
-446490.5930124670267105102539062500000000000000
440866.9362655404838733375072479248046875000000
575214.9128392905695363879203796386718750000000
1551071.0680079979356378316879272460937500000000
2043167.6335853065829724073410034179687500000000
1394054.2184899239800870418548583984375000000000
330446.2656623593647964298725128173828125000000
-221065.5325668113946449011564254760742187500000
-2196190.2971641579642891883850097656250000000000
-2477786.0100487652234733104705810546875000000000
2527277.1801407416351139545440673828125000000000
340302.3414032072178088128566741943359375000000
-842665.7277394741540774703025817871093750000000
15022.6199205471602908801287412643432617187500
677448.0844112081686034798622131347656250000000
-986874.1909124914091080427169799804687500000000
1236283.1007448856253176927566528320312500000000
1558216.7761892098933458328247070312500000000000
2297764.5943589806556701660156250000000000000000
482709.7275573153747245669364929199218750000000
-3337557.7465264145284891128540039062500000000000
-825485.0462492138613015413284301757812500000000
3933317.8149482603184878826141357421875000000000
1761898.9655864192172884941101074218750000000000
-375057.5605306797078810632228851318359375000000
-324342.8875677181058563292026519775390625000000
-202179.0842212809948250651359558105468750000000
-308099.4552110422519035637378692626953125000000
692107.5854856926016509532928466796875000000000
404861.0622863653698004782199859619140625000000
-1128019.2287719724699854850769042968750000000000
-2380904.3689011004753410816192626953125000000000
-162827.5106327676912769675254821777343750000000
3423.5029314976241039403248578310012817382812
697544.4866949501447379589080810546875000000000
2163765.4534494490362703800201416015625000000000
-1588840.3981512838508933782577514648437500000000
470339.0830310719320550560951232910156250000000
-767113.6174791397061198949813842773437500000000
252379.5451616174832452088594436645507812500000
649282.5287620099261403083801269531250000000000
-1577186.9857300096191465854644775390625000000000
-49254.6349614309510798193514347076416015625000
973923.3718460992677137255668640136718750000000
-1330504.0716514000669121742248535156250000000000
17811.6752630341907206457108259201049804687500
-980192.8764407716225832700729370117187500000000
-686207.5458392023574560880661010742187500000000
-967726.8038497224915772676467895507812500000000
-595738.1691147768869996070861816406250000000000
1411678.6487657593097537755966186523437500000000
2014884.6031011778395622968673706054687500000000
1234848.9326298148371279239654541015625000000000
2518244.8281445340253412723541259765625000000000
-4637629.3296866640448570251464843750000000000000
-2056661.4135314594022929668426513671875000000000
-3008900.9150323714129626750946044921875000000000
-149720.4470371820789296180009841918945312500000
2841487.1388488444499671459197998046875000000000
1296327.9106644147541373968124389648437500000000
-682835.5911337854340672492980957031250000000000
1676839.2470267938915640115737915039062500000000
-223364.2438347314600832760334014892578125000000
1108673.0390580110251903533935546875000000000000
317606.8299598644371144473552703857421875000000
414051.6268908287165686488151550292968750000000
307119.9657072662957943975925445556640625000000
-361288.9378405964816920459270477294921875000000
-1899988.0771634657867252826690673828125000000000
811766.3393675135448575019836425781250000000000
803720.2020635175285860896110534667968750000000
505516.7376090413890779018402099609375000000000
-1180945.0297607234679162502288818359375000000000
594550.1633295613573864102363586425781250000000
-1481521.6833380688913166522979736328125000000000
3158395.2727336538955569267272949218750000000000
-1271926.2256000640336424112319946289062500000000
-369956.2659090491943061351776123046875000000000
-463605.9547409494407474994659423828125000000000
1164066.1917064345907419919967651367187500000000
-218864.5225957759248558431863784790039062500000
-1156996.0556057009380310773849487304687500000000
