-6.6285319239806836932871192402672022581100
2126.4029255799764541734475642442703247070312
-222926.1497746847162488847970962524414062500000
10899494.1374977007508277893066406250000000000000
-303881712.8171991109848022460937500000000000000000
5408619096.5763921737670898437500000000000000000000
-65731912190.4959259033203125000000000000000000000000
568516155860.2416992187500000000000000000000000000000
-3585501112398.6879882812500000000000000000000000000000
16670207879318.2128906250000000000000000000000000000000
-57016974108991.3828125000000000000000000000000000000000
140919542949536.7500000000000000000000000000000000000000
-241735510869951.8437500000000000000000000000000000000000
269369461761356.7812500000000000000000000000000000000000
-202830375777558.5625000000000000000000000000000000000000
257192176195557.0000000000000000000000000000000000000000
-541757608845122.9375000000000000000000000000000000000000
447438219461253.8750000000000000000000000000000000000000
534937433957156.2500000000000000000000000000000000000000
-1179584955284968.7500000000000000000000000000000000000000
264725323276227.7187500000000000000000000000000000000000
429255208799271.2500000000000000000000000000000000000000
462167837114071.3125000000000000000000000000000000000000
-653654997863621.7500000000000000000000000000000000000000
-79201354859172.4843750000000000000000000000000000000000
-365490124432541.1875000000000000000000000000000000000000
246902845822425.6250000000000000000000000000000000000000
689942443970381.7500000000000000000000000000000000000000
-49988974651208.9921875000000000000000000000000000000000
-336838441176162.0000000000000000000000000000000000000000
530795873160174.0000000000000000000000000000000000000000
-960619997648246.7500000000000000000000000000000000000000
-574797164870952.7500000000000000000000000000000000000000
120672880903834.7812500000000000000000000000000000000000
1186787523867490.7500000000000000000000000000000000000000
18935038810578.8242187500000000000000000000000000000000
1019020851388365.8750000000000000000000000000000000000000
-825129792044413.5000000000000000000000000000000000000000
-228855443762600.9687500000000000000000000000000000000000
-1158219740676046.7500000000000000000000000000000000000000
-175845111111453.5000000000000000000000000000000000000000
21640504586525.3945312500000000000000000000000000000000
142381524872723.3750000000000000000000000000000000000000
611057897691100.0000000000000000000000000000000000000000
882571514224129.0000000000000000000000000000000000000000
632508928328438.3750000000000000000000000000000000000000
434044764206883.1875000000000000000000000000000000000000
-751710124315089.3750000000000000000000000000000000000000
-727090865763213.3750000000000000000000000000000000000000
-948722516178617.1250000000000000000000000000000000000000
-535875391364001.1875000000000000000000000000000000000000
569215915610772.2500000000000000000000000000000000000000
-846567414628468.2500000000000000000000000000000000000000
415596317930768.7500000000000000000000000000000000000000
45575069366984.6015625000000000000000000000000000000000
1716088180037139.7500000000000000000000000000000000000000
-83597008575371.6875000000000000000000000000000000000000
812091142347047.2500000000000000000000000000000000000000
304501958987890.9375000000000000000000000000000000000000
-169575523628077.9062500000000000000000000000000000000000
-430813582062388.1875000000000000000000000000000000000000
-938463992614168.7500000000000000000000000000000000000000
-569219106998009.0000000000000000000000000000000000000000
154017160333179.8125000000000000000000000000000000000000
-357086800026123.0625000000000000000000000000000000000000
-843258440480648.1250000000000000000000000000000000000000
-251938278811027.7187500000000000000000000000000000000000
-656962833899623.2500000000000000000000000000000000000000
1264645463457392.5000000000000000000000000000000000000000
-6468345869246.6328125000000000000000000000000000000000
1608328741986306.7500000000000000000000000000000000000000
1148758179964495.5000000000000000000000000000000000000000
47532576447145.2109375000000000000000000000000000000000
-198788859531283.9687500000000000000000000000000000000000
-397601020644906.6875000000000000000000000000000000000000
-478665131496388.1875000000000000000000000000000000000000
244861876016012.6250000000000000000000000000000000000000
414009068311048.7500000000000000000000000000000000000000
-487103602083639.5000000000000000000000000000000000000000
-158539537284182.8437500000000000000000000000000000000000
-859494075008397.5000000000000000000000000000000000000000
-88827815964743.3281250000000000000000000000000000000000
-830716184826866.0000000000000000000000000000000000000000
-996370313962836.5000000000000000000000000000000000000000
74906644270895.7343750000000000000000000000000000000000
551112185324509.7500000000000000000000000000000000000000
-150988004643373.9062500000000000000000000000000000000000
-298020528265735.3750000000000000000000000000000000000000
1228204055931375.2500000000000000000000000000000000000000
1304066052161246.7500000000000000000000000000000000000000
-53603767733853.9218750000000000000000000000000000000000
706946102281366.2500000000000000000000000000000000000000
-396526274272426.7500000000000000000000000000000000000000
406301783871315.6250000000000000000000000000000000000000
148650309717900.7500000000000000000000000000000000000000
74129887448837.5937500000000000000000000000000000000000
-13219367737510.0566406250000000000000000000000000000000
-889705127570644.1250000000000000000000000000000000000000
467309989230161.8125000000000000000000000000000000000000
198162159335214.3437500000000000000000000000000000000000
-398365532802352.8125000000000000000000000000000000000000
205154029365073.3125000000000000000000000000000000000000
-184809328971178.8750000000000000000000000000000000000000
-1158611563501285.0000000000000000000000000000000000000000
103482518116540.0937500000000000000000000000000000000000
-754175254604986.0000000000000000000000000000000000000000
-775998903982208.6250000000000000000000000000000000000000
230168396407968.5000000000000000000000000000000000000000
-1401555913823907.0000000000000000000000000000000000000000
733168476919309.0000000000000000000000000000000000000000
-415608350406608.5625000000000000000000000000000000000000
311343358830938.3750000000000000000000000000000000000000
768250064207817.2500000000000000000000000000000000000000
1059379681971882.7500000000000000000000000000000000000000
-405376754611987.3750000000000000000000000000000000000000
1765753406200230.0000000000000000000000000000000000000000
480330169790824.5625000000000000000000000000000000000000
-732054683596429.5000000000000000000000000000000000000000
357161082014686.1875000000000000000000000000000000000000
714626224597082.0000000000000000000000000000000000000000
460152044383576.2500000000000000000000000000000000000000
-522683313018929.2500000000000000000000000000000000000000
361671954431075.6875000000000000000000000000000000000000
181680027359455.4375000000000000000000000000000000000000
-560828167284269.3125000000000000000000000000000000000000
776931363198976.2500000000000000000000000000000000000000
-1795997110183580.7500000000000000000000000000000000000000
192053875249531.3437500000000000000000000000000000000000
-584185751572353.3750000000000000000000000000000000000000
189589725422799.9375000000000000000000000000000000000000
-1189040504366509.7500000000000000000000000000000000000000
398809344594864.2500000000000000000000000000000000000000
-492161404057539.5625000000000000000000000000000000000000
-449479549205480.5625000000000000000000000000000000000000
898531148027708.5000000000000000000000000000000000000000
-1074949151325117.2500000000000000000000000000000000000000
84857579704258.6093750000000000000000000000000000000000
616007102023282.8750000000000000000000000000000000000000
-87322855541339.7812500000000000000000000000000000000000
-967852547324435.1250000000000000000000000000000000000000
-838696768824094.1250000000000000000000000000000000000000
1770264715490.6276855468750000000000000000000000000000
888805205007505.7500000000000000000000000000000000000000
60681186033584.6718750000000000000000000000000000000000
651107949170195.3750000000000000000000000000000000000000
222129436456655.5937500000000000000000000000000000000000
328459521101191.1250000000000000000000000000000000000000
624547845464176.2500000000000000000000000000000000000000
359690014313307.3125000000000000000000000000000000000000
308466491648444.8125000000000000000000000000000000000000
29812278936277.1406250000000000000000000000000000000000
406128046543518.1250000000000000000000000000000000000000
-166199099983642.7812500000000000000000000000000000000000
679599055665606.0000000000000000000000000000000000000000
332021051567906.6875000000000000000000000000000000000000
66669922765751.0937500000000000000000000000000000000000
-17979063053363.6484375000000000000000000000000000000000
388203517521452.1875000000000000000000000000000000000000
-528494085919795.2500000000000000000000000000000000000000
-642671040843856.3750000000000000000000000000000000000000
912406298285507.1250000000000000000000000000000000000000
-96607588475552.0937500000000000000000000000000000000000
-391412655884765.1250000000000000000000000000000000000000
-550585225026872.9375000000000000000000000000000000000000
-667983005962482.6250000000000000000000000000000000000000
-107875544851003.8750000000000000000000000000000000000000
-816645555149029.3750000000000000000000000000000000000000
-409318242069567.1875000000000000000000000000000000000000
355558121680278.5000000000000000000000000000000000000000
-60943931802447.3671875000000000000000000000000000000000
-290334916930410.8125000000000000000000000000000000000000
-226521252133566.3437500000000000000000000000000000000000
-931340045553527.5000000000000000000000000000000000000000
-262704009565342.2500000000000000000000000000000000000000
-355152450044904.0000000000000000000000000000000000000000
468338114878231.8750000000000000000000000000000000000000
367647674654194.0625000000000000000000000000000000000000
-699102218160334.7500000000000000000000000000000000000000
47998890726003.5078125000000000000000000000000000000000
658465417318827.8750000000000000000000000000000000000000
307814540018664.6250000000000000000000000000000000000000
-292384782743218.6250000000000000000000000000000000000000
-430101104911882.6250000000000000000000000000000000000000
-205859625443448.0000000000000000000000000000000000000000
994273528523550.6250000000000000000000000000000000000000
341254803637737.1875000000000000000000000000000000000000
262762530926087.4375000000000000000000000000000000000000
1115448270459704.0000000000000000000000000000000000000000
414167855655641.1250000000000000000000000000000000000000
601937373220698.7500000000000000000000000000000000000000
364439424903912.3750000000000000000000000000000000000000
311188672311424.5625000000000000000000000000000000000000
-339137768351000.0000000000000000000000000000000000000000
240334025201690.8750000000000000000000000000000000000000
384788450909098.4375000000000000000000000000000000000000
-129243523090801.7968750000000000000000000000000000000000
240219774075127.7812500000000000000000000000000000000000
-182399821563442.3437500000000000000000000000000000000000
40572409294144.5078125000000000000000000000000000000000
-712994958974016.8750000000000000000000000000000000000000
445793206204462.7500000000000000000000000000000000000000
390720962542596.1250000000000000000000000000000000000000
-828608661288036.2500000000000000000000000000000000000000
-435801720363579.8750000000000000000000000000000000000000
-724197554326640.6250000000000000000000000000000000000000
-39758208895676.4687500000000000000000000000000000000000
-304503162564521.1250000000000000000000000000000000000000
169497230331648.6562500000000000000000000000000000000000
-1071481232454590.6250000000000000000000000000000000000000
474191309640128.0000000000000000000000000000000000000000
-71106864769234.2031250000000000000000000000000000000000
426583725581199.1875000000000000000000000000000000000000
-247135765481210.6250000000000000000000000000000000000000
221753209638895.5937500000000000000000000000000000000000
-409180521885480.6250000000000000000000000000000000000000
964954412498517.3750000000000000000000000000000000000000
-316782947277858.6250000000000000000000000000000000000000
-1178938814398048.7500000000000000000000000000000000000000
134695533014856.2500000000000000000000000000000000000000
234054987837564.7187500000000000000000000000000000000000
-236548286077231.0312500000000000000000000000000000000000
-844757425889461.7500000000000000000000000000000000000000
-822386746672301.3750000000000000000000000000000000000000
-14205744092780.5839843750000000000000000000000000000000
129380555537355.0625000000000000000000000000000000000000
444242353550678.5000000000000000000000000000000000000000
216774396158399.7500000000000000000000000000000000000000
-94764393231089.5156250000000000000000000000000000000000
-143727728877236.4375000000000000000000000000000000000000
209813926188315.9687500000000000000000000000000000000000
365613056356079.8125000000000000000000000000000000000000
60963919677894.1250000000000000000000000000000000000000
-461725737213758.3125000000000000000000000000000000000000
86520478479778.2187500000000000000000000000000000000000
607341829221178.1250000000000000000000000000000000000000
-363387697073537.0000000000000000000000000000000000000000
885449958362019.1250000000000000000000000000000000000000
448519009302222.1875000000000000000000000000000000000000
252125300261879.4375000000000000000000000000000000000000
-10874892048741.7792968750000000000000000000000000000000
1144358958218554.7500000000000000000000000000000000000000
1061727204734232.7500000000000000000000000000000000000000
-286447155533669.0625000000000000000000000000000000000000
-585449272055736.3750000000000000000000000000000000000000
-585565506134927.0000000000000000000000000000000000000000
231209988831209.5312500000000000000000000000000000000000
733948749682565.0000000000000000000000000000000000000000
57732488094633.6718750000000000000000000000000000000000
353076860981824.2500000000000000000000000000000000000000
-93961633988730.2656250000000000000000000000000000000000
570595157361489.3750000000000000000000000000000000000000
-813720447731328.3750000000000000000000000000000000000000
-265192001848775.6562500000000000000000000000000000000000
-170560664883733.4375000000000000000000000000000000000000
609876102347361.3750000000000000000000000000000000000000
-113213390755877.5312500000000000000000000000000000000000
-856835039166689.0000000000000000000000000000000000000000
-427635555816523.7500000000000000000000000000000000000000
-1261610282568090.7500000000000000000000000000000000000000
-687887281650583.7500000000000000000000000000000000000000
1247356337175670.0000000000000000000000000000000000000000
269887606772706.2187500000000000000000000000000000000000
251393399465994.0937500000000000000000000000000000000000
-563171242038001.1250000000000000000000000000000000000000
-1124265802220515.3750000000000000000000000000000000000000
327599906340219.6875000000000000000000000000000000000000
820691925647032.3750000000000000000000000000000000000000
-676080777605692.5000000000000000000000000000000000000000
782282793791941.6250000000000000000000000000000000000000
434089413235821.1250000000000000000000000000000000000000
127468233871674.5000000000000000000000000000000000000000
-242100502614771.7187500000000000000000000000000000000000
705241420369966.5000000000000000000000000000000000000000
479985865061877.6250000000000000000000000000000000000000
-756146147123087.1250000000000000000000000000000000000000
-281266131971795.6562500000000000000000000000000000000000
-62813089054784.1796875000000000000000000000000000000000
-871665149941718.5000000000000000000000000000000000000000
-594671224781888.0000000000000000000000000000000000000000
-369602162783011.1875000000000000000000000000000000000000
700869441499778.2500000000000000000000000000000000000000
-666655848220324.7500000000000000000000000000000000000000
133870340341414.7968750000000000000000000000000000000000
-394100255438696.6875000000000000000000000000000000000000
-152915502421370.2500000000000000000000000000000000000000
-464245320868598.6875000000000000000000000000000000000000
99751118109680.3750000000000000000000000000000000000000
364485171301913.1875000000000000000000000000000000000000
-82750066444330.0468750000000000000000000000000000000000
168822611860403.1250000000000000000000000000000000000000
-521504120012784.1250000000000000000000000000000000000000
-97409797813252.3125000000000000000000000000000000000000
515839875897131.6875000000000000000000000000000000000000
644586493778760.8750000000000000000000000000000000000000
-416455941360315.3125000000000000000000000000000000000000
596709180698450.1250000000000000000000000000000000000000
34657678010852.0664062500000000000000000000000000000000
-217413795787211.0312500000000000000000000000000000000000
185194934003957.9062500000000000000000000000000000000000
-606345297471575.3750000000000000000000000000000000000000
1262349137250996.5000000000000000000000000000000000000000
654265508458658.6250000000000000000000000000000000000000
487927791123284.6250000000000000000000000000000000000000
-61907230665119.5859375000000000000000000000000000000000
-721806209005858.1250000000000000000000000000000000000000
-984262402688220.2500000000000000000000000000000000000000
1067466428791573.5000000000000000000000000000000000000000
837969559795049.2500000000000000000000000000000000000000
-268395591926810.2812500000000000000000000000000000000000
-48105816137038.9609375000000000000000000000000000000000
307648719440240.6250000000000000000000000000000000000000
-521113586854952.8750000000000000000000000000000000000000
-540124519726965.1250000000000000000000000000000000000000
851620726393608.2500000000000000000000000000000000000000
-138503356479965.6562500000000000000000000000000000000000
351891127304867.2500000000000000000000000000000000000000
5323348792178.7636718750000000000000000000000000000000
785816043130571.6250000000000000000000000000000000000000
387202502329778.5000000000000000000000000000000000000000
-674303084003545.5000000000000000000000000000000000000000
50012314959089.8593750000000000000000000000000000000000
-206919591064004.0312500000000000000000000000000000000000
221474727253494.3125000000000000000000000000000000000000
620240535881585.8750000000000000000000000000000000000000
-1031099518466548.0000000000000000000000000000000000000000
49993916215486.4765625000000000000000000000000000000000
26858000225877.5507812500000000000000000000000000000000
-535891376667858.0625000000000000000000000000000000000000
80051625526515.1875000000000000000000000000000000000000
786135154669092.5000000000000000000000000000000000000000
-230799515928689.1875000000000000000000000000000000000000
166248601323181.4062500000000000000000000000000000000000
553063072045469.9375000000000000000000000000000000000000
-314215913656274.9375000000000000000000000000000000000000
456148899196684.8125000000000000000000000000000000000000
-71850704836415.2812500000000000000000000000000000000000
-679155974543363.1250000000000000000000000000000000000000
-383325753801566.3750000000000000000000000000000000000000
-514728833869538.0000000000000000000000000000000000000000
-276912968748766.8437500000000000000000000000000000000000
481962930570686.1250000000000000000000000000000000000000
-685589808965396.0000000000000000000000000000000000000000
730830859281002.7500000000000000000000000000000000000000
-484219657609350.2500000000000000000000000000000000000000
-1619742262142347.2500000000000000000000000000000000000000
463510238909175.6875000000000000000000000000000000000000
-572565602920513.8750000000000000000000000000000000000000
-356813414006968.8125000000000000000000000000000000000000
1377307012177303.0000000000000000000000000000000000000000
-897733222902149.1250000000000000000000000000000000000000
-626843300207403.2500000000000000000000000000000000000000
-326360175002994.6250000000000000000000000000000000000000
890950692635509.1250000000000000000000000000000000000000
368634794743962.0625000000000000000000000000000000000000
-862555564004580.0000000000000000000000000000000000000000
130572516052239.3593750000000000000000000000000000000000
360449730939905.5000000000000000000000000000000000000000
-172782961537578.0625000000000000000000000000000000000000
-122276529375729.0937500000000000000000000000000000000000
-1003155937417258.7500000000000000000000000000000000000000
-485168359338841.3750000000000000000000000000000000000000
559127831830597.8750000000000000000000000000000000000000
499947285285989.1875000000000000000000000000000000000000
-36095721906136.8515625000000000000000000000000000000000
185982664797512.1250000000000000000000000000000000000000
1001143429454733.1250000000000000000000000000000000000000
637813815897622.1250000000000000000000000000000000000000
-359987973496521.7500000000000000000000000000000000000000
-95098085387898.4062500000000000000000000000000000000000
-453105767632896.3125000000000000000000000000000000000000
-54537999445891.6406250000000000000000000000000000000000
341866220362440.2500000000000000000000000000000000000000
164854687016654.3750000000000000000000000000000000000000
25769149105932.5273437500000000000000000000000000000000
751946065255107.8750000000000000000000000000000000000000
143713449714156.1875000000000000000000000000000000000000
-570928306240347.8750000000000000000000000000000000000000
-709626368123482.6250000000000000000000000000000000000000
-186046932189740.6875000000000000000000000000000000000000
1257881784601772.7500000000000000000000000000000000000000
874304969301505.8750000000000000000000000000000000000000
488133271346138.0000000000000000000000000000000000000000
472664863766407.8125000000000000000000000000000000000000
-112787205140065.5781250000000000000000000000000000000000
-261016386793433.8125000000000000000000000000000000000000
-1002819785516240.6250000000000000000000000000000000000000
-947463992061314.1250000000000000000000000000000000000000
-827278017859169.5000000000000000000000000000000000000000
321248275158069.3750000000000000000000000000000000000000
-30233670608278.7109375000000000000000000000000000000000
718379878157454.0000000000000000000000000000000000000000
600246243890269.2500000000000000000000000000000000000000
-288368254039200.6875000000000000000000000000000000000000
-12294830269840.5664062500000000000000000000000000000000
-322066212188361.5625000000000000000000000000000000000000
-41532349812193.2578125000000000000000000000000000000000
-179559097656602.1875000000000000000000000000000000000000
1152390569416082.2500000000000000000000000000000000000000
482711779542426.7500000000000000000000000000000000000000
-387349553793181.1250000000000000000000000000000000000000
507694966133258.8750000000000000000000000000000000000000
400393825928037.0000000000000000000000000000000000000000
821508513908128.8750000000000000000000000000000000000000
550605783115384.5625000000000000000000000000000000000000
182766228649301.8125000000000000000000000000000000000000
-582371354277763.3750000000000000000000000000000000000000
-312688512130434.0625000000000000000000000000000000000000
597906764437533.7500000000000000000000000000000000000000
-205303826849580.4375000000000000000000000000000000000000
279656073171586.1875000000000000000000000000000000000000
-275232732353572.4687500000000000000000000000000000000000
12247637666987.9746093750000000000000000000000000000000
-608709806920417.1250000000000000000000000000000000000000
27747369659367.1640625000000000000000000000000000000000
-558507024730983.0000000000000000000000000000000000000000
585221867605827.2500000000000000000000000000000000000000
-427058358519157.1875000000000000000000000000000000000000
295033944956100.7500000000000000000000000000000000000000
-545754176780502.7500000000000000000000000000000000000000
-48120362881370.4062500000000000000000000000000000000000
394114179164799.3125000000000000000000000000000000000000
94604281725485.1250000000000000000000000000000000000000
-465657202563906.8125000000000000000000000000000000000000
-631963858131286.7500000000000000000000000000000000000000
-1061433989961039.1250000000000000000000000000000000000000
471550130736924.6875000000000000000000000000000000000000
-1070831731280427.0000000000000000000000000000000000000000
-594251586422118.0000000000000000000000000000000000000000
-653912667075467.8750000000000000000000000000000000000000
140419346836255.9531250000000000000000000000000000000000
206956931053854.3750000000000000000000000000000000000000
-200501342300997.7812500000000000000000000000000000000000
-943432552838089.3750000000000000000000000000000000000000
61766332694735.0859375000000000000000000000000000000000
1880351579816857.7500000000000000000000000000000000000000
-736931195642623.1250000000000000000000000000000000000000
836984608781482.8750000000000000000000000000000000000000
1492774187140710.2500000000000000000000000000000000000000
-149562563478868.6875000000000000000000000000000000000000
-22138661467523.4218750000000000000000000000000000000000
-1134845251983152.0000000000000000000000000000000000000000
189096256892898.3125000000000000000000000000000000000000
-544169276639399.1875000000000000000000000000000000000000
-528520928374637.2500000000000000000000000000000000000000
-994658729571377.2500000000000000000000000000000000000000
97070127704891.4843750000000000000000000000000000000000
165947291296766.2500000000000000000000000000000000000000
782733012338475.3750000000000000000000000000000000000000
-564484049007721.2500000000000000000000000000000000000000
-88823443748770.8281250000000000000000000000000000000000
-305647867211270.0000000000000000000000000000000000000000
-42984232448208.7812500000000000000000000000000000000000
-325210201755638.5625000000000000000000000000000000000000
521821090207893.3125000000000000000000000000000000000000
1192694828019694.0000000000000000000000000000000000000000
-98616681343873.8593750000000000000000000000000000000000
249914943640293.9375000000000000000000000000000000000000
441176731394815.5625000000000000000000000000000000000000
524428550760629.0625000000000000000000000000000000000000
-240384068488347.5312500000000000000000000000000000000000
269529537454174.7812500000000000000000000000000000000000
281484199210424.8125000000000000000000000000000000000000
641671514028884.3750000000000000000000000000000000000000
183822641124504.4062500000000000000000000000000000000000
-822512760538854.1250000000000000000000000000000000000000
43927975248127.3125000000000000000000000000000000000000
1083409191302840.5000000000000000000000000000000000000000
-216193060233527.2187500000000000000000000000000000000000
-1000452839866464.3750000000000000000000000000000000000000
-328048874714598.6250000000000000000000000000000000000000
573475708735003.2500000000000000000000000000000000000000
-189814736830932.3437500000000000000000000000000000000000
-594885109980459.0000000000000000000000000000000000000000
-725238462076594.2500000000000000000000000000000000000000
-551620310685704.0000000000000000000000000000000000000000
-123066303223708.2656250000000000000000000000000000000000
-74816035896332.1562500000000000000000000000000000000000
-25473728426302.2109375000000000000000000000000000000000
1147243106214875.0000000000000000000000000000000000000000
-110422290757699.3906250000000000000000000000000000000000
669867420791432.0000000000000000000000000000000000000000
23905989835711.8867187500000000000000000000000000000000
1076383067113758.7500000000000000000000000000000000000000
-837072423934174.3750000000000000000000000000000000000000
872135326969591.5000000000000000000000000000000000000000
62326801415403.6875000000000000000000000000000000000000
-639467540832023.3750000000000000000000000000000000000000
541095209612610.4375000000000000000000000000000000000000
-703761273437379.1250000000000000000000000000000000000000
-641017679472294.0000000000000000000000000000000000000000
64605339347276.9375000000000000000000000000000000000000
740612628017406.1250000000000000000000000000000000000000
511707416677047.2500000000000000000000000000000000000000
636728676628145.5000000000000000000000000000000000000000
1020995880094638.7500000000000000000000000000000000000000
-612565856322885.2500000000000000000000000000000000000000
-36054486851964.5781250000000000000000000000000000000000
-526516283101460.8125000000000000000000000000000000000000
-344072302939449.8750000000000000000000000000000000000000
-471978515985893.0625000000000000000000000000000000000000
1188592104090206.7500000000000000000000000000000000000000
468227266726855.9375000000000000000000000000000000000000
-873836229624539.2500000000000000000000000000000000000000
609942684820633.7500000000000000000000000000000000000000
-104174710419926.5468750000000000000000000000000000000000
508860204693874.4375000000000000000000000000000000000000
-293370356672575.8750000000000000000000000000000000000000
-319618908485773.6875000000000000000000000000000000000000
15359863418962.1074218750000000000000000000000000000000
160261476689117.0937500000000000000000000000000000000000
104743909223846.1875000000000000000000000000000000000000
1182884603455.3674316406250000000000000000000000000000
264348842129908.6875000000000000000000000000000000000000
-908086742985407.0000000000000000000000000000000000000000
-670512383330827.1250000000000000000000000000000000000000
-1650788544405291.5000000000000000000000000000000000000000
-1340300404610621.2500000000000000000000000000000000000000
671295666557089.2500000000000000000000000000000000000000
-40349397237472.2656250000000000000000000000000000000000
439103360513524.8125000000000000000000000000000000000000
778293568803830.2500000000000000000000000000000000000000
-743846958233177.8750000000000000000000000000000000000000
191747384553601.3125000000000000000000000000000000000000
-204456989658247.9062500000000000000000000000000000000000
421470207986997.3125000000000000000000000000000000000000
397722951256242.1250000000000000000000000000000000000000
-421091396332053.8125000000000000000000000000000000000000
788905346673384.3750000000000000000000000000000000000000
691998013665140.2500000000000000000000000000000000000000
308587528102602.6250000000000000000000000000000000000000
-115512975893182.6250000000000000000000000000000000000000
-745665442458677.2500000000000000000000000000000000000000
-630804744978569.5000000000000000000000000000000000000000
309242150617778.4375000000000000000000000000000000000000
753306231031611.3750000000000000000000000000000000000000
-447548629936386.3750000000000000000000000000000000000000
-230901541532106.3437500000000000000000000000000000000000
60744553605566.0234375000000000000000000000000000000000
322432205025279.6250000000000000000000000000000000000000
482712671909766.4375000000000000000000000000000000000000
759877459042033.8750000000000000000000000000000000000000
-674587795144459.7500000000000000000000000000000000000000
-298342309294445.6875000000000000000000000000000000000000
-238786349674626.7500000000000000000000000000000000000000
375776063674894.5000000000000000000000000000000000000000
299852410948108.0000000000000000000000000000000000000000
-1093508748648168.1250000000000000000000000000000000000000
317989569717077.3125000000000000000000000000000000000000
122554728737898.3125000000000000000000000000000000000000
-1757547884073885.2500000000000000000000000000000000000000
370788131403678.6250000000000000000000000000000000000000
683475626783709.5000000000000000000000000000000000000000
344497075391852.0625000000000000000000000000000000000000
-307121368151850.8125000000000000000000000000000000000000
482133502298900.8750000000000000000000000000000000000000
-574601067278506.5000000000000000000000000000000000000000
444891544946215.1250000000000000000000000000000000000000
-113648791174120.6406250000000000000000000000000000000000
695212517135186.5000000000000000000000000000000000000000
-846685782096828.6250000000000000000000000000000000000000
-815896283864558.6250000000000000000000000000000000000000
-952533819285269.3750000000000000000000000000000000000000
-318329698852922.2500000000000000000000000000000000000000
-475535547213897.5000000000000000000000000000000000000000
632330456511593.8750000000000000000000000000000000000000
187915920924066.2500000000000000000000000000000000000000
455704690589828.4375000000000000000000000000000000000000
-480930999313443.6250000000000000000000000000000000000000
-942920307275420.3750000000000000000000000000000000000000
47639255859593.0078125000000000000000000000000000000000
482404007912214.1250000000000000000000000000000000000000
-326496697925523.1250000000000000000000000000000000000000
608876834807780.2500000000000000000000000000000000000000
246590058068078.9062500000000000000000000000000000000000
1166763820887582.2500000000000000000000000000000000000000
43273213710149.3593750000000000000000000000000000000000
-552322611438966.7500000000000000000000000000000000000000
800857342888688.0000000000000000000000000000000000000000
-414128505743121.7500000000000000000000000000000000000000
256350528103769.3125000000000000000000000000000000000000
346237810452572.8750000000000000000000000000000000000000
-476287847491601.4375000000000000000000000000000000000000
186534457129857.5000000000000000000000000000000000000000
371820118700782.1250000000000000000000000000000000000000
-616414596278540.0000000000000000000000000000000000000000
97286980116114.7812500000000000000000000000000000000000
-557996736184513.8750000000000000000000000000000000000000
1035241967042364.7500000000000000000000000000000000000000
572946076952989.5000000000000000000000000000000000000000
84806879198120.6093750000000000000000000000000000000000
-251000289292705.2812500000000000000000000000000000000000
-473559936766863.3125000000000000000000000000000000000000
-955240209409832.0000000000000000000000000000000000000000
-373900141412629.6875000000000000000000000000000000000000
129201900642685.4531250000000000000000000000000000000000
-58697433356574.1328125000000000000000000000000000000000
-278356219285719.3750000000000000000000000000000000000000
1136219342262978.7500000000000000000000000000000000000000
191784775939485.6250000000000000000000000000000000000000
794548281577604.2500000000000000000000000000000000000000
497659316355097.7500000000000000000000000000000000000000
1243961130192471.0000000000000000000000000000000000000000
-2353425766958008.0000000000000000000000000000000000000000
662808629946013.3750000000000000000000000000000000000000
-232106128446872.8750000000000000000000000000000000000000
-668006773152143.8750000000000000000000000000000000000000
1151223340245578.0000000000000000000000000000000000000000
449226795791933.6250000000000000000000000000000000000000
279090733612722.1250000000000000000000000000000000000000
-91231621662573.7812500000000000000000000000000000000000
1320075920809807.7500000000000000000000000000000000000000
-123787038126190.7656250000000000000000000000000000000000
863011735998096.0000000000000000000000000000000000000000
565822007203748.1250000000000000000000000000000000000000
1600782099172833.0000000000000000000000000000000000000000
-1336260193357682.5000000000000000000000000000000000000000
388135526030071.7500000000000000000000000000000000000000
-332994687390532.5625000000000000000000000000000000000000
608639950786581.6250000000000000000000000000000000000000
-1358801175190478.0000000000000000000000000000000000000000
-716234253370284.8750000000000000000000000000000000000000
-102202131087488.7812500000000000000000000000000000000000
-429960568340535.4375000000000000000000000000000000000000
-924308779616062.1250000000000000000000000000000000000000
-856778698061963.5000000000000000000000000000000000000000
-579596892757354.0000000000000000000000000000000000000000
804960852157359.3750000000000000000000000000000000000000
-374129359269172.1875000000000000000000000000000000000000
39095228599269.0468750000000000000000000000000000000000
1136211040796613.5000000000000000000000000000000000000000
-543107979640753.2500000000000000000000000000000000000000
-883475239706018.1250000000000000000000000000000000000000
176226275084885.2812500000000000000000000000000000000000
772286057403741.2500000000000000000000000000000000000000
246935127402171.0312500000000000000000000000000000000000
-1163737097903149.0000000000000000000000000000000000000000
-148357660680004.5937500000000000000000000000000000000000
-147281523906183.8437500000000000000000000000000000000000
-15752567314512.5546875000000000000000000000000000000000
379166706908125.0625000000000000000000000000000000000000
-808259962306627.5000000000000000000000000000000000000000
-971015957038409.0000000000000000000000000000000000000000
222149044516450.9375000000000000000000000000000000000000
-275804386864784.2500000000000000000000000000000000000000
-915339114541672.8750000000000000000000000000000000000000
-377913307416362.1875000000000000000000000000000000000000
-551962213328561.8125000000000000000000000000000000000000
-181300172551530.4062500000000000000000000000000000000000
835388910247114.2500000000000000000000000000000000000000
91112386319839.9531250000000000000000000000000000000000
1000781570468391.7500000000000000000000000000000000000000
330637674450401.1875000000000000000000000000000000000000
-771507887291116.5000000000000000000000000000000000000000
653946998478486.1250000000000000000000000000000000000000
468013054604109.1250000000000000000000000000000000000000
334687728893159.7500000000000000000000000000000000000000
1366538512664722.7500000000000000000000000000000000000000
375257569952719.0000000000000000000000000000000000000000
441140950713358.3125000000000000000000000000000000000000
462896752122662.2500000000000000000000000000000000000000
-804807882789591.0000000000000000000000000000000000000000
-237324258105475.8125000000000000000000000000000000000000
1991997721344610.5000000000000000000000000000000000000000
286060415904139.8750000000000000000000000000000000000000
-143953979856885.2812500000000000000000000000000000000000
-130524912219791.5468750000000000000000000000000000000000
-413915168822257.8125000000000000000000000000000000000000
-1247432979703952.7500000000000000000000000000000000000000
-968266279794075.0000000000000000000000000000000000000000
-474654380846639.1875000000000000000000000000000000000000
-322319939904106.3750000000000000000000000000000000000000
-844093861672345.5000000000000000000000000000000000000000
-1190871483730891.2500000000000000000000000000000000000000
-161100769337190.9375000000000000000000000000000000000000
220175142392411.9062500000000000000000000000000000000000
-578048349155010.8750000000000000000000000000000000000000
642524480450562.1250000000000000000000000000000000000000
1923300064978018.5000000000000000000000000000000000000000
757414783964102.8750000000000000000000000000000000000000
305909259596203.5000000000000000000000000000000000000000
-1446250028060452.0000000000000000000000000000000000000000
1185764738339215.0000000000000000000000000000000000000000
-529359019480934.8125000000000000000000000000000000000000
-306239002692205.5625000000000000000000000000000000000000
23222514715307.3671875000000000000000000000000000000000
-324539365287337.1250000000000000000000000000000000000000
670933800878792.6250000000000000000000000000000000000000
577723175408167.7500000000000000000000000000000000000000
-365491166370031.4375000000000000000000000000000000000000
-342660477584240.4375000000000000000000000000000000000000
129431102064953.7812500000000000000000000000000000000000
344746502312524.5625000000000000000000000000000000000000
147659629872388.6250000000000000000000000000000000000000
409000212605227.1250000000000000000000000000000000000000
-174591097540844.8437500000000000000000000000000000000000
382511468069983.6875000000000000000000000000000000000000
110310595683277.7500000000000000000000000000000000000000
755826989089273.7500000000000000000000000000000000000000
-618639666751683.8750000000000000000000000000000000000000
-739790153718320.1250000000000000000000000000000000000000
369915350780911.0625000000000000000000000000000000000000
-1692143254722034.5000000000000000000000000000000000000000
-1673806790281055.2500000000000000000000000000000000000000
662647986296243.7500000000000000000000000000000000000000
-764327761687941.8750000000000000000000000000000000000000
1028627842618447.1250000000000000000000000000000000000000
133539507140488.7343750000000000000000000000000000000000
706934145534158.1250000000000000000000000000000000000000
323304225712643.7500000000000000000000000000000000000000
1500388414266.1308593750000000000000000000000000000000
1021173441096031.1250000000000000000000000000000000000000
-465579908229368.1250000000000000000000000000000000000000
-808875866685901.7500000000000000000000000000000000000000
-244213231810667.6875000000000000000000000000000000000000
-80534213118554.6250000000000000000000000000000000000000
971444224175083.7500000000000000000000000000000000000000
134274620005370.0156250000000000000000000000000000000000
-104359512450028.8437500000000000000000000000000000000000
-8940144328200.4824218750000000000000000000000000000000
-953903299354331.3750000000000000000000000000000000000000
-493310197851925.9375000000000000000000000000000000000000
1081726547724768.6250000000000000000000000000000000000000
989301684553506.6250000000000000000000000000000000000000
-282784348779694.0625000000000000000000000000000000000000
-904126071659443.3750000000000000000000000000000000000000
-1026380929523631.7500000000000000000000000000000000000000
335521206654626.8125000000000000000000000000000000000000
-1015851822577288.6250000000000000000000000000000000000000
-131106686966043.5625000000000000000000000000000000000000
794546453480036.1250000000000000000000000000000000000000
-620953667325210.1250000000000000000000000000000000000000
-193892925383293.3437500000000000000000000000000000000000
396909414822291.0625000000000000000000000000000000000000
439461646671728.6875000000000000000000000000000000000000
228692440125876.0937500000000000000000000000000000000000
-1312190957213480.7500000000000000000000000000000000000000
1303261271238376.0000000000000000000000000000000000000000
1249086871689860.2500000000000000000000000000000000000000
158905022153649.3125000000000000000000000000000000000000
326579576470958.6875000000000000000000000000000000000000
1283566479699849.7500000000000000000000000000000000000000
973889102398010.1250000000000000000000000000000000000000
742912993618723.8750000000000000000000000000000000000000
203335273018768.4062500000000000000000000000000000000000
-1127898320203471.2500000000000000000000000000000000000000
1387551424304330.7500000000000000000000000000000000000000
-1071165152201475.1250000000000000000000000000000000000000
-636241386122782.2500000000000000000000000000000000000000
588079676210082.3750000000000000000000000000000000000000
-66472927030075.6406250000000000000000000000000000000000
-171211627711878.6562500000000000000000000000000000000000
600601641724880.6250000000000000000000000000000000000000
623696621862317.8750000000000000000000000000000000000000
171950984254157.0625000000000000000000000000000000000000
-3215156162136.6333007812500000000000000000000000000000
-332521053576548.8750000000000000000000000000000000000000
-1007948579506731.5000000000000000000000000000000000000000
392712967521886.9375000000000000000000000000000000000000
-619540885921047.6250000000000000000000000000000000000000
-326110804946230.0625000000000000000000000000000000000000
593058455810263.6250000000000000000000000000000000000000
-1352999143427143.2500000000000000000000000000000000000000
364872295772856.4375000000000000000000000000000000000000
-18811931807376.0820312500000000000000000000000000000000
-908778531149761.1250000000000000000000000000000000000000
-332731248879362.7500000000000000000000000000000000000000
740910869907821.8750000000000000000000000000000000000000
-453820553445281.2500000000000000000000000000000000000000
-338546647958954.7500000000000000000000000000000000000000
50528591492490.2578125000000000000000000000000000000000
379872181225277.2500000000000000000000000000000000000000
-994126210313895.7500000000000000000000000000000000000000
488989939206385.5625000000000000000000000000000000000000
613912535299522.1250000000000000000000000000000000000000
-68610728335639.8203125000000000000000000000000000000000
816350160685027.7500000000000000000000000000000000000000
-518226956175300.6250000000000000000000000000000000000000
224388470959448.7812500000000000000000000000000000000000
879319052023956.5000000000000000000000000000000000000000
-672461547388863.5000000000000000000000000000000000000000
-594072078555679.7500000000000000000000000000000000000000
622272443294787.0000000000000000000000000000000000000000
-143563965884894.0937500000000000000000000000000000000000
-804497941711667.8750000000000000000000000000000000000000
-1015952467043201.3750000000000000000000000000000000000000
-13755109601037.6718750000000000000000000000000000000000
-453439231424959.6875000000000000000000000000000000000000
233388593635609.6250000000000000000000000000000000000000
223915865959218.1250000000000000000000000000000000000000
-776338410869337.7500000000000000000000000000000000000000
-358522097341385.8750000000000000000000000000000000000000
-16307745963164.0312500000000000000000000000000000000000
478404221891156.6875000000000000000000000000000000000000
240900269780656.9375000000000000000000000000000000000000
-58216751934009.5078125000000000000000000000000000000000
-1223388615808289.0000000000000000000000000000000000000000
381300445194734.6875000000000000000000000000000000000000
566873090335662.8750000000000000000000000000000000000000
-493026294122733.8125000000000000000000000000000000000000
-117787149537769.4375000000000000000000000000000000000000
-280981016646821.0625000000000000000000000000000000000000
-743557195411236.6250000000000000000000000000000000000000
1266911380229924.5000000000000000000000000000000000000000
-45164952092753.6484375000000000000000000000000000000000
44919125899975.6328125000000000000000000000000000000000
733275757428793.8750000000000000000000000000000000000000
-84492693643183.5000000000000000000000000000000000000000
1586761721843963.0000000000000000000000000000000000000000
-160780135593600.5937500000000000000000000000000000000000
75737850401382.4218750000000000000000000000000000000000
-318454813749584.4375000000000000000000000000000000000000
-1442050141945384.7500000000000000000000000000000000000000
-1155617220069279.7500000000000000000000000000000000000000
664311779194524.0000000000000000000000000000000000000000
-428404709296945.1875000000000000000000000000000000000000
-873308566504903.5000000000000000000000000000000000000000
667189630661035.1250000000000000000000000000000000000000
703558416414769.0000000000000000000000000000000000000000
-361000985773856.6250000000000000000000000000000000000000
738691384118190.2500000000000000000000000000000000000000
-629108924884494.0000000000000000000000000000000000000000
-700603975661807.2500000000000000000000000000000000000000
582517750919104.8750000000000000000000000000000000000000
74682022086072.2500000000000000000000000000000000000000
1326124323199557.7500000000000000000000000000000000000000
-245932753503261.4687500000000000000000000000000000000000
-1096192939014296.8750000000000000000000000000000000000000
1443838828920324.0000000000000000000000000000000000000000
102994035526761.0312500000000000000000000000000000000000
1173732074075015.2500000000000000000000000000000000000000
-205180923086174.1562500000000000000000000000000000000000
-423169731698863.6250000000000000000000000000000000000000
-736914595975852.1250000000000000000000000000000000000000
-284337522508649.9375000000000000000000000000000000000000
-1192032739426083.0000000000000000000000000000000000000000
913707868399230.8750000000000000000000000000000000000000
1069713238553216.0000000000000000000000000000000000000000
822291105354550.2500000000000000000000000000000000000000
-623201291401350.5000000000000000000000000000000000000000
1382376956689152.5000000000000000000000000000000000000000
116000738927955.1093750000000000000000000000000000000000
71920816219160.7968750000000000000000000000000000000000
5334993064499.4707031250000000000000000000000000000000
-904614871833402.2500000000000000000000000000000000000000
143640770158470.1875000000000000000000000000000000000000
-478697437673101.6875000000000000000000000000000000000000
-859004525342246.0000000000000000000000000000000000000000
-998858177665819.8750000000000000000000000000000000000000
1562145306186428.5000000000000000000000000000000000000000
315142955838444.6250000000000000000000000000000000000000
612169634132978.1250000000000000000000000000000000000000
-14297385674599.8183593750000000000000000000000000000000
130931473959304.5312500000000000000000000000000000000000
-1015523183213865.0000000000000000000000000000000000000000
979851049934094.1250000000000000000000000000000000000000
1836454193673402.2500000000000000000000000000000000000000
42253486876237.7734375000000000000000000000000000000000
-698548493196716.1250000000000000000000000000000000000000
125470754505875.0781250000000000000000000000000000000000
1072282415369501.1250000000000000000000000000000000000000
822946992498795.3750000000000000000000000000000000000000
-1440864577229466.7500000000000000000000000000000000000000
-28319329938509.7851562500000000000000000000000000000000
-567853255937986.1250000000000000000000000000000000000000
-513886177501411.8125000000000000000000000000000000000000
793999033887526.3750000000000000000000000000000000000000
-1256269145213681.2500000000000000000000000000000000000000
-187013437844827.2187500000000000000000000000000000000000
332583806156398.9375000000000000000000000000000000000000
-1000043462681733.2500000000000000000000000000000000000000
-858645188559868.3750000000000000000000000000000000000000
806264050485162.2500000000000000000000000000000000000000
-255274665938980.0312500000000000000000000000000000000000
501682553314019.8125000000000000000000000000000000000000
800147650836260.1250000000000000000000000000000000000000
1126025308782161.0000000000000000000000000000000000000000
758444835660382.1250000000000000000000000000000000000000
-640299154362507.3750000000000000000000000000000000000000
-1085100466541865.1250000000000000000000000000000000000000
263392148051779.4375000000000000000000000000000000000000
-445063402448231.1875000000000000000000000000000000000000
12693137392186.4589843750000000000000000000000000000000
-716710772196626.0000000000000000000000000000000000000000
-113571301862512.4687500000000000000000000000000000000000
-490887128208139.0625000000000000000000000000000000000000
-611661302662328.2500000000000000000000000000000000000000
-645893890973302.6250000000000000000000000000000000000000
863290029766495.5000000000000000000000000000000000000000
1202026482789424.0000000000000000000000000000000000000000
-87830033149856.8125000000000000000000000000000000000000
-1111416482703149.2500000000000000000000000000000000000000
-144245850331950.0312500000000000000000000000000000000000
-1347150212131878.7500000000000000000000000000000000000000
-675424011954814.7500000000000000000000000000000000000000
-897799228698215.0000000000000000000000000000000000000000
-301103920300504.6875000000000000000000000000000000000000
2718921245799270.5000000000000000000000000000000000000000
255936493100111.4375000000000000000000000000000000000000
837356941224451.1250000000000000000000000000000000000000
-449340959430034.3125000000000000000000000000000000000000
-660850536562386.2500000000000000000000000000000000000000
874250573386920.1250000000000000000000000000000000000000
368199688692640.2500000000000000000000000000000000000000
-866917519754633.5000000000000000000000000000000000000000
132390169030099.6562500000000000000000000000000000000000
-78599549642515.7812500000000000000000000000000000000000
1711963579886345.2500000000000000000000000000000000000000
528667207300823.1250000000000000000000000000000000000000
463407549425577.3750000000000000000000000000000000000000
-1627678905365193.2500000000000000000000000000000000000000
-819477709669133.1250000000000000000000000000000000000000
-280271624968139.7187500000000000000000000000000000000000
30760719414679.6914062500000000000000000000000000000000
82133045004189.7656250000000000000000000000000000000000
-937040445183532.2500000000000000000000000000000000000000
-1751069160586946.2500000000000000000000000000000000000000
-277271752733633.1875000000000000000000000000000000000000
272538729535205.4687500000000000000000000000000000000000
43995970182763.4531250000000000000000000000000000000000
-1038447067066074.1250000000000000000000000000000000000000
251440672966523.3125000000000000000000000000000000000000
28503780121523.4453125000000000000000000000000000000000
804971138734152.8750000000000000000000000000000000000000
-795304394435571.6250000000000000000000000000000000000000
852925182726757.2500000000000000000000000000000000000000
1095920756461936.5000000000000000000000000000000000000000
291356699939328.3750000000000000000000000000000000000000
1429538679728301.0000000000000000000000000000000000000000
-461867216429022.5625000000000000000000000000000000000000
1445818920954910.2500000000000000000000000000000000000000
-133733776454094.5000000000000000000000000000000000000000
195492807452459.3750000000000000000000000000000000000000
572742155591494.2500000000000000000000000000000000000000
937238094936344.8750000000000000000000000000000000000000
-233419870043943.6875000000000000000000000000000000000000
-1152175992178920.5000000000000000000000000000000000000000
-1605618331017527.2500000000000000000000000000000000000000
301961322781254.8125000000000000000000000000000000000000
-133055055011008.6250000000000000000000000000000000000000
82804150250766.8593750000000000000000000000000000000000
664803483700908.8750000000000000000000000000000000000000
1144837241815434.7500000000000000000000000000000000000000
-114697841043583.6562500000000000000000000000000000000000
604509459628901.0000000000000000000000000000000000000000
-1117801001506281.3750000000000000000000000000000000000000
-24528738360923.8125000000000000000000000000000000000000
-198911453656069.7187500000000000000000000000000000000000
-587133977955538.0000000000000000000000000000000000000000
1086871436330985.1250000000000000000000000000000000000000
908015079510245.2500000000000000000000000000000000000000
1050721188203805.6250000000000000000000000000000000000000
1225269530401822.0000000000000000000000000000000000000000
-807039265034134.0000000000000000000000000000000000000000
-1087541204005744.5000000000000000000000000000000000000000
-1147276317331646.0000000000000000000000000000000000000000
-243825315386609.3437500000000000000000000000000000000000
1141513656443170.2500000000000000000000000000000000000000
-780798496539609.8750000000000000000000000000000000000000
523827936057680.7500000000000000000000000000000000000000
-1072985787779787.5000000000000000000000000000000000000000
1747531036326569.2500000000000000000000000000000000000000
-1144552275267754.0000000000000000000000000000000000000000
424137040899606.3750000000000000000000000000000000000000
-622756415454314.2500000000000000000000000000000000000000
-113435758669434.3281250000000000000000000000000000000000
-1451553487870330.5000000000000000000000000000000000000000
148272937535387.9375000000000000000000000000000000000000
-837841159795785.2500000000000000000000000000000000000000
684580434562121.3750000000000000000000000000000000000000
-794650636451442.1250000000000000000000000000000000000000
1091291222750670.2500000000000000000000000000000000000000
1103949084240594.8750000000000000000000000000000000000000
-775518664208915.5000000000000000000000000000000000000000
45888281437023.9453125000000000000000000000000000000000
-808884717554036.0000000000000000000000000000000000000000
-220543031863469.7812500000000000000000000000000000000000
-774183417789638.1250000000000000000000000000000000000000
-1041417556712146.6250000000000000000000000000000000000000
-476148489143104.8750000000000000000000000000000000000000
-570062571913756.3750000000000000000000000000000000000000
950254138018706.5000000000000000000000000000000000000000
-120456735570612.1093750000000000000000000000000000000000
1041148522091501.1250000000000000000000000000000000000000
924811055165327.2500000000000000000000000000000000000000
961473271044180.6250000000000000000000000000000000000000
-1679206761629902.0000000000000000000000000000000000000000
-940321677931146.1250000000000000000000000000000000000000
617698823249065.5000000000000000000000000000000000000000
995247707942781.8750000000000000000000000000000000000000
1254032138625339.2500000000000000000000000000000000000000
1422971417023399.0000000000000000000000000000000000000000
183721133200500.4375000000000000000000000000000000000000
242245212094136.0937500000000000000000000000000000000000
-689352286314794.7500000000000000000000000000000000000000
1374407000350977.5000000000000000000000000000000000000000
-1368893978787395.2500000000000000000000000000000000000000
-1153535375651225.5000000000000000000000000000000000000000
-551031449125428.6250000000000000000000000000000000000000
-181943570397337.0000000000000000000000000000000000000000
9525040247451.5117187500000000000000000000000000000000
353097371170351.6875000000000000000000000000000000000000
