-10.0550222369763666563358128769323229789734
2724.6927344346258905716240406036376953125000
-263790.9059034578385762870311737060546875000000
12553406.1713424250483512878417968750000000000000
-350675517.1443998217582702636718750000000000000000
6369676740.8886032104492187500000000000000000000000
-80127680222.2726745605468750000000000000000000000000
726458446551.0190429687500000000000000000000000000000
-4862769352666.8632812500000000000000000000000000000000
24314602822520.7265625000000000000000000000000000000000
-90772776754737.0156250000000000000000000000000000000000
249055231688470.3125000000000000000000000000000000000000
-481669591379643.8750000000000000000000000000000000000000
591518126279968.1250000000000000000000000000000000000000
-315965920171322.6875000000000000000000000000000000000000
-149888540426773.6250000000000000000000000000000000000000
44049962505175.2578125000000000000000000000000000000000
692924774470862.6250000000000000000000000000000000000000
-726701765438948.7500000000000000000000000000000000000000
-256633398530096.0937500000000000000000000000000000000000
414809592106861.8125000000000000000000000000000000000000
199810572076481.5312500000000000000000000000000000000000
437643918464389.1875000000000000000000000000000000000000
-710336839736090.1250000000000000000000000000000000000000
-871830876899791.7500000000000000000000000000000000000000
941573417392948.3750000000000000000000000000000000000000
148431016735220.3125000000000000000000000000000000000000
492388478074904.8750000000000000000000000000000000000000
-318872513556757.7500000000000000000000000000000000000000
-386899826672309.9375000000000000000000000000000000000000
-379643646922428.0625000000000000000000000000000000000000
496637014923347.1250000000000000000000000000000000000000
-738445640330124.7500000000000000000000000000000000000000
156512997028411.1250000000000000000000000000000000000000
1184093796108972.0000000000000000000000000000000000000000
-136788864669425.5781250000000000000000000000000000000000
560748982958126.6250000000000000000000000000000000000000
-711991856893697.8750000000000000000000000000000000000000
-360851937136747.6875000000000000000000000000000000000000
-606747265708156.2500000000000000000000000000000000000000
-972094380390566.7500000000000000000000000000000000000000
90188351263368.9218750000000000000000000000000000000000
1467279967439001.7500000000000000000000000000000000000000
707795809661760.2500000000000000000000000000000000000000
625278948936947.2500000000000000000000000000000000000000
84586431012876.6093750000000000000000000000000000000000
51896325354829.3984375000000000000000000000000000000000
-1029223126580382.5000000000000000000000000000000000000000
-701629456793530.2500000000000000000000000000000000000000
-1275888247278396.5000000000000000000000000000000000000000
212563142277852.8437500000000000000000000000000000000000
-109387860135669.0937500000000000000000000000000000000000
416216927982460.3125000000000000000000000000000000000000
707773156882488.1250000000000000000000000000000000000000
720576250559558.1250000000000000000000000000000000000000
843660258135174.2500000000000000000000000000000000000000
-320286899405721.9375000000000000000000000000000000000000
203827870444648.4375000000000000000000000000000000000000
130650858924498.1406250000000000000000000000000000000000
-161744026864509.1562500000000000000000000000000000000000
-39703431428091.6328125000000000000000000000000000000000
-386767419616815.0625000000000000000000000000000000000000
-1404117709146949.7500000000000000000000000000000000000000
-699667349142300.6250000000000000000000000000000000000000
-958110553942216.1250000000000000000000000000000000000000
90921919482969.0781250000000000000000000000000000000000
773416700001731.8750000000000000000000000000000000000000
376457826313958.0000000000000000000000000000000000000000
635329093098050.0000000000000000000000000000000000000000
1673705688602839.5000000000000000000000000000000000000000
140721379345836.9531250000000000000000000000000000000000
-96369448066025.2187500000000000000000000000000000000000
921702663800796.2500000000000000000000000000000000000000
-188841235848986.6562500000000000000000000000000000000000
-620604089434812.8750000000000000000000000000000000000000
693795216234196.1250000000000000000000000000000000000000
-718962642023842.5000000000000000000000000000000000000000
-1042362655889264.0000000000000000000000000000000000000000
-875384625186278.8750000000000000000000000000000000000000
-339016445849570.5000000000000000000000000000000000000000
-1211209071314025.7500000000000000000000000000000000000000
-176426358941962.6875000000000000000000000000000000000000
-1239986760769113.0000000000000000000000000000000000000000
1279735370031405.0000000000000000000000000000000000000000
626657149045455.7500000000000000000000000000000000000000
839476424739301.3750000000000000000000000000000000000000
1504497640191619.7500000000000000000000000000000000000000
483724232062491.8750000000000000000000000000000000000000
-62328348700344.0078125000000000000000000000000000000000
785159011494527.5000000000000000000000000000000000000000
379752317728353.6875000000000000000000000000000000000000
-165530623342320.5312500000000000000000000000000000000000
315380229879347.2500000000000000000000000000000000000000
-1049011018871343.5000000000000000000000000000000000000000
-1026300662951138.1250000000000000000000000000000000000000
378099772259099.6875000000000000000000000000000000000000
-1004755724510448.8750000000000000000000000000000000000000
485151455992450.5000000000000000000000000000000000000000
89116210781847.2968750000000000000000000000000000000000
-900152911783227.3750000000000000000000000000000000000000
47784484997667.3984375000000000000000000000000000000000
-203122533653637.1250000000000000000000000000000000000000
-5595482698580.4599609375000000000000000000000000000000
-238819954264616.3750000000000000000000000000000000000000
-866855963083437.8750000000000000000000000000000000000000
-542113550479700.0000000000000000000000000000000000000000
20108940652962.1757812500000000000000000000000000000000
688270150097015.1250000000000000000000000000000000000000
198297454552702.7187500000000000000000000000000000000000
723087877160113.3750000000000000000000000000000000000000
-148724538931997.0000000000000000000000000000000000000000
1439457972027185.2500000000000000000000000000000000000000
1544640443071520.2500000000000000000000000000000000000000
1306087338499088.5000000000000000000000000000000000000000
-1237122681873440.0000000000000000000000000000000000000000
-863502300030037.7500000000000000000000000000000000000000
357365986442788.1875000000000000000000000000000000000000
994188897910601.1250000000000000000000000000000000000000
-139192842017059.2343750000000000000000000000000000000000
82615249747343.3125000000000000000000000000000000000000
-1012350099385074.7500000000000000000000000000000000000000
-1197397150203984.5000000000000000000000000000000000000000
17125522250629.2421875000000000000000000000000000000000
-610737398971683.5000000000000000000000000000000000000000
-496306289464347.4375000000000000000000000000000000000000
434858881782786.8750000000000000000000000000000000000000
-2301834068434291.5000000000000000000000000000000000000000
91463873440839.1718750000000000000000000000000000000000
-1163484650110723.7500000000000000000000000000000000000000
2442071384130063.0000000000000000000000000000000000000000
857759124095987.5000000000000000000000000000000000000000
-583470931675912.8750000000000000000000000000000000000000
133246604957990.9531250000000000000000000000000000000000
-437952144634037.8750000000000000000000000000000000000000
300392310170800.0000000000000000000000000000000000000000
613219958868438.8750000000000000000000000000000000000000
-1195927005441167.5000000000000000000000000000000000000000
1085787547351086.7500000000000000000000000000000000000000
1147059360865523.5000000000000000000000000000000000000000
314069212924998.9375000000000000000000000000000000000000
-1334283981634585.5000000000000000000000000000000000000000
1403209091167182.5000000000000000000000000000000000000000
157078397525325.7500000000000000000000000000000000000000
-267484567112612.3125000000000000000000000000000000000000
809668741766610.0000000000000000000000000000000000000000
220448898808580.1562500000000000000000000000000000000000
-219557314742709.1250000000000000000000000000000000000000
-332987244392173.0625000000000000000000000000000000000000
452186887485062.9375000000000000000000000000000000000000
1383546343711291.2500000000000000000000000000000000000000
-859297749506795.2500000000000000000000000000000000000000
-336957044993034.6250000000000000000000000000000000000000
-1309522508988706.0000000000000000000000000000000000000000
134257212682629.2187500000000000000000000000000000000000
-1260886964374565.2500000000000000000000000000000000000000
-766020427357486.0000000000000000000000000000000000000000
-315731069143428.5625000000000000000000000000000000000000
-1688607140314165.0000000000000000000000000000000000000000
608384865034481.5000000000000000000000000000000000000000
253350151951716.2187500000000000000000000000000000000000
-115779857386266.9843750000000000000000000000000000000000
1388163243557937.7500000000000000000000000000000000000000
255252704967225.8750000000000000000000000000000000000000
640968992600484.1250000000000000000000000000000000000000
-365081320799683.2500000000000000000000000000000000000000
-106886736109819.4687500000000000000000000000000000000000
-1050346859918381.5000000000000000000000000000000000000000
-406743772191557.5625000000000000000000000000000000000000
1950801921729706.7500000000000000000000000000000000000000
-716467462369215.6250000000000000000000000000000000000000
-212546148064411.7500000000000000000000000000000000000000
341387421898273.5625000000000000000000000000000000000000
205003369468795.7812500000000000000000000000000000000000
2090170966163294.7500000000000000000000000000000000000000
-226079867391686.5937500000000000000000000000000000000000
-129756565320905.0781250000000000000000000000000000000000
-878027266236105.5000000000000000000000000000000000000000
1332592677335112.2500000000000000000000000000000000000000
-666545387733147.0000000000000000000000000000000000000000
403789826684101.5625000000000000000000000000000000000000
121341610677811.4843750000000000000000000000000000000000
234156945664849.0937500000000000000000000000000000000000
172818031371476.8750000000000000000000000000000000000000
1166835445985546.7500000000000000000000000000000000000000
-454603106364045.3750000000000000000000000000000000000000
-1932397900264614.5000000000000000000000000000000000000000
298162106254454.6250000000000000000000000000000000000000
853192096953065.3750000000000000000000000000000000000000
-185891457260442.2500000000000000000000000000000000000000
-2338292932234304.0000000000000000000000000000000000000000
332421188103457.5625000000000000000000000000000000000000
-932689754568677.5000000000000000000000000000000000000000
300829320120144.2500000000000000000000000000000000000000
-212806644724581.7187500000000000000000000000000000000000
-1061245804552191.7500000000000000000000000000000000000000
380315757553782.9375000000000000000000000000000000000000
2183105865507852.5000000000000000000000000000000000000000
-661251640603707.8750000000000000000000000000000000000000
-2369072010507018.5000000000000000000000000000000000000000
-445189474256156.1250000000000000000000000000000000000000
-934140080716527.0000000000000000000000000000000000000000
-988727257619581.7500000000000000000000000000000000000000
1143247892508224.0000000000000000000000000000000000000000
1021601258058038.7500000000000000000000000000000000000000
1523852506107342.7500000000000000000000000000000000000000
2195097762730918.7500000000000000000000000000000000000000
231298877814425.7812500000000000000000000000000000000000
1033378636948982.8750000000000000000000000000000000000000
-485259526279934.0625000000000000000000000000000000000000
1091453394756004.1250000000000000000000000000000000000000
-1019671574080173.2500000000000000000000000000000000000000
1151669022230288.2500000000000000000000000000000000000000
950410060098171.6250000000000000000000000000000000000000
-936517274954443.3750000000000000000000000000000000000000
-1335992259009317.7500000000000000000000000000000000000000
-1451994359124510.2500000000000000000000000000000000000000
619759532189622.2500000000000000000000000000000000000000
2432291106835749.0000000000000000000000000000000000000000
-1558819299241252.2500000000000000000000000000000000000000
-1909151588703786.2500000000000000000000000000000000000000
9683495151019.2519531250000000000000000000000000000000
-287371594798630.3750000000000000000000000000000000000000
-306847006389734.8750000000000000000000000000000000000000
1126738175711820.5000000000000000000000000000000000000000
-1090757522914118.3750000000000000000000000000000000000000
-845326502577756.1250000000000000000000000000000000000000
-1134510100258766.2500000000000000000000000000000000000000
2427347529721856.5000000000000000000000000000000000000000
405084094546078.3125000000000000000000000000000000000000
548632911976398.6875000000000000000000000000000000000000
1362177825002731.2500000000000000000000000000000000000000
751952031126264.7500000000000000000000000000000000000000
-636769476302211.8750000000000000000000000000000000000000
-1026480609705189.3750000000000000000000000000000000000000
-973652587406524.2500000000000000000000000000000000000000
93169289623146.2500000000000000000000000000000000000000
-1155615653544606.5000000000000000000000000000000000000000
-85514125975671.6250000000000000000000000000000000000000
217266536240872.9687500000000000000000000000000000000000
-1598147113538384.5000000000000000000000000000000000000000
-748661813615348.3750000000000000000000000000000000000000
-445297613556652.9375000000000000000000000000000000000000
1343480184289062.7500000000000000000000000000000000000000
23526787493123.6835937500000000000000000000000000000000
1442727405452311.5000000000000000000000000000000000000000
-630781767399229.1250000000000000000000000000000000000000
1798623990771238.2500000000000000000000000000000000000000
-944860457114035.0000000000000000000000000000000000000000
1903790430585246.7500000000000000000000000000000000000000
-199762800902578.4062500000000000000000000000000000000000
1205565662974980.2500000000000000000000000000000000000000
-243115418356207.5937500000000000000000000000000000000000
1627124161246273.5000000000000000000000000000000000000000
-716901555934381.6250000000000000000000000000000000000000
-470711887174725.4375000000000000000000000000000000000000
-292255467793800.5625000000000000000000000000000000000000
-1604055073694292.2500000000000000000000000000000000000000
-311801146462283.7500000000000000000000000000000000000000
591435944495110.6250000000000000000000000000000000000000
-439883540010325.9375000000000000000000000000000000000000
-241991548133305.1562500000000000000000000000000000000000
-553003539469976.1875000000000000000000000000000000000000
512920673138518.2500000000000000000000000000000000000000
802708942714218.2500000000000000000000000000000000000000
-419600566086584.7500000000000000000000000000000000000000
-1089797527173028.8750000000000000000000000000000000000000
863901801942078.6250000000000000000000000000000000000000
-1646698946541388.0000000000000000000000000000000000000000
1450757058485916.0000000000000000000000000000000000000000
-522011175633036.5000000000000000000000000000000000000000
285385924444380.4375000000000000000000000000000000000000
-563265517977326.7500000000000000000000000000000000000000
-690061611460335.7500000000000000000000000000000000000000
-917341503311673.1250000000000000000000000000000000000000
852465688518047.8750000000000000000000000000000000000000
490821489887684.8750000000000000000000000000000000000000
868767048171927.1250000000000000000000000000000000000000
-1065875459841050.1250000000000000000000000000000000000000
449871649574226.6250000000000000000000000000000000000000
64197645367739.7968750000000000000000000000000000000000
-360581419880612.7500000000000000000000000000000000000000
201359792620234.9687500000000000000000000000000000000000
2927907646231023.5000000000000000000000000000000000000000
91001218721571.3750000000000000000000000000000000000000
-489012258010000.6875000000000000000000000000000000000000
-1199696865041288.0000000000000000000000000000000000000000
-503673445037202.1875000000000000000000000000000000000000
610178677266438.5000000000000000000000000000000000000000
2169700265313148.0000000000000000000000000000000000000000
-1409997219895701.0000000000000000000000000000000000000000
351417920473435.3750000000000000000000000000000000000000
-645558967351104.8750000000000000000000000000000000000000
-930223767637051.8750000000000000000000000000000000000000
493343934496012.5625000000000000000000000000000000000000
-450351836122409.6250000000000000000000000000000000000000
-869557836043619.5000000000000000000000000000000000000000
-788346739347729.2500000000000000000000000000000000000000
-581213457644903.3750000000000000000000000000000000000000
1205088509618204.2500000000000000000000000000000000000000
-162528399513956.5312500000000000000000000000000000000000
1295935331551292.0000000000000000000000000000000000000000
-790148638380903.0000000000000000000000000000000000000000
-269563837808323.3437500000000000000000000000000000000000
321483264471582.3750000000000000000000000000000000000000
845101567253268.2500000000000000000000000000000000000000
771906923616151.3750000000000000000000000000000000000000
-1140398182631715.2500000000000000000000000000000000000000
-90973196735659.3281250000000000000000000000000000000000
884352503864615.7500000000000000000000000000000000000000
1135269422189102.7500000000000000000000000000000000000000
-2236988895781168.2500000000000000000000000000000000000000
556010041213810.8125000000000000000000000000000000000000
-416718624279260.0000000000000000000000000000000000000000
-264611104086274.5000000000000000000000000000000000000000
272584772366269.8750000000000000000000000000000000000000
217976498987181.4375000000000000000000000000000000000000
