0.1768992979215071037479845017514890059829
8.1125229915227112797992958803661167621613
-898.9749022430279410400544293224811553955078
19027.4364605107184615917503833770751953125000
-174197.0758973470656201243400573730468750000000
807905.0622966081136837601661682128906250000000
-1814844.4981099423021078109741210937500000000000
776189.7178671719739213585853576660156250000000
5050518.6777765490114688873291015625000000000000
-10035427.7979229148477315902709960937500000000000
3715031.7173262289725244045257568359375000000000
7813110.0808740667998790740966796875000000000000
-6028068.3724409285932779312133789062500000000000
-9013957.2335755098611116409301757812500000000000
14481406.9797796942293643951416015625000000000000
2657553.0931693436577916145324707031250000000000
-13469861.7632829453796148300170898437500000000000
739963.8219325788086280226707458496093750000000
-1188113.0789855970069766044616699218750000000000
7106246.3973469445481896400451660156250000000000
3086199.5224359752610325813293457031250000000000
1087457.6846757328603416681289672851562500000000
-3918560.0675505488179624080657958984375000000000
-1077338.3153207304421812295913696289062500000000
-4213184.7217286815866827964782714843750000000000
-2257476.7997528845444321632385253906250000000000
7328051.1846232563257217407226562500000000000000
2682085.9546541222371160984039306640625000000000
-6762386.1210476988926529884338378906250000000000
847789.4375741118565201759338378906250000000000
-6801505.5907777557149529457092285156250000000000
11941274.4644541479647159576416015625000000000000
-489171.9225599565543234348297119140625000000000
1395863.0891644353978335857391357421875000000000
824462.0596059672534465789794921875000000000000
-364595.7591110236826352775096893310546875000000
-4018274.4878190290182828903198242187500000000000
-3801672.2197561152279376983642578125000000000000
-7452852.9028788730502128601074218750000000000000
6807762.9765463424846529960632324218750000000000
-1197871.5042732693254947662353515625000000000000
7299345.0520029477775096893310546875000000000000
1941873.5122929080389440059661865234375000000000
-4486907.3464877735823392868041992187500000000000
8846575.2745403088629245758056640625000000000000
-7000355.4999608350917696952819824218750000000000
-149655.8074660767451860010623931884765625000000
4248713.6324524087831377983093261718750000000000
-6046908.3418148448690772056579589843750000000000
-2404474.9091660259291529655456542968750000000000
-4093695.8388233217410743236541748046875000000000
3662718.3452116413973271846771240234375000000000
-3636592.2388745369389653205871582031250000000000
6179547.6143235107883810997009277343750000000000
-2894294.9875253704376518726348876953125000000000
4002182.5008459351956844329833984375000000000000
-103037.4855691905686398968100547790527343750000
3365986.6634091609157621860504150390625000000000
-3396708.5335568925365805625915527343750000000000
11776283.6411565411835908889770507812500000000000
-3584285.9329246045090258121490478515625000000000
-8714124.5465543549507856369018554687500000000000
-3372344.7543342337012290954589843750000000000000
-7292639.9113907720893621444702148437500000000000
1459708.8170191291719675064086914062500000000000
-1715920.9829207852017134428024291992187500000000
2213415.0595107413828372955322265625000000000000
11631175.6582806743681430816650390625000000000000
-3415320.8941134642809629440307617187500000000000
-779108.1432621931890025734901428222656250000000
5524139.8354613892734050750732421875000000000000
2602289.1991086532361805438995361328125000000000
-94156.0454956055764341726899147033691406250000
6173804.2604676075279712677001953125000000000000
2226048.4002965884283185005187988281250000000000
-1685305.4619230485986918210983276367187500000000
-62985.0591343847481766715645790100097656250000
-5812957.4415565337985754013061523437500000000000
1043957.4338988732779398560523986816406250000000
-4087433.2066021687351167201995849609375000000000
-4085871.6485439101234078407287597656250000000000
1770640.1219235064927488565444946289062500000000
-13577651.0089501664042472839355468750000000000000
-69114.8455868249002378433942794799804687500000
-7534024.1617752388119697570800781250000000000000
-5188629.3567426893860101699829101562500000000000
2398205.4634588281624019145965576171875000000000
-1263128.7985375372227281332015991210937500000000
-3849795.9837739006616175174713134765625000000000
8304799.4152782475575804710388183593750000000000
4015315.2832542546093463897705078125000000000000
8059817.7730918852612376213073730468750000000000
2803095.3441357808187603950500488281250000000000
12111905.5848965495824813842773437500000000000000
1858161.3682716495823115110397338867187500000000
97441.5321546244376804679632186889648437500000
8305923.9485945235937833786010742187500000000000
96400.0812283414707053452730178833007812500000
-1260135.5703746716026216745376586914062500000000
1090904.9155496843159198760986328125000000000000
5516055.5415922272950410842895507812500000000000
-3678335.1105777267366647720336914062500000000000
7041007.3607916040346026420593261718750000000000
-8173946.6012596720829606056213378906250000000000
-4745176.6994420178234577178955078125000000000000
1159288.0427144039422273635864257812500000000000
1867305.3491231712978333234786987304687500000000
-11939295.4971128571778535842895507812500000000000
1276788.5864679547958076000213623046875000000000
-6909222.0861442768946290016174316406250000000000
-747552.9114458144176751375198364257812500000000
-6248067.4258798714727163314819335937500000000000
1041167.6486326227895915508270263671875000000000
-11940854.5073465406894683837890625000000000000000
1042443.2454372132197022438049316406250000000000
-535174.5132326526800170540809631347656250000000
-6153230.5193934906274080276489257812500000000000
-7889581.5141485920175909996032714843750000000000
-3893972.9257143991999328136444091796875000000000
-4978468.9723588665947318077087402343750000000000
11196617.7708600088953971862792968750000000000000
3062268.4148354926146566867828369140625000000000
1045294.7612680594902485609054565429687500000000
-1752814.5096982750110328197479248046875000000000
-1592938.7749204596038907766342163085937500000000
12234412.3362096529453992843627929687500000000000
-5033.8475566510951466625556349754333496093750
11525683.3686099238693714141845703125000000000000
10981720.1612654030323028564453125000000000000000
1468593.8003419667948037385940551757812500000000
8063550.6733041470870375633239746093750000000000
13596018.2392343636602163314819335937500000000000
-10121403.7748738918453454971313476562500000000000
5187896.1260088328272104263305664062500000000000
10653912.0883292425423860549926757812500000000000
-10253193.8866777103394269943237304687500000000000
8073700.0309857586398720741271972656250000000000
-7817355.9033284978941082954406738281250000000000
-6564698.3328282488510012626647949218750000000000
10800835.9067295975983142852783203125000000000000
-188963.5639240673626773059368133544921875000000
7823173.4586501866579055786132812500000000000000
-718534.2777522032847627997398376464843750000000
-7317998.2068659858778119087219238281250000000000
-3748380.7844329467043280601501464843750000000000
-7421151.3449479090049862861633300781250000000000
-15635025.2855589166283607482910156250000000000000
2947155.1581268222071230411529541015625000000000
-1042742.6188787429127842187881469726562500000000
-12092182.5660878457129001617431640625000000000000
2465471.2679062886163592338562011718750000000000
6775106.2749289525672793388366699218750000000000
1434480.9193912302143871784210205078125000000000
-6468936.3122050976380705833435058593750000000000
-6100437.7838691892102360725402832031250000000000
-7933555.7827131850644946098327636718750000000000
-4001216.8893686449155211448669433593750000000000
5812524.3769502304494380950927734375000000000000
-5244472.6605774583294987678527832031250000000000
-6539659.7914993017911911010742187500000000000000
10324817.4420354012399911880493164062500000000000
-2513359.2751597291789948940277099609375000000000
-408163.8255877654301002621650695800781250000000
-2941336.6077848784625530242919921875000000000000
-7721327.5831680549308657646179199218750000000000
10989427.0929920431226491928100585937500000000000
455911.9316727290279231965541839599609375000000
-176944.3824965091189369559288024902343750000000
-203724.1965299859293736517429351806640625000000
-7770928.4539318578317761421203613281250000000000
-9404561.2461700439453125000000000000000000000000
4379790.6370440302416682243347167968750000000000
-5045746.2067855605855584144592285156250000000000
11912581.9561034440994262695312500000000000000000
15233380.6862933672964572906494140625000000000000
12365518.1261068433523178100585937500000000000000
9575229.6537469085305929183959960937500000000000
3323318.6611907454207539558410644531250000000000
-7039591.2806861847639083862304687500000000000000
8326362.5330876000225543975830078125000000000000
-4264768.8938508620485663414001464843750000000000
1396419.8316050770226866006851196289062500000000
4981752.0697490368038415908813476562500000000000
-8068719.4813050134107470512390136718750000000000
-5974776.0429681260138750076293945312500000000000
4647133.2683766260743141174316406250000000000000
273035.6119587078574113547801971435546875000000
-5604548.0491810934618115425109863281250000000000
4477828.0518557634204626083374023437500000000000
2489859.8645367827266454696655273437500000000000
176151.1593548591190483421087265014648437500000
11630854.5171410292387008666992187500000000000000
4064473.3349885246716439723968505859375000000000
-1265218.4214018036145716905593872070312500000000
-8604874.4241807442158460617065429687500000000000
6998126.2838528407737612724304199218750000000000
-5136708.8567247567698359489440917968750000000000
-3431035.9266001726500689983367919921875000000000
517157.1488058930844999849796295166015625000000
6174778.9075604612007737159729003906250000000000
-4609640.5466947564855217933654785156250000000000
-157830.9792349885392468422651290893554687500000
-502871.1869366986211389303207397460937500000000
5265490.6451830947771668434143066406250000000000
-8097740.4951196750625967979431152343750000000000
3400626.0868394169956445693969726562500000000000
-15317165.0809798743575811386108398437500000000000
-5627748.2464920580387115478515625000000000000000
-6562736.7791802175343036651611328125000000000000
2272753.9395657344721257686614990234375000000000
5547259.9110749792307615280151367187500000000000
3683660.7245728252455592155456542968750000000000
4844662.7527612186968326568603515625000000000000
6846133.6506387498229742050170898437500000000000
-1137057.3304959987290203571319580078125000000000
5321402.4196206731721758842468261718750000000000
5172857.9443578040227293968200683593750000000000
-7336696.5526759121567010879516601562500000000000
-141252.6468511498242150992155075073242187500000
-14204781.4971308950334787368774414062500000000000
-18727601.8813872970640659332275390625000000000000
-7858937.9679364012554287910461425781250000000000
4507118.5168978394940495491027832031250000000000
-8642392.2248776834458112716674804687500000000000
-160102.7741972097137477248907089233398437500000
-8175380.9107371876016259193420410156250000000000
-251713.3140850325871724635362625122070312500000
10347061.9361888524144887924194335937500000000000
3958350.0131980008445680141448974609375000000000
-9039769.8956483677029609680175781250000000000000
5901388.1419864958152174949645996093750000000000
4511182.3677328163757920265197753906250000000000
-7961764.9877550620585680007934570312500000000000
5549718.1800479153171181678771972656250000000000
16522132.7485428825020790100097656250000000000000
1094026.0928268630523234605789184570312500000000
21687169.3600534461438655853271484375000000000000
-5465580.7905100835487246513366699218750000000000
12120951.3179498035460710525512695312500000000000
-5095197.2068004170432686805725097656250000000000
-8488141.9742852244526147842407226562500000000000
13559749.3137535434216260910034179687500000000000
11164600.2968955971300601959228515625000000000000
-10401520.0499155763536691665649414062500000000000
-3634826.7926289015449583530426025390625000000000
-8556103.7791519481688737869262695312500000000000
-1930057.1727179202716797590255737304687500000000
-12826456.3811755590140819549560546875000000000000
3944149.7433229684829711914062500000000000000000
10051792.1711484491825103759765625000000000000000
-8645160.9072276484221220016479492187500000000000
5303543.9732715040445327758789062500000000000000
1039782.7777378676692023873329162597656250000000
-16165291.6817741617560386657714843750000000000000
10174797.3913468569517135620117187500000000000000
6888520.4892859328538179397583007812500000000000
-15105968.3131439816206693649291992187500000000000
-7159225.8474121373146772384643554687500000000000
3035387.8945949608460068702697753906250000000000
-6141047.4225556291639804840087890625000000000000
825618.7990739463130012154579162597656250000000
7405406.0344706233590841293334960937500000000000
11107567.5607283599674701690673828125000000000000
-2031668.5898720412515103816986083984375000000000
-1949316.9954809972550719976425170898437500000000
1424590.6198635080363601446151733398437500000000
-3687802.4572497792541980743408203125000000000000
1166955.4629060442093759775161743164062500000000
6733678.2006671028211712837219238281250000000000
1444457.2381516445893794298171997070312500000000
8497555.7578531708568334579467773437500000000000
-2022442.9650430199690163135528564453125000000000
-4415429.0450185583904385566711425781250000000000
1231594.0051932230126112699508666992187500000000
-3160885.4695300618186593055725097656250000000000
11025398.0257375314831733703613281250000000000000
4351786.2458493150770664215087890625000000000000
-4709947.3670649267733097076416015625000000000000
1925180.3062054207548499107360839843750000000000
-9093094.4893228840082883834838867187500000000000
3657924.6173571213148534297943115234375000000000
-12437376.8435803707689046859741210937500000000000
-1446135.6635463866405189037322998046875000000000
18595374.2993097752332687377929687500000000000000
-7522705.0922873532399535179138183593750000000000
-265797.2841353167314082384109497070312500000000
-11510654.6029820200055837631225585937500000000000
16379418.5059485547244548797607421875000000000000
-4118474.6083542751148343086242675781250000000000
-14939909.7490038108080625534057617187500000000000
-13097783.1509921308606863021850585937500000000000
7036494.2847216706722974777221679687500000000000
7205882.6309780366718769073486328125000000000000
9979497.1394955907016992568969726562500000000000
7045632.8922770172357559204101562500000000000000
-10327951.3142655640840530395507812500000000000000
-7139524.5601002657786011695861816406250000000000
14294388.8537730835378170013427734375000000000000
5362927.5131951486691832542419433593750000000000
-2312560.6370997871272265911102294921875000000000
6171359.1227476559579372406005859375000000000000
-690781.3927325657568871974945068359375000000000
-10122322.9703420065343379974365234375000000000000
6554140.2117833076044917106628417968750000000000
-9662105.8036510348320007324218750000000000000000
-1151944.8025302833411842584609985351562500000000
4513914.8623089138418436050415039062500000000000
-1197118.0329757374711334705352783203125000000000
-8901695.3443528525531291961669921875000000000000
8414985.1392211057245731353759765625000000000000
-16057968.6864950843155384063720703125000000000000
-3687854.9220663565210998058319091796875000000000
3240896.2845040988177061080932617187500000000000
-13524732.4090250972658395767211914062500000000000
2173149.9088659714907407760620117187500000000000
-4134971.6122593302279710769653320312500000000000
-6037629.0842450056225061416625976562500000000000
2064417.5216415419708937406539916992187500000000
7859540.8445837674662470817565917968750000000000
5974856.5794617244973778724670410156250000000000
-544633.2000817207153886556625366210937500000000
19710095.3640877604484558105468750000000000000000
1349954.9735360716003924608230590820312500000000
-6119337.7776338737457990646362304687500000000000
239028.3733330990071408450603485107421875000000
8430209.2314447965472936630249023437500000000000
2790303.5431395699270069599151611328125000000000
1072156.9102623902726918458938598632812500000000
5581442.0611693141981959342956542968750000000000
-7831672.6899942839518189430236816406250000000000
-13166776.3555754013359546661376953125000000000000
14144046.7290531881153583526611328125000000000000
16788562.6177535690367221832275390625000000000000
5983622.4137773504480719566345214843750000000000
-1302742.1303834319114685058593750000000000000000
-13156335.7089919261634349822998046875000000000000
-10407168.7857247758656740188598632812500000000000
-2627657.0587676237337291240692138671875000000000
-21037673.6748681403696537017822265625000000000000
5751870.0543850185349583625793457031250000000000
7881519.0887968791648745536804199218750000000000
11144196.7503040004521608352661132812500000000000
-3456601.1470791683532297611236572265625000000000
-9632260.3538179192692041397094726562500000000000
2575832.7559439903125166893005371093750000000000
-2174263.1556942681781947612762451171875000000000
-5544250.3649313049390912055969238281250000000000
-4819176.7546367319300770759582519531250000000000
-9106240.9484685175120830535888671875000000000000
-4002649.6168822171166539192199707031250000000000
3384834.0104285506531596183776855468750000000000
5259413.4016405725851655006408691406250000000000
591864.6348928471561521291732788085937500000000
-734514.0772632418666034936904907226562500000000
14047508.7402195706963539123535156250000000000000
4964510.7451621452346444129943847656250000000000
-5032857.3297369265928864479064941406250000000000
5670500.2619694713503122329711914062500000000000
23971246.7210216335952281951904296875000000000000
-568090.8396327741211280226707458496093750000000
16447888.3757874183356761932373046875000000000000
-12596838.3924861811101436614990234375000000000000
-13420931.2286900747567415237426757812500000000000
-3437103.2179737258702516555786132812500000000000
-11086667.1052972469478845596313476562500000000000
-1865129.4484939731191843748092651367187500000000
1406891.8131884033791720867156982421875000000000
9471336.1326245833188295364379882812500000000000
7454614.2115350756794214248657226562500000000000
-15530165.9740821365267038345336914062500000000000
1364371.7432342106476426124572753906250000000000
7404046.3469436522573232650756835937500000000000
-7194994.7194367544725537300109863281250000000000
2908633.2298585935495793819427490234375000000000
5021388.7061064708977937698364257812500000000000
-19903373.0968500711023807525634765625000000000000
-319439.6191777810454368591308593750000000000000
6155149.9760553166270256042480468750000000000000
-13880546.6942457314580678939819335937500000000000
5200052.2702768919989466667175292968750000000000
13061559.6379157248884439468383789062500000000000
