-14.8834435968863569854647721513174474239349
3438.2328043112934210512321442365646362304688
-315182.3691660989425145089626312255859375000000
14558938.8487851638346910476684570312500000000000
-399256995.6931557059288024902343750000000000000000
7174333845.6291236877441406250000000000000000000000
-89768205697.8533325195312500000000000000000000000000
812276607334.2626953125000000000000000000000000000000
-5434812898806.5605468750000000000000000000000000000000
27156903003418.6054687500000000000000000000000000000000
-101135835739303.4687500000000000000000000000000000000000
275909115045406.7500000000000000000000000000000000000000
-528102338836552.3125000000000000000000000000000000000000
638882105063609.6250000000000000000000000000000000000000
-345018368647681.4375000000000000000000000000000000000000
-79584201330359.6250000000000000000000000000000000000000
-192515273788963.2500000000000000000000000000000000000000
1043041994251481.0000000000000000000000000000000000000000
-878182657322215.6250000000000000000000000000000000000000
-410859637753853.1875000000000000000000000000000000000000
579655628687836.0000000000000000000000000000000000000000
90334705471344.2500000000000000000000000000000000000000
738942251333276.8750000000000000000000000000000000000000
-1121571509107313.6250000000000000000000000000000000000000
-593853490677558.7500000000000000000000000000000000000000
1010666640441757.8750000000000000000000000000000000000000
-402573318962354.3750000000000000000000000000000000000000
957056361745179.5000000000000000000000000000000000000000
-575086347203809.2500000000000000000000000000000000000000
363147934925377.3125000000000000000000000000000000000000
-984330466812266.1250000000000000000000000000000000000000
561293659509271.1250000000000000000000000000000000000000
-1132379242662195.2500000000000000000000000000000000000000
477536967288117.5000000000000000000000000000000000000000
1333855113620564.7500000000000000000000000000000000000000
-565934565562602.3750000000000000000000000000000000000000
849189970534481.2500000000000000000000000000000000000000
-490940123585548.8125000000000000000000000000000000000000
-29104724773745.5820312500000000000000000000000000000000
-605846959655790.3750000000000000000000000000000000000000
-1387643631992232.2500000000000000000000000000000000000000
-385765663663314.7500000000000000000000000000000000000000
691998850641709.0000000000000000000000000000000000000000
1422731489467204.5000000000000000000000000000000000000000
1264472922009628.5000000000000000000000000000000000000000
-39422368227241.2187500000000000000000000000000000000000
53650054938176.0781250000000000000000000000000000000000
-305125764465253.8125000000000000000000000000000000000000
-1036078349833827.2500000000000000000000000000000000000000
-1347439115098830.0000000000000000000000000000000000000000
271909859138269.9375000000000000000000000000000000000000
-641219169381787.8750000000000000000000000000000000000000
-241869969885758.5000000000000000000000000000000000000000
630052037580602.8750000000000000000000000000000000000000
576730141953688.3750000000000000000000000000000000000000
924222187856471.1250000000000000000000000000000000000000
701984278013176.3750000000000000000000000000000000000000
395031467004937.5625000000000000000000000000000000000000
453500691663231.3750000000000000000000000000000000000000
-267765190572414.4687500000000000000000000000000000000000
25177668402965.2968750000000000000000000000000000000000
-303318504972195.1875000000000000000000000000000000000000
-1950704783903764.7500000000000000000000000000000000000000
-578622841939105.5000000000000000000000000000000000000000
-1233028717404162.2500000000000000000000000000000000000000
447341008323660.9375000000000000000000000000000000000000
80515820710605.7812500000000000000000000000000000000000
-192770919002095.8750000000000000000000000000000000000000
460677286653636.0625000000000000000000000000000000000000
1951849261870074.2500000000000000000000000000000000000000
81834349684699.6406250000000000000000000000000000000000
275014605043356.6562500000000000000000000000000000000000
1260974098599112.0000000000000000000000000000000000000000
-287235586837225.5000000000000000000000000000000000000000
345898449067520.6875000000000000000000000000000000000000
284428078862044.5625000000000000000000000000000000000000
381688203101357.0000000000000000000000000000000000000000
-1253785739321595.0000000000000000000000000000000000000000
-1177674149404055.0000000000000000000000000000000000000000
45835025679726.5625000000000000000000000000000000000000
-1739004163379772.7500000000000000000000000000000000000000
-1078844026155189.0000000000000000000000000000000000000000
-1478551666484445.0000000000000000000000000000000000000000
1136194525246201.0000000000000000000000000000000000000000
579812887268749.6250000000000000000000000000000000000000
251440900611652.2500000000000000000000000000000000000000
1512808582358289.0000000000000000000000000000000000000000
445814128296682.7500000000000000000000000000000000000000
466734551665086.3750000000000000000000000000000000000000
599825522416052.7500000000000000000000000000000000000000
1220902692215295.2500000000000000000000000000000000000000
-295483666097922.8750000000000000000000000000000000000000
-478315137380806.0000000000000000000000000000000000000000
-555750468108729.7500000000000000000000000000000000000000
269974621402548.0937500000000000000000000000000000000000
-232784344375889.8125000000000000000000000000000000000000
-351259581332471.3750000000000000000000000000000000000000
381317486549068.3125000000000000000000000000000000000000
916342361416037.3750000000000000000000000000000000000000
-815967616160085.8750000000000000000000000000000000000000
-809552725702569.7500000000000000000000000000000000000000
844667464416524.7500000000000000000000000000000000000000
-651595341616468.6250000000000000000000000000000000000000
-953928320622564.0000000000000000000000000000000000000000
-1637369626870814.5000000000000000000000000000000000000000
-1424613052648016.2500000000000000000000000000000000000000
500602813684798.3750000000000000000000000000000000000000
522611456640522.4375000000000000000000000000000000000000
41053639724522.9921875000000000000000000000000000000000
747917738801211.8750000000000000000000000000000000000000
-856766137368754.5000000000000000000000000000000000000000
1419856870715511.7500000000000000000000000000000000000000
1684741552057560.0000000000000000000000000000000000000000
1774733149539686.7500000000000000000000000000000000000000
-514520097974294.0625000000000000000000000000000000000000
-831611693998223.5000000000000000000000000000000000000000
287461777882121.3750000000000000000000000000000000000000
628198426514662.3750000000000000000000000000000000000000
-522916437117984.0625000000000000000000000000000000000000
623965976243995.0000000000000000000000000000000000000000
-922030581862174.3750000000000000000000000000000000000000
-307755385211615.2500000000000000000000000000000000000000
899662232819177.0000000000000000000000000000000000000000
168823141426714.7500000000000000000000000000000000000000
322669397392746.0625000000000000000000000000000000000000
34819022335211.5390625000000000000000000000000000000000
-1730174477312953.0000000000000000000000000000000000000000
-529920153272119.5000000000000000000000000000000000000000
-1675153351025707.0000000000000000000000000000000000000000
1761652091181453.2500000000000000000000000000000000000000
493377879365370.9375000000000000000000000000000000000000
-1778820780474416.7500000000000000000000000000000000000000
-329452991747149.0000000000000000000000000000000000000000
-242085834323763.4375000000000000000000000000000000000000
-214188189850439.0000000000000000000000000000000000000000
726657724691050.1250000000000000000000000000000000000000
-1112365481525865.6250000000000000000000000000000000000000
1215916352570530.7500000000000000000000000000000000000000
427012653507190.0000000000000000000000000000000000000000
-154264983138298.3437500000000000000000000000000000000000
-1740153460171218.0000000000000000000000000000000000000000
1429386395651949.5000000000000000000000000000000000000000
32600183965383.6171875000000000000000000000000000000000
644136435100373.3750000000000000000000000000000000000000
814443627993756.7500000000000000000000000000000000000000
720945832011979.7500000000000000000000000000000000000000
230331905083012.4687500000000000000000000000000000000000
-37060540982297.4453125000000000000000000000000000000000
261633746974731.7500000000000000000000000000000000000000
1500409690933377.7500000000000000000000000000000000000000
-203665886479832.1562500000000000000000000000000000000000
-105185416665198.4062500000000000000000000000000000000000
-2075489365335012.5000000000000000000000000000000000000000
683199040587467.0000000000000000000000000000000000000000
-853526459578028.3750000000000000000000000000000000000000
-16904590719459.0820312500000000000000000000000000000000
747581770222332.3750000000000000000000000000000000000000
-904466307821782.6250000000000000000000000000000000000000
346205416368873.0000000000000000000000000000000000000000
-155493314387099.3437500000000000000000000000000000000000
-445324729154954.5000000000000000000000000000000000000000
915478557417558.3750000000000000000000000000000000000000
673279049601948.1250000000000000000000000000000000000000
509267790721418.5000000000000000000000000000000000000000
-440226884649520.5000000000000000000000000000000000000000
355707472404901.0625000000000000000000000000000000000000
-1135264932191090.0000000000000000000000000000000000000000
-1946115955973702.7500000000000000000000000000000000000000
987510144573158.8750000000000000000000000000000000000000
-230758963401292.9062500000000000000000000000000000000000
-1107790234596079.6250000000000000000000000000000000000000
-600444601795778.7500000000000000000000000000000000000000
-843938894267044.5000000000000000000000000000000000000000
2199128718681795.0000000000000000000000000000000000000000
-1241189147930327.0000000000000000000000000000000000000000
-752719988539666.7500000000000000000000000000000000000000
-1261538018625228.2500000000000000000000000000000000000000
829619950733567.3750000000000000000000000000000000000000
711657155235234.7500000000000000000000000000000000000000
996627843843644.6250000000000000000000000000000000000000
-453185095579865.3750000000000000000000000000000000000000
264754856654475.3750000000000000000000000000000000000000
-1145301815192359.0000000000000000000000000000000000000000
1870169580730681.5000000000000000000000000000000000000000
1140279803928967.5000000000000000000000000000000000000000
-868124243286391.2500000000000000000000000000000000000000
1223245199937798.7500000000000000000000000000000000000000
2098478349425725.5000000000000000000000000000000000000000
1076149151748544.5000000000000000000000000000000000000000
-2389915353283066.5000000000000000000000000000000000000000
872193922900177.5000000000000000000000000000000000000000
913475132215460.5000000000000000000000000000000000000000
435399788144573.1875000000000000000000000000000000000000
78677400780458.3281250000000000000000000000000000000000
-1788573459239752.2500000000000000000000000000000000000000
1304655913506936.7500000000000000000000000000000000000000
1430121059960849.5000000000000000000000000000000000000000
305027225415327.9375000000000000000000000000000000000000
-2184767742970523.2500000000000000000000000000000000000000
-1328613498059555.7500000000000000000000000000000000000000
-878220218454228.0000000000000000000000000000000000000000
-3293571851837485.0000000000000000000000000000000000000000
1171634884589018.2500000000000000000000000000000000000000
1220522027943415.2500000000000000000000000000000000000000
-332646298022710.0625000000000000000000000000000000000000
1636602953200713.0000000000000000000000000000000000000000
-470453734114528.7500000000000000000000000000000000000000
1192420145267199.0000000000000000000000000000000000000000
-1882843298913203.5000000000000000000000000000000000000000
1161896054559074.0000000000000000000000000000000000000000
-2628413694687175.0000000000000000000000000000000000000000
1196620993727282.0000000000000000000000000000000000000000
380963279475858.1875000000000000000000000000000000000000
-1565976857174176.7500000000000000000000000000000000000000
-1198204634810263.5000000000000000000000000000000000000000
-2144437020506516.2500000000000000000000000000000000000000
1680839008459650.5000000000000000000000000000000000000000
2553448948477490.0000000000000000000000000000000000000000
-1842229520059860.5000000000000000000000000000000000000000
-1654403785136960.5000000000000000000000000000000000000000
1113596684891765.0000000000000000000000000000000000000000
370327503218322.0625000000000000000000000000000000000000
437809444199876.7500000000000000000000000000000000000000
966325698639044.3750000000000000000000000000000000000000
-203507787831705.5937500000000000000000000000000000000000
-231584311357329.6875000000000000000000000000000000000000
-1615798561499806.5000000000000000000000000000000000000000
3642649031819250.5000000000000000000000000000000000000000
1080214270836192.1250000000000000000000000000000000000000
38221500004548.0625000000000000000000000000000000000000
1614114909028356.0000000000000000000000000000000000000000
464301040931707.5625000000000000000000000000000000000000
124542510700136.5468750000000000000000000000000000000000
-1060729204927772.7500000000000000000000000000000000000000
-589374424572211.1250000000000000000000000000000000000000
-166406191068899.2812500000000000000000000000000000000000
-127370849980080.3281250000000000000000000000000000000000
365203651004163.5625000000000000000000000000000000000000
504645706039016.2500000000000000000000000000000000000000
-1008907205316368.1250000000000000000000000000000000000000
-338942516725005.1250000000000000000000000000000000000000
-1270072475371718.7500000000000000000000000000000000000000
591495150908706.0000000000000000000000000000000000000000
-899406003784386.0000000000000000000000000000000000000000
956021772315421.1250000000000000000000000000000000000000
-1634199423248461.2500000000000000000000000000000000000000
2923854653009114.0000000000000000000000000000000000000000
-844050620612338.8750000000000000000000000000000000000000
1583065238935815.0000000000000000000000000000000000000000
344604538405758.8125000000000000000000000000000000000000
1022450331934335.7500000000000000000000000000000000000000
-1300395568714992.0000000000000000000000000000000000000000
1828647028667926.5000000000000000000000000000000000000000
-911263893592756.0000000000000000000000000000000000000000
-1052558355779295.5000000000000000000000000000000000000000
-1251995972865262.7500000000000000000000000000000000000000
-2609792475713072.5000000000000000000000000000000000000000
-1037618051513552.6250000000000000000000000000000000000000
1474488554966280.5000000000000000000000000000000000000000
62889920020735.2265625000000000000000000000000000000000
-1121564410043402.2500000000000000000000000000000000000000
-879531350062082.1250000000000000000000000000000000000000
966552289983907.2500000000000000000000000000000000000000
913107328742220.1250000000000000000000000000000000000000
-1069760468773632.7500000000000000000000000000000000000000
-859294789399188.2500000000000000000000000000000000000000
2125731702642425.2500000000000000000000000000000000000000
-1428638245600102.0000000000000000000000000000000000000000
1770244629347425.2500000000000000000000000000000000000000
261053149817979.0000000000000000000000000000000000000000
309246319446989.2500000000000000000000000000000000000000
-1308253994032941.7500000000000000000000000000000000000000
-2261529874494332.5000000000000000000000000000000000000000
-315602810720292.0000000000000000000000000000000000000000
-287062879638361.8125000000000000000000000000000000000000
1579181402050175.2500000000000000000000000000000000000000
411269768061930.4375000000000000000000000000000000000000
79114561966702.5625000000000000000000000000000000000000
1131487047714911.5000000000000000000000000000000000000000
832327375891995.7500000000000000000000000000000000000000
-451428802764761.7500000000000000000000000000000000000000
-136033756712019.3437500000000000000000000000000000000000
3624718492309184.0000000000000000000000000000000000000000
-893915741133747.2500000000000000000000000000000000000000
532408575141504.6875000000000000000000000000000000000000
-2196049529980451.7500000000000000000000000000000000000000
-1525485223110641.0000000000000000000000000000000000000000
-440718081651113.8125000000000000000000000000000000000000
1751943678862793.7500000000000000000000000000000000000000
-869464868065137.6250000000000000000000000000000000000000
1544158484360255.5000000000000000000000000000000000000000
80484279422087.2500000000000000000000000000000000000000
188763746195468.4687500000000000000000000000000000000000
1117322096188909.3750000000000000000000000000000000000000
637127919077054.8750000000000000000000000000000000000000
-1039235884821423.0000000000000000000000000000000000000000
-888492538986948.1250000000000000000000000000000000000000
1772529415152129.7500000000000000000000000000000000000000
338142680169156.7500000000000000000000000000000000000000
-377871964822839.3750000000000000000000000000000000000000
1188219189871437.2500000000000000000000000000000000000000
-1085201298468065.5000000000000000000000000000000000000000
-459231898169588.0000000000000000000000000000000000000000
-461210197662844.3125000000000000000000000000000000000000
-700642035643011.8750000000000000000000000000000000000000
476559075485644.1250000000000000000000000000000000000000
-1636403054103639.5000000000000000000000000000000000000000
649997603307093.3750000000000000000000000000000000000000
885179465848982.7500000000000000000000000000000000000000
-89521590902084.6718750000000000000000000000000000000000
-1039625616021551.7500000000000000000000000000000000000000
-418002456845402.8750000000000000000000000000000000000000
105060795670467.9687500000000000000000000000000000000000
1146676968403149.7500000000000000000000000000000000000000
-762459891128867.5000000000000000000000000000000000000000
-265294328459790.9062500000000000000000000000000000000000
-1190008000340905.5000000000000000000000000000000000000000
462354141559286.5625000000000000000000000000000000000000
-21688076689065.7539062500000000000000000000000000000000
-1806894525427490.7500000000000000000000000000000000000000
-337540954326561.3750000000000000000000000000000000000000
375127545637445.8750000000000000000000000000000000000000
-300025526992966.0625000000000000000000000000000000000000
-660425278400841.7500000000000000000000000000000000000000
2946142918510400.5000000000000000000000000000000000000000
-775904023018484.2500000000000000000000000000000000000000
1759457300183075.0000000000000000000000000000000000000000
-696256061771956.6250000000000000000000000000000000000000
-2089007067824132.5000000000000000000000000000000000000000
-856603135280757.3750000000000000000000000000000000000000
224764594352571.7187500000000000000000000000000000000000
557750282798946.8750000000000000000000000000000000000000
-42815169575887.0312500000000000000000000000000000000000
891482242306488.3750000000000000000000000000000000000000
1936708414971654.2500000000000000000000000000000000000000
-1546734932852328.2500000000000000000000000000000000000000
1141707461290737.0000000000000000000000000000000000000000
-201639053431897.5312500000000000000000000000000000000000
-1047537830329931.6250000000000000000000000000000000000000
507072273034403.8125000000000000000000000000000000000000
2126031217550898.5000000000000000000000000000000000000000
-1975556260825234.5000000000000000000000000000000000000000
315000732478763.1250000000000000000000000000000000000000
330669537680904.6250000000000000000000000000000000000000
880022625628738.3750000000000000000000000000000000000000
-705544996915709.1250000000000000000000000000000000000000
688606915714961.2500000000000000000000000000000000000000
-1501822893958298.7500000000000000000000000000000000000000
902402217719127.7500000000000000000000000000000000000000
128890668915155.6875000000000000000000000000000000000000
1241734801078775.5000000000000000000000000000000000000000
-1401991235636012.5000000000000000000000000000000000000000
-2070954979335768.5000000000000000000000000000000000000000
-1579898030748515.5000000000000000000000000000000000000000
-1587226569358220.0000000000000000000000000000000000000000
3314419919452385.5000000000000000000000000000000000000000
1612497979045762.2500000000000000000000000000000000000000
872451571338127.2500000000000000000000000000000000000000
358216500475633.8125000000000000000000000000000000000000
2134310345038208.5000000000000000000000000000000000000000
912402907741743.6250000000000000000000000000000000000000
-288410287687281.3125000000000000000000000000000000000000
-1076753096344220.8750000000000000000000000000000000000000
-468906613551136.3750000000000000000000000000000000000000
-177856938120672.2187500000000000000000000000000000000000
1775974345463819.2500000000000000000000000000000000000000
-1672491670073413.7500000000000000000000000000000000000000
-2695945666494837.5000000000000000000000000000000000000000
90390935373837.1875000000000000000000000000000000000000
143479950091830.9375000000000000000000000000000000000000
1086310317786969.6250000000000000000000000000000000000000
-2152843871840509.5000000000000000000000000000000000000000
-708218652338926.5000000000000000000000000000000000000000
3282942670697954.0000000000000000000000000000000000000000
1432220776805892.0000000000000000000000000000000000000000
-1315702095026402.2500000000000000000000000000000000000000
-216725757897439.5000000000000000000000000000000000000000
572272410523729.3750000000000000000000000000000000000000
-474215590484648.8125000000000000000000000000000000000000
-1974305034160087.7500000000000000000000000000000000000000
583856065646466.7500000000000000000000000000000000000000
208685673547405.6875000000000000000000000000000000000000
-190579366233244.2812500000000000000000000000000000000000
1083051506918968.1250000000000000000000000000000000000000
-1499307020258215.5000000000000000000000000000000000000000
351835506611537.6875000000000000000000000000000000000000
-2959183429668286.5000000000000000000000000000000000000000
-1604802612625346.5000000000000000000000000000000000000000
2075892842857944.0000000000000000000000000000000000000000
595639018194706.8750000000000000000000000000000000000000
2288634420017842.5000000000000000000000000000000000000000
-1602899092160985.0000000000000000000000000000000000000000
499998141803941.6250000000000000000000000000000000000000
-74874250403882.8750000000000000000000000000000000000000
-1435984353643588.5000000000000000000000000000000000000000
-1271073891317627.7500000000000000000000000000000000000000
-1939899750928419.7500000000000000000000000000000000000000
-1430985405495776.7500000000000000000000000000000000000000
827849402174874.6250000000000000000000000000000000000000
1429682751986556.2500000000000000000000000000000000000000
852647356387267.6250000000000000000000000000000000000000
1499977961966013.5000000000000000000000000000000000000000
-384300140376739.1875000000000000000000000000000000000000
397758744301855.8125000000000000000000000000000000000000
2713804855915865.5000000000000000000000000000000000000000
1371958537347836.2500000000000000000000000000000000000000
4781150553081.1562500000000000000000000000000000000000
641795826717019.2500000000000000000000000000000000000000
349200703738996.5625000000000000000000000000000000000000
1628258499242730.5000000000000000000000000000000000000000
1288090195423501.7500000000000000000000000000000000000000
174482676287068.0312500000000000000000000000000000000000
-1935007759730311.5000000000000000000000000000000000000000
807104130326722.3750000000000000000000000000000000000000
1000445271358157.7500000000000000000000000000000000000000
-418465689458098.3750000000000000000000000000000000000000
-4965843394272819.0000000000000000000000000000000000000000
-413302682250408.2500000000000000000000000000000000000000
-1646151212936292.0000000000000000000000000000000000000000
-2072795374906966.0000000000000000000000000000000000000000
1892753942409899.2500000000000000000000000000000000000000
-1788543044719718.5000000000000000000000000000000000000000
-1000673098970919.6250000000000000000000000000000000000000
913519576303700.1250000000000000000000000000000000000000
2586365265821102.0000000000000000000000000000000000000000
1036310398741380.8750000000000000000000000000000000000000
1020073642478093.0000000000000000000000000000000000000000
91018104605489.4062500000000000000000000000000000000000
-3042137019992965.5000000000000000000000000000000000000000
2063066822686279.2500000000000000000000000000000000000000
261682717167696.9687500000000000000000000000000000000000
1821974849579233.7500000000000000000000000000000000000000
272476953132250.2187500000000000000000000000000000000000
-1448314108723224.0000000000000000000000000000000000000000
2022001610663364.7500000000000000000000000000000000000000
-565845311424722.2500000000000000000000000000000000000000
-2619763048217364.0000000000000000000000000000000000000000
1203033699202592.7500000000000000000000000000000000000000
299017666101129.1250000000000000000000000000000000000000
-1974805324260423.5000000000000000000000000000000000000000
-879651104813703.8750000000000000000000000000000000000000
1042048761650776.5000000000000000000000000000000000000000
1196213738088046.0000000000000000000000000000000000000000
-2084967918831196.5000000000000000000000000000000000000000
641126141398535.2500000000000000000000000000000000000000
756647418067975.3750000000000000000000000000000000000000
1066115092317158.8750000000000000000000000000000000000000
1571874493741882.2500000000000000000000000000000000000000
-2732217654849935.5000000000000000000000000000000000000000
-1153099980317935.7500000000000000000000000000000000000000
314285859249561.2500000000000000000000000000000000000000
999269887441127.8750000000000000000000000000000000000000
-348639503706197.0000000000000000000000000000000000000000
888782479961225.0000000000000000000000000000000000000000
-294847134385734.8125000000000000000000000000000000000000
748772003701589.0000000000000000000000000000000000000000
-1096420091172103.1250000000000000000000000000000000000000
-3368697145752090.5000000000000000000000000000000000000000
-2235861427440918.2500000000000000000000000000000000000000
1318579353122596.2500000000000000000000000000000000000000
834846284975203.2500000000000000000000000000000000000000
390256532556672.0625000000000000000000000000000000000000
-1494239208428241.5000000000000000000000000000000000000000
975101923670990.5000000000000000000000000000000000000000
-985518786270841.6250000000000000000000000000000000000000
2610045911443972.5000000000000000000000000000000000000000
1505599500367847.2500000000000000000000000000000000000000
1647608244911068.0000000000000000000000000000000000000000
1837854023493068.0000000000000000000000000000000000000000
1026353231326895.2500000000000000000000000000000000000000
1556720260671445.2500000000000000000000000000000000000000
-940927221652307.6250000000000000000000000000000000000000
-902790264605232.2500000000000000000000000000000000000000
-1213027680727673.2500000000000000000000000000000000000000
-693900223711470.2500000000000000000000000000000000000000
104904535447701.6562500000000000000000000000000000000000
601576540417801.3750000000000000000000000000000000000000
-534285090587711.4375000000000000000000000000000000000000
-491154262605276.2500000000000000000000000000000000000000
-1700254223702585.7500000000000000000000000000000000000000
716869373653283.1250000000000000000000000000000000000000
-1214523908492632.2500000000000000000000000000000000000000
648362860728623.1250000000000000000000000000000000000000
-663588408348228.6250000000000000000000000000000000000000
346167111232069.7500000000000000000000000000000000000000
-1833908713874274.0000000000000000000000000000000000000000
-210601436398124.1250000000000000000000000000000000000000
259752879159629.5312500000000000000000000000000000000000
8646290765497.1689453125000000000000000000000000000000
495317510062.0394287109375000000000000000000000000000
1370278437252842.7500000000000000000000000000000000000000
-327809464736508.6250000000000000000000000000000000000000
-1090423282633829.1250000000000000000000000000000000000000
1347226427524636.7500000000000000000000000000000000000000
1932553454004304.2500000000000000000000000000000000000000
-164644802454073.9687500000000000000000000000000000000000
1307460556731953.0000000000000000000000000000000000000000
-1885479019206446.5000000000000000000000000000000000000000
-788414389273527.0000000000000000000000000000000000000000
1380385678982474.5000000000000000000000000000000000000000
-1023122757001293.7500000000000000000000000000000000000000
