0.3487319692196532150418875062314327806234
-32.8596794534883471783359709661453962326050
947.7141730074200722810928709805011749267578
-12934.2297506413906376110389828681945800781250
97157.7771149398904526606202125549316406250000
-424501.0184030944947153329849243164062500000000
1044900.5191814759746193885803222656250000000000
-1057715.5750714624300599098205566406250000000000
-1284001.4128575024660676717758178710937500000000
5300742.6009457996115088462829589843750000000000
-6324968.1510695964097976684570312500000000000000
2414737.8177666836418211460113525390625000000000
1848045.7278658580034971237182617187500000000000
-2465236.7899891310371458530426025390625000000000
-892839.1630826141918078064918518066406250000000
3505525.8245820365846157073974609375000000000000
-342954.2998436016496270895004272460937500000000
976345.1993122536223381757736206054687500000000
-6826686.3441200060769915580749511718750000000000
2338021.0268795769661664962768554687500000000000
3184647.2075838553719222545623779296875000000000
2215672.1089929831214249134063720703125000000000
-7859522.7147779073566198348999023437500000000000
9358671.4130117185413837432861328125000000000000
-6679815.1750862793996930122375488281250000000000
1915123.2829442771617323160171508789062500000000
658335.8347577573731541633605957031250000000000
-1772391.6072698610369116067886352539062500000000
1597303.6373415635898709297180175781250000000000
339088.5292813602136448025703430175781250000000
2361829.2780985208228230476379394531250000000000
-2236395.7976326900534331798553466796875000000000
-2915127.4555267975665628910064697265625000000000
902676.5088728647679090499877929687500000000000
-3880000.1549209342338144779205322265625000000000
1438077.5108763189055025577545166015625000000000
221894.3760028910473920404911041259765625000000
4576440.6496161976829171180725097656250000000000
1683250.4691880568861961364746093750000000000000
1491088.0834414663258939981460571289062500000000
-2164294.5648524565622210502624511718750000000000
383909.1734550551627762615680694580078125000000
-4753938.1884805858135223388671875000000000000000
-117017.3801265991642139852046966552734375000000
-265061.8090826501720584928989410400390625000000
3655598.1608727439306676387786865234375000000000
1647561.9342697570100426673889160156250000000000
1071397.0447365322615951299667358398437500000000
-116692.5268425125104840844869613647460937500000
-1001713.6198624498210847377777099609375000000000
-2032705.1860391336958855390548706054687500000000
-2785892.1305665681138634681701660156250000000000
-2083007.2004729753825813531875610351562500000000
-1473504.3638981548137962818145751953125000000000
2863622.9443465843796730041503906250000000000000
-730560.3568478811066597700119018554687500000000
1135714.6415210328996181488037109375000000000000
-13928.1264137861344352131709456443786621093750
942527.3887244851794093847274780273437500000000
-1522449.1578166391700506210327148437500000000000
3058996.1939363875426352024078369140625000000000
338411.6558807870605960488319396972656250000000
471798.8755420316010713577270507812500000000000
2676852.6130501199513673782348632812500000000000
-5086935.2976839179173111915588378906250000000000
4570401.3262404333800077438354492187500000000000
-2900252.9073924287222325801849365234375000000000
1218533.1107277201954275369644165039062500000000
-1205481.2437483510002493858337402343750000000000
2189143.2700249967165291309356689453125000000000
1543414.6453685092274099588394165039062500000000
-1690037.6573646117467433214187622070312500000000
1865670.3608393960166722536087036132812500000000
-727828.9099058245774358510971069335937500000000
-1217576.6345521479379385709762573242187500000000
-1762695.4708716373424977064132690429687500000000
-2373710.6952015133574604988098144531250000000000
-1903820.6299382064025849103927612304687500000000
753757.7170225973241031169891357421875000000000
2306702.7151053328998386859893798828125000000000
410247.5618756023468449711799621582031250000000
428687.9625230454257689416408538818359375000000
217309.5190573235158808529376983642578125000000
-3068428.0311408811248838901519775390625000000000
2423774.8409132123924791812896728515625000000000
-41321.3438751388966920785605907440185546875000
1129246.8878320299554616212844848632812500000000
-2557649.9910739078186452388763427734375000000000
-1187477.4613913090433925390243530273437500000000
4607282.9332559937611222267150878906250000000000
2031500.8148048399016261100769042968750000000000
-2913022.9579651737585663795471191406250000000000
-4251495.5791996279731392860412597656250000000000
478557.2831280315876938402652740478515625000000
1259240.9090038384310901165008544921875000000000
2378495.3209655540995299816131591796875000000000
1077458.8254306449089199304580688476562500000000
7348988.8592838952317833900451660156250000000000
-3535691.9529088181443512439727783203125000000000
810037.7313562858616933226585388183593750000000
-4731653.7805690551176667213439941406250000000000
-2424094.0505183609202504158020019531250000000000
-2798492.2139635798521339893341064453125000000000
-2259146.1660020281560719013214111328125000000000
-3684014.1616323185153305530548095703125000000000
953720.9285279448376968502998352050781250000000
-670850.9097812962718307971954345703125000000000
-35815.6731903885447536595165729522705078125000
6044795.6593032591044902801513671875000000000000
582301.0377670179586857557296752929687500000000
-258702.3228364506212528795003890991210937500000
173354.6674463571689557284116744995117187500000
-796961.2068198635242879390716552734375000000000
3294868.5598743450827896595001220703125000000000
1838727.5832954787183552980422973632812500000000
44382.5607360013018478639423847198486328125000
454001.9698970157769508659839630126953125000000
3268447.9504071851260960102081298828125000000000
2226546.1575384656898677349090576171875000000000
-477792.0854557099519297480583190917968750000000
-3717702.3629476879723370075225830078125000000000
1208224.5057115030940622091293334960937500000000
-2395663.7144813979975879192352294921875000000000
758746.5969619031529873609542846679687500000000
4815050.7073178151622414588928222656250000000000
-2202179.4805656536482274532318115234375000000000
544874.1532524386420845985412597656250000000000
-4330279.1097111357375979423522949218750000000000
-1189642.3683735746890306472778320312500000000000
3732294.6971579277887940406799316406250000000000
-1657074.0710674622096121311187744140625000000000
469907.2224331112229265272617340087890625000000
-3234039.4460077947005629539489746093750000000000
2997849.9035082445479929447174072265625000000000
-2072476.8629434341564774513244628906250000000000
-1303487.1060036278795450925827026367187500000000
-90699.7778186045616166666150093078613281250000
113149.6077515514625702053308486938476562500000
-1760529.8050249549560248851776123046875000000000
-24098.8980599282986077014356851577758789062500
4194874.6331543829292058944702148437500000000000
-122099.5112538451357977464795112609863281250000
-1002316.8551423322642222046852111816406250000000
1352072.2435394162312150001525878906250000000000
-361663.2045691625098697841167449951171875000000
103216.4611448681680485606193542480468750000000
-2011403.1287939762696623802185058593750000000000
-426419.8043744828901253640651702880859375000000
-3153388.3904364039190113544464111328125000000000
416730.4248091842746362090110778808593750000000
1932814.3116399170830845832824707031250000000000
-1235127.7733246972784399986267089843750000000000
766307.2786208916222676634788513183593750000000
-1531789.9680148481857031583786010742187500000000
224844.9204820560698863118886947631835937500000
945778.0488636625232174992561340332031250000000
794027.1027600185479968786239624023437500000000
2500656.3695754529908299446105957031250000000000
583343.7774704041657969355583190917968750000000
1056440.4143036638852208852767944335937500000000
-3389132.5541721228510141372680664062500000000000
-3491595.2926592831499874591827392578125000000000
542875.9926449654158204793930053710937500000000
-2341615.3099681348539888858795166015625000000000
4914022.6845021164044737815856933593750000000000
-1386325.3265042675193399190902709960937500000000
467027.4163727095001377165317535400390625000000
-2215344.6207673507742583751678466796875000000000
-1677390.4340604569297283887863159179687500000000
2847249.0939460089430212974548339843750000000000
443837.3790673214243724942207336425781250000000
-352779.8781254697823897004127502441406250000000
-2378609.2616810179315507411956787109375000000000
-1372420.9368008140008896589279174804687500000000
2240369.8411049209535121917724609375000000000000
245528.7741763444500975310802459716796875000000
-2319773.5248215314932167530059814453125000000000
529647.5151719042332842946052551269531250000000
1896663.0537176274228841066360473632812500000000
84042.6876384415809297934174537658691406250000
203839.9709655795304570347070693969726562500000
-1473963.2201228437479585409164428710937500000000
1007102.2305941978702321648597717285156250000000
707229.7478513011010363698005676269531250000000
4390893.7355586476624011993408203125000000000000
-1533553.6106491484679281711578369140625000000000
1104254.4285962376743555068969726562500000000000
-794853.2701719141332432627677917480468750000000
3049524.7609651270322501659393310546875000000000
2033614.7877295401412993669509887695312500000000
-296540.6838031702209264039993286132812500000000
220825.1997658114705700427293777465820312500000
378994.4808696871623396873474121093750000000000
305191.1995193877955898642539978027343750000000
-425529.5071938246255740523338317871093750000000
2042131.7986280983313918113708496093750000000000
-464984.2416670396924018859863281250000000000000
-2759876.3987573841586709022521972656250000000000
-2320628.2227952810935676097869873046875000000000
3750236.5311561371199786663055419921875000000000
3205679.5804652771912515163421630859375000000000
-395739.6069802597048692405223846435546875000000
-55678.0265854351819143630564212799072265625000
1572138.0860439296811819076538085937500000000000
643389.7332034402061253786087036132812500000000
-2456488.9299640697427093982696533203125000000000
-2723103.0367790758609771728515625000000000000000
-436767.9716926452820189297199249267578125000000
-6446.2428728095792394015006721019744873046875
-388961.8005049734492786228656768798828125000000
1236720.3889276555273681879043579101562500000000
-51022.7594075655797496438026428222656250000000
-1251917.8605400165542960166931152343750000000000
2158621.2274449714459478855133056640625000000000
-254297.4703943273925688117742538452148437500000
-3247850.2501256074756383895874023437500000000000
-1625826.5492642831522971391677856445312500000000
-681542.1353194297989830374717712402343750000000
195274.4654360420536249876022338867187500000000
636423.7734781968174502253532409667968750000000
-1605432.9162976695224642753601074218750000000000
1781273.4787489685695618391036987304687500000000
-1880055.1995275020599365234375000000000000000000
637294.2548041701084002852439880371093750000000
-2438463.2948783924803137779235839843750000000000
1056351.8448647432960569858551025390625000000000
2257521.2109298049472272396087646484375000000000
-331989.7445697049261070787906646728515625000000
-488894.2840011767111718654632568359375000000000
-1502619.6376772334333509206771850585937500000000
990620.4016984604531899094581604003906250000000
-1746896.3219797068741172552108764648437500000000
1537884.8584620708134025335311889648437500000000
1237721.1050796653144061565399169921875000000000
1337961.5963942268863320350646972656250000000000
-4128689.0252545196563005447387695312500000000000
-1311841.6324436278082430362701416015625000000000
-667648.3606401709839701652526855468750000000000
982474.5021254366729408502578735351562500000000
507551.4422047546831890940666198730468750000000
-3798392.1017296393401920795440673828125000000000
-1310678.1344618645962327718734741210937500000000
-105282.8548370468342909589409828186035156250000
-845169.2490005366271361708641052246093750000000
-1386022.4199937141966074705123901367187500000000
564963.9724103840999305248260498046875000000000
657933.8276635366491973400115966796875000000000
124454.0515239600499626249074935913085937500000
-2711512.2368440264835953712463378906250000000000
2040438.2158868906553834676742553710937500000000
442025.1422254128847271203994750976562500000000
-427001.4957632077857851982116699218750000000000
3643875.7881172923371195793151855468750000000000
1473583.5213566764723509550094604492187500000000
-1481421.9464232225436717271804809570312500000000
2124724.6522611095570027828216552734375000000000
-930831.0546811461681500077247619628906250000000
313248.3531612094375304877758026123046875000000
-396478.9155648063169792294502258300781250000000
1203147.6473465189337730407714843750000000000000
-967538.8994541845750063657760620117187500000000
-622368.8745908300625160336494445800781250000000
2709911.9699011347256600856781005859375000000000
1087472.0493066671770066022872924804687500000000
113356.3166739331209100782871246337890625000000
-1277639.9936393247917294502258300781250000000000
1443095.9985090314876288175582885742187500000000
1399884.3948181380983442068099975585937500000000
1243728.7939044360537081956863403320312500000000
-531545.3180166603997349739074707031250000000000
954330.5539689288707450032234191894531250000000
-512644.5010295278625562787055969238281250000000
189592.5625437877897638827562332153320312500000
1457431.3615202759392559528350830078125000000000
256706.1675347165146376937627792358398437500000
2403802.3198311724700033664703369140625000000000
2022121.8878894380759447813034057617187500000000
-1495715.9679969747085124254226684570312500000000
-736854.1293612938607111573219299316406250000000
273165.2959360610111616551876068115234375000000
1475223.5649645051453262567520141601562500000000
-1936954.1766606408637017011642456054687500000000
-1324291.1791693763807415962219238281250000000000
95.6090514398978399412953876890242099761963
-97005.1296740075486013665795326232910156250000
-4075798.8979647303931415081024169921875000000000
-178939.1210514464473817497491836547851562500000
2023799.0813479425851255655288696289062500000000
1423522.3108528121374547481536865234375000000000
556742.8248566043330356478691101074218750000000
-705078.7790221903705969452857971191406250000000
-2264970.5367995668202638626098632812500000000000
-141839.2755592401954345405101776123046875000000
3044673.3623669208027422428131103515625000000000
902032.0000095905270427465438842773437500000000
-106699.1341144686884945258498191833496093750000
141949.5164220482984092086553573608398437500000
754539.2243691282346844673156738281250000000000
2632255.3573443307541310787200927734375000000000
91789.9057436848524957895278930664062500000000
-401656.5203879066393710672855377197265625000000
-1120816.8263166628312319517135620117187500000000
-1306571.0987075839657336473464965820312500000000
-2528090.2655676095746457576751708984375000000000
-910637.1011145962402224540710449218750000000000
-1279074.7885453009512275457382202148437500000000
1611200.9082471865694969892501831054687500000000
-1347352.6733966660685837268829345703125000000000
-661486.5252897706814110279083251953125000000000
-173244.1222557130386121571063995361328125000000
-1275721.2265154586639255285263061523437500000000
-322109.8442740458413027226924896240234375000000
-1108383.3219642282929271459579467773437500000000
97470.4849760878860251978039741516113281250000
1538144.7283252570778131484985351562500000000000
-1264814.8183526254724711179733276367187500000000
-191841.3169845388329122215509414672851562500000
619197.9160386003786697983741760253906250000000
-884929.6143986863316968083381652832031250000000
1327634.8885091536212712526321411132812500000000
1036665.6788789868587628006935119628906250000000
2264294.5094658336602151393890380859375000000000
652525.5157741174334660172462463378906250000000
643183.4458483196794986724853515625000000000000
-145513.6271971896348986774682998657226562500000
-577201.8228382576489821076393127441406250000000
-1657249.4106674038339406251907348632812500000000
-1029195.7139851497486233711242675781250000000000
96140.7976945643022190779447555541992187500000
234722.3367610511777456849813461303710937500000
-321148.0330095961107872426509857177734375000000
1815023.7445942810736596584320068359375000000000
-1666661.0749440372455865144729614257812500000000
1424237.4784920092206448316574096679687500000000
-2661767.5586717883124947547912597656250000000000
-139885.8507970963837578892707824707031250000000
161965.7457744246057700365781784057617187500000
-816841.1770505893509835004806518554687500000000
-551743.4290428311796858906745910644531250000000
127145.0124674417311325669288635253906250000000
-671435.9517437047325074672698974609375000000000
-1088115.3813960093539208173751831054687500000000
622553.1626116672996431589126586914062500000000
93666.5815887530770851299166679382324218750000
60217.6041223219726816751062870025634765625000
-978841.1728090076940134167671203613281250000000
-965417.9581142029492184519767761230468750000000
-1331258.6589090442284941673278808593750000000000
-1994651.5028889381792396306991577148437500000000
-1605442.5673411600291728973388671875000000000000
1305595.4179339027032256126403808593750000000000
1723883.1378502987790852785110473632812500000000
-4230.4164766607491401373408734798431396484375
-581537.7502142259618267416954040527343750000000
1083014.7798026041127741336822509765625000000000
1301041.6927356072701513767242431640625000000000
89274.2648594546626554802060127258300781250000
2048342.2794770372565835714340209960937500000000
386575.4146130702574737370014190673828125000000
-1113169.2383807341102510690689086914062500000000
95603.0455293028935557231307029724121093750000
-360383.2811610471107997000217437744140625000000
-1847640.7158448121044784784317016601562500000000
1344368.9388285477180033922195434570312500000000
1322546.9632864191662520170211791992187500000000
-304714.2608160449890419840812683105468750000000
809451.7454939624294638633728027343750000000000
644031.4191749596502631902694702148437500000000
223412.9630827010259963572025299072265625000000
1503833.3341455976478755474090576171875000000000
-436592.4721640101633965969085693359375000000000
1058273.5705123022198677062988281250000000000000
494323.9075637654750607907772064208984375000000
2204435.6208190368488430976867675781250000000000
469376.6546260564937256276607513427734375000000
511822.6473805014393292367458343505859375000000
-1137354.2320763447787612676620483398437500000000
1539253.7683563733007758855819702148437500000000
-646870.0002888895105570554733276367187500000000
614458.9510665537090972065925598144531250000000
450035.9896112551796250045299530029296875000000
1088149.0868871370330452919006347656250000000000
723648.2086268481798470020294189453125000000000
-427664.2294179155724123120307922363281250000000
-1423051.4709830863866955041885375976562500000000
-690126.4353704218519851565361022949218750000000
-526620.0493196791503578424453735351562500000000
50232.4399875050876289606094360351562500000000
-234273.7032906562671996653079986572265625000000
200164.4488510384398978203535079956054687500000
-1193163.3432764790486544370651245117187500000000
-123928.6341082904837094247341156005859375000000
611653.3762570368126034736633300781250000000000
-483.5614344173862377829209435731172561645508
-276537.8368471415597014129161834716796875000000
368605.0902653459343127906322479248046875000000
564564.4322232182603329420089721679687500000000
-151396.9332534354762174189090728759765625000000
576581.8453480643220245838165283203125000000000
-372744.2032594517222605645656585693359375000000
-39941.2380077110137790441513061523437500000000
35280.0685810178547399118542671203613281250000
-538946.7259112568572163581848144531250000000000
1489932.0574119784869253635406494140625000000000
-375446.2948113807360641658306121826171875000000
-639140.1525326902046799659729003906250000000000
-1755590.2591308068949729204177856445312500000000
114237.6123667462234152480959892272949218750000
-413101.0439810824464075267314910888671875000000
-116778.2517163987213280051946640014648437500000
-838348.7907882781000807881355285644531250000000
-114402.3595818390604108572006225585937500000000
1251651.7889121787156909704208374023437500000000
1176228.1698214686475694179534912109375000000000
-462476.2162005584104917943477630615234375000000
-972769.4882167376345023512840270996093750000000
806698.9292644842062145471572875976562500000000
679871.7539728499250486493110656738281250000000
1193465.6501753998454660177230834960937500000000
-857375.5605197537224739789962768554687500000000
-349663.2533124227775260806083679199218750000000
251946.0191484233073424547910690307617187500000
-66861.7043800199899123981595039367675781250000
782493.2348079263465479016304016113281250000000
-390896.3314985451288521289825439453125000000000
-771041.9061674633994698524475097656250000000000
562933.6513724834658205509185791015625000000000
-630032.7855499410070478916168212890625000000000
35817.7002698903088457882404327392578125000000
-803223.9744524115230888128280639648437500000000
730978.6550241684308275580406188964843750000000
-1170644.3964438487309962511062622070312500000000
-1703119.3669334694277495145797729492187500000000
1248782.9930058505851775407791137695312500000000
176004.5667953043594025075435638427734375000000
1347950.6569306601304560899734497070312500000000
-447952.3523062517633661627769470214843750000000
213019.6933245257532689720392227172851562500000
-557414.3308925287565216422080993652343750000000
-237489.0720410938374698162078857421875000000000
-1312697.6902438388206064701080322265625000000000
-664625.3961220432538539171218872070312500000000
-1719236.9401335227303206920623779296875000000000
-311343.0641627804143354296684265136718750000000
606010.9506911983480677008628845214843750000000
1029339.8049503668444231152534484863281250000000
722858.6466465838020667433738708496093750000000
320215.0304399309679865837097167968750000000000
-249338.7472751819004770368337631225585937500000
1010321.5337704877601936459541320800781250000000
-250585.4805104752886109054088592529296875000000
-769543.9162918877555057406425476074218750000000
-450588.0231618601828813552856445312500000000000
-1599895.8317316600587218999862670898437500000000
-945830.2931430822936818003654479980468750000000
-169345.0825816326250787824392318725585937500000
-89079.1936706542037427425384521484375000000000
432883.4343644419568590819835662841796875000000
-245554.4918515438912436366081237792968750000000
578255.9928981519769877195358276367187500000000
422693.0105364522314630448818206787109375000000
1054096.2054751252289861440658569335937500000000
312573.3333996477886103093624114990234375000000
-245753.0190408256312366575002670288085937500000
25258.7875128593877889215946197509765625000000
-238978.0481145989324431866407394409179687500000
1274008.8960681695025414228439331054687500000000
-355159.0870214290916919708251953125000000000000
768517.4958975354675203561782836914062500000000
-529735.0343487246427685022354125976562500000000
-669079.4240918171126395463943481445312500000000
-220196.3662471604766324162483215332031250000000
-119044.5966729104256955906748771667480468750000
-190721.5074855595885310322046279907226562500000
249075.4485791755432728677988052368164062500000
189518.6282266205816995352506637573242187500000
-293034.8473987269098870456218719482421875000000
89882.0810148919699713587760925292968750000000
-812733.5242360499687492847442626953125000000000
823033.0740439970977604389190673828125000000000
-673645.9832507846876978874206542968750000000000
478149.8942412464530207216739654541015625000000
299812.3462317708763293921947479248046875000000
-864901.2855390906333923339843750000000000000000
-976428.6943892360432073473930358886718750000000
1155142.4447088274173438549041748046875000000000
-345553.2345880925422534346580505371093750000000
635795.6284996265312656760215759277343750000000
-833822.5903907968895509839057922363281250000000
541203.1100774675142019987106323242187500000000
-41331.3697265215669176541268825531005859375000
-152226.1521293653931934386491775512695312500000
117845.7225510578136891126632690429687500000000
459497.5112030405434779822826385498046875000000
-83871.5653232656477484852075576782226562500000
-742814.4841858015861362218856811523437500000000
-649719.7698509208858013153076171875000000000000
229759.5854338344652205705642700195312500000000
-670231.8561472310684621334075927734375000000000
19611.7066956052367459051311016082763671875000
183635.2583574729214888066053390502929687500000
237180.9590100334316957741975784301757812500000
-282140.4349802618380635976791381835937500000000
831356.2911189751466736197471618652343750000000
8267.2852114949328097281977534294128417968750
22519.8098482233144750352948904037475585937500
583952.0269141540629789233207702636718750000000
115979.7496556640544440597295761108398437500000
957952.1921933906851336359977722167968750000000
-419501.5783259640447795391082763671875000000000
555184.7404804306570440530776977539062500000000
-268418.2277966199326328933238983154296875000000
-109611.3480979868909344077110290527343750000000
582990.9136767837917432188987731933593750000000
-585968.6062966894824057817459106445312500000000
3475.0270543554192954616155475378036499023438
9913.6818728663056390359997749328613281250000
646369.7614324453752487897872924804687500000000
-442283.3732119190972298383712768554687500000000
247377.5351809263811446726322174072265625000000
-193927.6330559960915707051753997802734375000000
-717758.2092145970091223716735839843750000000000
501128.2685623444267548620700836181640625000000
687201.7781779179349541664123535156250000000000
515572.2030044072307646274566650390625000000000
34007.1710982544827857054769992828369140625000
424147.7172220581560395658016204833984375000000
950975.2361593719106167554855346679687500000000
71300.0667505105520831421017646789550781250000
-410382.5221430615638382732868194580078125000000
101665.5874946047988487407565116882324218750000
-55111.1561576427484396845102310180664062500000
86155.8382673693558899685740470886230468750000
-185201.9631039602681994438171386718750000000000
572190.3749630575766786932945251464843750000000
-398848.7674500051070936024188995361328125000000
235480.1438382993219420313835144042968750000000
-451241.2902938354527577757835388183593750000000
1171018.5119282633531838655471801757812500000000
-319408.2409072662121616303920745849609375000000
-422209.1836043871007859706878662109375000000000
-115011.4002500700153177604079246520996093750000
-578956.2468372180592268705368041992187500000000
-978237.8610335539560765027999877929687500000000
-893697.0687708089826628565788269042968750000000
-617235.0979473097249865531921386718750000000000
728736.7627198629779741168022155761718750000000
50145.7559227776218904182314872741699218750000
-252013.4916843569371849298477172851562500000000
-372405.4576756297028623521327972412109375000000
1283486.1382284783758223056793212890625000000000
726418.3848511187825351953506469726562500000000
476155.5118765514926053583621978759765625000000
-42084.4380234746931819245219230651855468750000
-231133.5795187527837697416543960571289062500000
9834.4675860857951192883774638175964355468750
-618598.7861374467611312866210937500000000000000
206722.0527455937117338180541992187500000000000
-739319.5012243275996297597885131835937500000000
37296.8467066041121142916381359100341796875000
106212.5095480071904603391885757446289062500000
-25916.4455761633507790975272655487060546875000
707476.8037600624375045299530029296875000000000
-319633.2389496706891804933547973632812500000000
-73598.0836774988565593957901000976562500000000
-696448.7674173130653798580169677734375000000000
774854.6735007812967523932456970214843750000000
-144670.8370464233739767223596572875976562500000
156773.3207318827917333692312240600585937500000
-4287.7581199174992434564046561717987060546875
543192.2019913708791136741638183593750000000000
596563.5484463331522420048713684082031250000000
405386.9732224122271873056888580322265625000000
11660.0768552977533545345067977905273437500000
681336.7797313894843682646751403808593750000000
182097.0046018448774702847003936767578125000000
295269.9711925055016763508319854736328125000000
310038.8797618333483114838600158691406250000000
70265.0060790840798290446400642395019531250000
-167802.8366469362808857113122940063476562500000
158863.6766227042535319924354553222656250000000
427890.0095556575106456875801086425781250000000
74958.5667775341280503198504447937011718750000
-834627.2150236851302906870841979980468750000000
177797.7229340663761831820011138916015625000000
-408472.5152482367702759802341461181640625000000
505329.2395703792572021484375000000000000000000
-747083.0553904370171949267387390136718750000000
569334.0553691171808168292045593261718750000000
-51581.1884207820767187513411045074462890625000
-846511.2676693039247766137123107910156250000000
-46012.5734414416438085027039051055908203125000
-719994.9457256267778575420379638671875000000000
76170.3861914598528528586030006408691406250000
115281.9753053504682611674070358276367187500000
-594582.6224650653311982750892639160156250000000
524252.1143354141968302428722381591796875000000
57503.4423482504280400462448596954345703125000
415191.8381956011871807277202606201171875000000
-318865.1283473764196969568729400634765625000000
-569695.8724017769563943147659301757812500000000
-581318.0282869318034499883651733398437500000000
61984.5261403361000702716410160064697265625000
-239343.9062233795993961393833160400390625000000
-105942.9818819458159850910305976867675781250000
-126003.1783363745053065940737724304199218750000
225233.8044518625538330525159835815429687500000
58241.1197176257483079098165035247802734375000
-256204.4236256920557934790849685668945312500000
280786.9446688581374473869800567626953125000000
169360.5947178335045464336872100830078125000000
-262615.3359256841358728706836700439453125000000
160754.1942253376473672688007354736328125000000
378328.4481167562189511954784393310546875000000
-96228.8690407771209720522165298461914062500000
101857.0344366789067862555384635925292968750000
-126100.7045956440852023661136627197265625000000
377500.5214415063383057713508605957031250000000
124895.3448513469338649883866310119628906250000
412453.5425501483259722590446472167968750000000
-424351.0594511743402108550071716308593750000000
345010.6374694560072384774684906005859375000000
-304641.9344194696168415248394012451171875000000
132815.4365688932884950190782546997070312500000
378148.9317160920472815632820129394531250000000
592979.3490191617747768759727478027343750000000
-271487.9729437711066566407680511474609375000000
-259339.0727807670773472636938095092773437500000
-154147.2212519351742230355739593505859375000000
-158164.5912980041757691651582717895507812500000
-56117.3182723134377738460898399353027343750000
-383556.6560442029149271547794342041015625000000
-205720.5174274276068899780511856079101562500000
-110138.6681577833514893427491188049316406250000
478027.8354723406373523175716400146484375000000
37499.5165471087821060791611671447753906250000
-262242.5100865525309927761554718017578125000000
-167393.0862626372545491904020309448242187500000
-23553.5017665370614849962294101715087890625000
-165606.2535225430328864604234695434570312500000
-630991.4735481956740841269493103027343750000000
186158.9330673592339735478162765502929687500000
-304948.5031540970085188746452331542968750000000
-855343.3329117315588518977165222167968750000000
-164696.9060922960052266716957092285156250000000
136749.9349374411394819617271423339843750000000
-335041.5648759574978612363338470458984375000000
-204725.0524890600063372403383255004882812500000
-118772.1649590368033386766910552978515625000000
55109.7166302077093860134482383728027343750000
-88377.0408754630479961633682250976562500000000
-446747.9210637318319641053676605224609375000000
83336.3033085508068324998021125793457031250000
22576.1069342597984359599649906158447265625000
-48006.1251165158610092476010322570800781250000
301730.6798714312026277184486389160156250000000
-62227.2724346848626737482845783233642578125000
-386859.7414032414089888334274291992187500000000
136519.3009429789381101727485656738281250000000
-430922.9226268366328440606594085693359375000000
519873.6761887521715834736824035644531250000000
-691937.8003286203602328896522521972656250000000
115364.7412258041003951802849769592285156250000
281654.1937872669077478349208831787109375000000
224234.4703785403107758611440658569335937500000
185966.4925677746941801160573959350585937500000
200522.8179493530769832432270050048828125000000
-256915.9345037040184251964092254638671875000000
574900.6490490287542343139648437500000000000000
-178009.5554908059420995414257049560546875000000
-236568.3431011246284469962120056152343750000000
358375.8992558313184417784214019775390625000000
647028.5668245994020253419876098632812500000000
-136539.6988112612452823668718338012695312500000
26920.6791695832507684826850891113281250000000
-101220.7590400193730602040886878967285156250000
258468.8740601777390111237764358520507812500000
651926.1186898072483018040657043457031250000000
-45834.3288637074947473593056201934814453125000
440262.1125306671601720154285430908203125000000
-431208.4138658826705068349838256835937500000000
-490061.8723235679208301007747650146484375000000
359823.2031367078307084739208221435546875000000
231771.1690474310307763516902923583984375000000
-207122.8725945145706646144390106201171875000000
562692.5123094402952119708061218261718750000000
-335620.8767188697820529341697692871093750000000
-666824.1665845934767276048660278320312500000000
371706.6341446523438207805156707763671875000000
514003.9941810296732001006603240966796875000000
127535.6814218556537525728344917297363281250000
15322.0226113791250099893659353256225585937500
260251.0697905640117824077606201171875000000000
327275.2093680151156149804592132568359375000000
-8228.1930264331895159557461738586425781250000
-9711.9214902917519793845713138580322265625000
-219622.6510089637886267155408859252929687500000
49967.9387761334219248965382575988769531250000
318454.3155435036169365048408508300781250000000
356796.9216049390379339456558227539062500000000
200676.4877208727994002401828765869140625000000
556943.5356013397686183452606201171875000000000
-787754.1847715368494391441345214843750000000000
-626264.3267766659846529364585876464843750000000
280694.4148636899190023541450500488281250000000
-863.6757629125822859350591897964477539062500
-4490.9276560218759186682291328907012939453125
-173396.5660245298349764198064804077148437500000
237865.8437778819643426686525344848632812500000
-140015.3507845612184610217809677124023437500000
-120157.6418463367590447887778282165527343750000
127088.6600717965193325653672218322753906250000
431782.9605295656947419047355651855468750000000
-150514.7652598578424658626317977905273437500000
-783491.5763679527444764971733093261718750000000
-451040.1543343904777429997920989990234375000000
427467.9642385505139827728271484375000000000000
14883.7342459070187032921239733695983886718750
-311815.1179275145404972136020660400390625000000
-138944.5777190500812139362096786499023437500000
470790.1295779274660162627696990966796875000000
-150551.3521199887036345899105072021484375000000
385231.7518592459964565932750701904296875000000
-204432.0533675010956358164548873901367187500000
-133369.9513490296085365116596221923828125000000
-198398.2093722161371260881423950195312500000000
-600457.4169875063234940171241760253906250000000
-167592.9991243040130939334630966186523437500000
-351659.1570652253576554358005523681640625000000
-304683.5553795962478034198284149169921875000000
-323277.5995085104368627071380615234375000000000
355034.7985323882894590497016906738281250000000
-172499.0989396190270781517028808593750000000000
-33015.5771351386356400325894355773925781250000
391485.3549301819293759763240814208984375000000
29063.6717123078851727768778800964355468750000
-83090.6722168814594624564051628112792968750000
-92013.5408223706763237714767456054687500000000
314494.9727363392012193799018859863281250000000
156917.0585036883712746202945709228515625000000
316198.3693071823799982666969299316406250000000
-578692.5057015393394976854324340820312500000000
79536.0119156681612366810441017150878906250000
-79181.4611808446643408387899398803710937500000
-92923.6717416622705059126019477844238281250000
164171.7922515461395960301160812377929687500000
198018.7015820366214029490947723388671875000000
82379.6799456821318017318844795227050781250000
84899.0778183463844470679759979248046875000000
135708.3989976805751211941242218017578125000000
-105232.3259709862468298524618148803710937500000
142379.8200003566744271665811538696289062500000
-123964.4296818797301966696977615356445312500000
89739.9081401185394497588276863098144531250000
-38742.7604602837745915167033672332763671875000
178944.3320571875374298542737960815429687500000
145929.1165684672305360436439514160156250000000
132393.2910794908530078828334808349609375000000
-148644.6157318960758857429027557373046875000000
-96441.7158870379207655787467956542968750000000
38023.6586931810452369973063468933105468750000
48187.4887060711771482601761817932128906250000
-59261.2873578959261067211627960205078125000000
121200.0710443952411878854036331176757812500000
92077.1773569335637148469686508178710937500000
-54124.2801875921650207601487636566162109375000
460536.0613133952720090746879577636718750000000
-515988.3151823699590750038623809814453125000000
110303.6597651600022800266742706298828125000000
99040.5695457777183037251234054565429687500000
367456.6079055158188566565513610839843750000000
-56496.6490775252823368646204471588134765625000
-2647.0056913943681138334795832633972167968750
87936.6686324845068156719207763671875000000000
-357263.7560320084448903799057006835937500000000
-180424.8989760540425777435302734375000000000000
-7492.5354599721977137960493564605712890625000
-304425.9469688627868890762329101562500000000000
128799.0202570228429976850748062133789062500000
-180604.1276362019707448780536651611328125000000
305398.6770039927796460688114166259765625000000
-256102.8873398467258084565401077270507812500000
-21427.5695378300806623883545398712158203125000
-275337.8765390312182717025279998779296875000000
204193.1927734424825757741928100585937500000000
-60771.1937603179321740753948688507080078125000
302238.9047767595620825886726379394531250000000
-192166.0425997432903386652469635009765625000000
-370075.5665933294221758842468261718750000000000
-258577.2994059171178378164768218994140625000000
111630.8769537849875632673501968383789062500000
-77039.0503719496336998417973518371582031250000
-204232.2399430456280242651700973510742187500000
214709.9448995745042338967323303222656250000000
295713.0058656309847719967365264892578125000000
-532224.0433255648240447044372558593750000000000
-18848.0901800061365065630525350570678710937500
-431274.8765934634720906615257263183593750000000
128865.8247808369633276015520095825195312500000
423238.0220904456800781190395355224609375000000
2937.2238462772334059991408139467239379882812
-185086.6807979489385616034269332885742187500000
142610.7052889095793943852186203002929687500000
55829.0447763571792165748775005340576171875000
146630.1827048267878126353025436401367187500000
23852.5519492844068736303597688674926757812500
59392.7274467367024044506251811981201171875000
513693.2471075699431821703910827636718750000000
-297165.3151830325368791818618774414062500000000
-136181.3110741564014460891485214233398437500000
-283219.6835312875919044017791748046875000000000
8409.3540640342071128543466329574584960937500
207160.4454936395632103085517883300781250000000
53924.8688036836610990576446056365966796875000
-38370.3130200365849304944276809692382812500000
-111358.0217336783243808895349502563476562500000
313758.0835896650096401572227478027343750000000
340696.1675120330764912068843841552734375000000
128623.3047447371500311419367790222167968750000
-14224.1887342924092081375420093536376953125000
188166.5906340439396444708108901977539062500000
194623.0031928743992466479539871215820312500000
-134170.7891186228371225297451019287109375000000
-75561.6071504967985674738883972167968750000000
128070.5162996330182068049907684326171875000000
-291417.0641808616928756237030029296875000000000
135692.3226282477262429893016815185546875000000
360961.5211838933755643665790557861328125000000
115270.6984253570990404114127159118652343750000
-241222.1742363805242348462343215942382812500000
-28910.2910813210692140273749828338623046875000
139858.8131258166104089468717575073242187500000
106985.9593001640168949961662292480468750000000
-109975.9368367068673251196742057800292968750000
242817.4841355073731392621994018554687500000000
18745.6706133791340107563883066177368164062500
76522.8642886731104226782917976379394531250000
28007.9407143545395229011774063110351562500000
58395.5065221611075685359537601470947265625000
220971.8751396863081026822328567504882812500000
97607.9243721197126433253288269042968750000000
-53460.7039110948462621308863162994384765625000
285979.1444665705785155296325683593750000000000
-26290.0092477545440488029271364212036132812500
-78160.3104972335713682696223258972167968750000
-243483.9307765767443925142288208007812500000000
-12558.6978724810178391635417938232421875000000
23491.5207469383130955975502729415893554687500
88268.2418075936293462291359901428222656250000
35109.4702484973749960772693157196044921875000
-265012.6413076114258728921413421630859375000000
100578.5416069052153034135699272155761718750000
-90030.6683397275046445429325103759765625000000
-220848.2693377165414858609437942504882812500000
-135292.7864250903076026588678359985351562500000
54885.1770070580096216872334480285644531250000
222393.8393282871111296117305755615234375000000
-71862.8947104621620383113622665405273437500000
120121.0820809544820804148912429809570312500000
42930.2025329561438411474227905273437500000000
-227694.7773943032661918550729751586914062500000
-124606.4712525015638675540685653686523437500000
-302136.0368459017481654882431030273437500000000
60022.2849216459653689526021480560302734375000
212488.3771703524980694055557250976562500000000
-194054.6087099734577350318431854248046875000000
-312778.4822552343830466270446777343750000000000
157290.1928989925945643335580825805664062500000
98435.1533058920467738062143325805664062500000
206366.6683453845034819096326828002929687500000
-12827.4538343335989338811486959457397460937500
-284564.4352245923364534974098205566406250000000
-130028.4829961921350331977009773254394531250000
-165932.0616079896863084286451339721679687500000
97952.2640044503204990178346633911132812500000
209415.8114535506465472280979156494140625000000
8787.3873693835175799904391169548034667968750
-68245.5016637582302791997790336608886718750000
162272.9200109499506652355194091796875000000000
-163744.7235789769038092344999313354492187500000
118459.7115172305784653872251510620117187500000
-43852.4252773906919173896312713623046875000000
111013.5635588613222353160381317138671875000000
-77451.6348167035466758534312248229980468750000
92423.7981029300863156095147132873535156250000
50175.5214261821965919807553291320800781250000
-106451.7146466517733642831444740295410156250000
-94158.0085455314838327467441558837890625000000
-59731.8854932446774910204112529754638671875000
253310.8968619541847147047519683837890625000000
46857.7252511619371944107115268707275390625000
15271.5577935904675541678443551063537597656250
186011.4329924645426217466592788696289062500000
82867.7173527598497457802295684814453125000000
-72285.6400673130847280845046043395996093750000
-59460.0585070697197807021439075469970703125000
253859.7534557479957584291696548461914062500000
12794.7643199663016275735571980476379394531250
-113522.4052514326613163575530052185058593750000
-130397.3808831719798035919666290283203125000000
-18894.4476082229484745766967535018920898437500
90389.4953313943115063011646270751953125000000
-67290.6849042188550811260938644409179687500000
46054.5852791468569193966686725616455078125000
-116790.9882238828868139535188674926757812500000
-50190.5175904063798952847719192504882812500000
-223525.9530580712598748505115509033203125000000
-146586.9995384195935912430286407470703125000000
178838.3854028689092956483364105224609375000000
-58673.7634010289693833328783512115478515625000
-60398.9513379971394897438585758209228515625000
53800.0175824799371184781193733215332031250000
173119.9512411108880769461393356323242187500000
6873.3640688438872530241496860980987548828125
53590.8370286682984442450106143951416015625000
5894.4846507664005912374705076217651367187500
38434.4635094736222526989877223968505859375000
-144960.7129916982084978371858596801757812500000
-65293.5435644609751761890947818756103515625000
10311.9626761176550644449889659881591796875000
-139783.8354521542787551879882812500000000000000
832.5826111845057084792642854154109954833984
105154.2920750131015665829181671142578125000000
-60604.7725175199229852296411991119384765625000
59115.0028834579352405853569507598876953125000
-12253.7418452830970636568963527679443359375000
-54106.1185586317951674573123455047607421875000
-86463.2196078623819630593061447143554687500000
-59876.6067084515307215042412281036376953125000
44406.3006977348049986176192760467529296875000
-103784.2050325344753218814730644226074218750000
221333.8520926751079969108104705810546875000000
-151228.3227125389676075428724288940429687500000
31138.3579902446144842542707920074462890625000
144784.3350278253492433577775955200195312500000
-8483.9000147734022903023287653923034667968750
-43797.4228665904302033595740795135498046875000
-16495.7084090779862890485674142837524414062500
98621.0359108416741946712136268615722656250000
-181353.0889372252568136900663375854492187500000
-7576.0723087778524131863377988338470458984375
-145725.4434599714295472949743270874023437500000
69213.6878584124060580506920814514160156250000
88642.3225500841072062030434608459472656250000
-207218.5293828387511894106864929199218750000000
32101.8047887139291560743004083633422851562500
-58341.7020332642132416367530822753906250000000
17521.5281013581115985289216041564941406250000
-53525.7226388668932486325502395629882812500000
157514.1038189455284737050533294677734375000000
-30413.4736538249089790042489767074584960937500
43933.8736750828320509754121303558349609375000
-7756.3365065435027645435184240341186523437500
-80596.8173663812049198895692825317382812500000
116499.0415313805424375459551811218261718750000
174983.9120515122776851058006286621093750000000
35249.4772046771322493441402912139892578125000
-77987.4818932118505472317337989807128906250000
-218493.5677778914396185427904129028320312500000
-104127.7827189193194499239325523376464843750000
25455.7713273932204174343496561050415039062500
-66911.8449500748538412153720855712890625000000
118641.8279659515828825533390045166015625000000
-32916.2119560293067479506134986877441406250000
-29382.9904713380165048874914646148681640625000
69090.6898246941273100674152374267578125000000
270710.0615181428147479891777038574218750000000
-288677.3042734427144750952720642089843750000000
45864.0843319023697404190897941589355468750000
156482.2503383453004062175750732421875000000000
79775.2898968981025973334908485412597656250000
148540.4123463973810430616140365600585937500000
-119847.2213270304055185988545417785644531250000
-30001.9299775242834584787487983703613281250000
-40686.4511765496208681724965572357177734375000
-3470.2401240502435939561109989881515502929688
-90552.2972608775016851723194122314453125000000
76459.2629997467738576233386993408203125000000
130267.3114999104436719790101051330566406250000
65002.7186053161567542701959609985351562500000
-8345.5937524640939955133944749832153320312500
-56709.9925776973977917805314064025878906250000
108592.8384083970595384016633033752441406250000
62193.8657411983876954764127731323242187500000
-110085.2127682665013708174228668212890625000000
13302.2542645961129892384633421897888183593750
-138121.7587855421588756144046783447265625000000
-306412.2326489408733323216438293457031250000000
33453.3065327546646585687994956970214843750000
-37946.3381480069365352392196655273437500000000
75841.5675506333354860544204711914062500000000
69534.0281929129414493218064308166503906250000
-35475.5357749782851897180080413818359375000000
140173.5375943444378208369016647338867187500000
-27208.8320192756073083728551864624023437500000
32990.8236573135436628945171833038330078125000
-81040.0380295502982335165143013000488281250000
-45208.3363286187959602102637290954589843750000
74415.5677759370882995426654815673828125000000
-10097.0218782474748877575621008872985839843750
113587.9485172603308456018567085266113281250000
7775.8130176407703402219340205192565917968750
-204529.2703904837544541805982589721679687500000
-133441.1316935343493241816759109497070312500000
-110956.8616174205526476725935935974121093750000
-70981.0427745601627975702285766601562500000000
88349.2773894895799458026885986328125000000000
39705.6530618819815572351217269897460937500000
-96877.6074019314692122861742973327636718750000
219845.8986073686974123120307922363281250000000
-30570.8940092282718978822231292724609375000000
-40412.3638047811691649258136749267578125000000
105290.4140899912599707022309303283691406250000
-72271.5795985293225385248661041259765625000000
39788.0218485144578153267502784729003906250000
-96430.1241208472929429262876510620117187500000
-25105.2539513650262961164116859436035156250000
22015.2846746090181113686412572860717773437500
-47890.4101798252304433844983577728271484375000
30085.4765261809880030341446399688720703125000
55879.8738536918681347742676734924316406250000
113537.7425104094145353883504867553710937500000
106434.1878042791504412889480590820312500000000
-26527.7842236253745795693248510360717773437500
41010.7737094738695304840803146362304687500000
130301.7596480919164605438709259033203125000000
-36626.1003445752430707216262817382812500000000
146644.5752780094626359641551971435546875000000
-45370.1186079894250724464654922485351562500000
-21208.1031927281437674537301063537597656250000
-35537.0454155797342536970973014831542968750000
51903.3019947825960116460919380187988281250000
-2837.0269920179539440141525119543075561523438
23034.5033456699384259991347789764404296875000
5770.9884149456256636767648160457611083984375
-108375.4426335158350411802530288696289062500000
-39168.5240877098985947668552398681640625000000
-86702.6854619431105675175786018371582031250000
12084.2984159056795760989189147949218750000000
-112608.4467763689317507669329643249511718750000
34837.8298256495836540125310420989990234375000
-85856.9197610544651979580521583557128906250000
70308.4542273518454749137163162231445312500000
-22665.9250805116353149060159921646118164062500
-6409.5194310696715547237545251846313476562500
-35512.6055582401895662769675254821777343750000
71300.9230618704168591648340225219726562500000
-86875.1357102015608688816428184509277343750000
120717.1846508555026957765221595764160156250000
31217.1443981392367277294397354125976562500000
-62873.4316328744534985162317752838134765625000
-28999.8639811203356657642871141433715820312500
95049.7801254968653665855526924133300781250000
100748.5466807187331141903996467590332031250000
-95065.8338537069066660478711128234863281250000
66292.5984128215932287275791168212890625000000
-8118.7018543490175943588837981224060058593750
-76787.8442319946043426170945167541503906250000
160826.1550703505636192858219146728515625000000
7553.1798438079595143790356814861297607421875
-38882.6973678741269395686686038970947265625000
64999.2705976174620445817708969116210937500000
-53390.8278052765817847102880477905273437500000
-45952.9765412925917189568281173706054687500000
-59735.9788262680231127887964248657226562500000
-54989.4526915330934571102261543273925781250000
59390.9095390394795686006546020507812500000000
27127.9665623046894324943423271179199218750000
32569.3280928861568099819123744964599609375000
-36444.4921292766739497892558574676513671875000
-65166.7810427358563174493610858917236328125000
48482.3126364112395094707608222961425781250000
42918.3030885071566444821655750274658203125000
97008.5812078045273665338754653930664062500000
-16076.3332471457597421249374747276306152343750
34661.7671207799357944168150424957275390625000
-44290.0425071963545633479952812194824218750000
35580.5599352893987088464200496673583984375000
-20230.9491227352918940596282482147216796875000
-38070.3805668545828666538000106811523437500000
-53415.2898877325860667042434215545654296875000
-46329.3215746264031622558832168579101562500000
58653.8359297086644801311194896697998046875000
-91943.0849121667997678741812705993652343750000
-116865.7236126061470713466405868530273437500000
97137.6724058711115503683686256408691406250000
129200.3018829672364518046379089355468750000000
-96790.0096491835138294845819473266601562500000
101966.3763605819840449839830398559570312500000
-77193.8892466159304603934288024902343750000000
161846.9415240066009573638439178466796875000000
11041.7997323088638950139284133911132812500000
61842.8447887143411207944154739379882812500000
105218.9430231117439689114689826965332031250000
-82691.9289259836077690124511718750000000000000
87338.3127437574003124609589576721191406250000
-72254.9116972605406772345304489135742187500000
26125.2950968002987792715430259704589843750000
-29662.0742738281369383912533521652221679687500
88564.9355920526868430897593498229980468750000
5971.5686901317658339394256472587585449218750
38056.4897910379586392082273960113525390625000
13395.8605284181739989435300230979919433593750
45339.1016135748213855549693107604980468750000
-22039.9939346680148446466773748397827148437500
-25684.6721673547217505984008312225341796875000
-17381.0324328074821096379309892654418945312500
-39515.1048947674280498176813125610351562500000
-11840.7981144192817737348377704620361328125000
-26400.8435139274333778303116559982299804687500
-6992.7889446278932155109941959381103515625000
-90647.1409551730612292885780334472656250000000
29393.4746501380650443024933338165283203125000
-53572.9112240008253138512372970581054687500000
-24963.5729821843960962723940610885620117187500
28450.0059475440721143968403339385986328125000
23087.8199579822394298389554023742675781250000
-13942.9220347399750608019530773162841796875000
19806.3681045261837425641715526580810546875000
-22986.0990652042855799663811922073364257812500
-28773.4499208770139375701546669006347656250000
-70666.2729574318509548902511596679687500000000
5210.7362755294770977343432605266571044921875
-2503.6910602940511125780176371335983276367188
-7570.9492253980624809628352522850036621093750
-48707.4520392833437654189765453338623046875000
-36490.7311582826005178503692150115966796875000
-90995.6522173753764946013689041137695312500000
49058.9002158113435143604874610900878906250000
-113658.3532890584610868245363235473632812500000
51617.5519918976933695375919342041015625000000
-849.9693721073065262316958978772163391113281
18922.1243809726547624450176954269409179687500
-28579.6104448024379962589591741561889648437500
42519.5135724101928644813597202301025390625000
-55897.2549508282099850475788116455078125000000
11674.2859725256821548100560903549194335937500
7374.9791674977595903328619897365570068359375
-29820.3789896263224363792687654495239257812500
18743.7616688668094866443425416946411132812500
86092.9688934186997357755899429321289062500000
32106.1391177807163330726325511932373046875000
38250.7506147895255708135664463043212890625000
-77012.7923312749480828642845153808593750000000
-45461.3504039841136545874178409576416015625000
-26496.4187580621364759281277656555175781250000
-10128.0247390873682888923212885856628417968750
-72734.7364053759811213240027427673339843750000
-65437.2660214104616898111999034881591796875000
-21677.0067380512955423910170793533325195312500
2451.1221833929957938380539417266845703125000
6038.3311967925446879235096275806427001953125
-7662.2412382838965640985406935214996337890625
-42054.2940197162752156145870685577392578125000
22111.3323431742319371551275253295898437500000
58390.5190364365917048417031764984130859375000
90.4586810354080625984352082014083862304688
-27133.8614304104557959362864494323730468750000
8400.4984030476553016342222690582275390625000
-17068.1212688115556375123560428619384765625000
4835.5073257699541500187478959560394287109375
-98256.2834658031060826033353805541992187500000
26694.7752830530953360721468925476074218750000
18127.7673137074198166374117136001586914062500
16974.6410512360234861262142658233642578125000
28849.3942206357714894693344831466674804687500
115004.2799107340688351541757583618164062500000
-46702.7906479997182032093405723571777343750000
-21943.0012987995432922616600990295410156250000
68837.8961022008443251252174377441406250000000
55176.4126479483529692515730857849121093750000
34370.8032011102040996775031089782714843750000
-46780.9931666750417207367718219757080078125000
-52613.0234128589072497561573982238769531250000
12107.1405067288778809597715735435485839843750
-33370.1344898108218330889940261840820312500000
-12296.2336504329723538830876350402832031250000
110757.8676157681475160643458366394042968750000
-157377.5798201227735262364149093627929687500000
-26455.7300117646955186501145362854003906250000
-3079.4704438535982262692414224147796630859375
-14150.7239219797265832312405109405517578125000
20184.0368268768652342259883880615234375000000
-18329.0373829466116148978471755981445312500000
39547.1544436369003960862755775451660156250000
-44157.2078799821829306893050670623779296875000
49256.6985044356115395203232765197753906250000
-77185.4777792499517090618610382080078125000000
33460.6645590894477209076285362243652343750000
-2569.7055704594031340093351900577545166015625
25159.0182290050142910331487655639648437500000
-22470.0219322599223232828080654144287109375000
-8609.7580663735552661819383502006530761718750
-31927.5166331663349410519003868103027343750000
-49663.3426697933246032334864139556884765625000
14510.4777224145454965764656662940979003906250
56810.8454854049778077751398086547851562500000
39030.3629881440647295676171779632568359375000
-18585.7665848127762728836387395858764648437500
-477.8217674208550533876405097544193267822266
-16749.8963482704384659882634878158569335937500
-9056.6957109831491834484040737152099609375000
12867.9522957541066716657951474189758300781250
5560.3122609630263468716293573379516601562500
3746.3153259595342206011991947889328002929688
22118.2061717897668131627142429351806640625000
36078.3512717983030597679316997528076171875000
-4189.4184103597153807641007006168365478515625
-38249.4355163719374104402959346771240234375000
-5847.7645536013678793096914887428283691406250
18414.2018710137745074462145566940307617187500
52653.7062483710687956772744655609130859375000
25645.7659480890361010096967220306396484375000
16435.3056329228129470720887184143066406250000
17019.2722078989390865899622440338134765625000
-27331.0693071616842644289135932922363281250000
-8394.3209108133942208951339125633239746093750
3501.8998412362461749580688774585723876953125
38929.2750515218649525195360183715820312500000
-72606.5021051412768429145216941833496093750000
38998.1298643686604918912053108215332031250000
6567.2641875721838005119934678077697753906250
46.0147205606906908315067994408309459686279
-7651.3249380142833615536801517009735107421875
13268.7679869466701347846537828445434570312500
15664.6129294017282518325373530387878417968750
21870.9899300227370986249297857284545898437500
-15181.8913056074798078043386340141296386718750
66671.3086968637653626501560211181640625000000
-10044.8247532281311578117311000823974609375000
24910.2605429457144055049866437911987304687500
-23875.0315692567892256192862987518310546875000
9268.2529857740901206852868199348449707031250
37867.9662025157231255434453487396240234375000
26419.9626136897604737896472215652465820312500
22684.0352720339542429428547620773315429687500
-47201.8498917662727762944996356964111328125000
-42070.3254253673876519314944744110107421875000
-36029.3081099143382743932306766510009765625000
22675.5699194427834299858659505844116210937500
53329.4911357498640427365899085998535156250000
-42730.2101036661042599007487297058105468750000
7194.1391894459575269138440489768981933593750
34420.8417531168597633950412273406982421875000
31081.6655022350823855958878993988037109375000
5158.2045536419873315026052296161651611328125
-787.6390052393464884517015889286994934082031
-5378.7231628387189630302600562572479248046875
40126.9916718150343513116240501403808593750000
-5418.1992279110036179190501570701599121093750
-41156.3525125376982032321393489837646484375000
14406.5494640315318974899128079414367675781250
51973.6411127197279711253941059112548828125000
30100.5183615469031792599707841873168945312500
-9541.5973250614242715528234839439392089843750
47278.9177249900967581197619438171386718750000
-7599.8609523343611726886592805385589599609375
17250.9116259436814289074391126632690429687500
34761.0243849825128563679754734039306640625000
-6826.3545388661887045600451529026031494140625
-4150.1847132258590136189013719558715820312500
33647.8259208248346112668514251708984375000000
-8865.4483189181555644609034061431884765625000
26672.3673540512318140827119350433349609375000
-13958.0152730463832995155826210975646972656250
-29776.1393862384356907568871974945068359375000
14992.2334163596478902036324143409729003906250
36437.9489021998670068569481372833251953125000
-1012.3554824094027253522654063999652862548828
-45.5980019321411234045626770239323377609253
52441.9722994733238010667264461517333984375000
-64079.6448343957672477699816226959228515625000
-5826.7110877835057181073352694511413574218750
-20561.9718067417306883726269006729125976562500
-16262.9797964411136490525677800178527832031250
24848.4256746871615177951753139495849609375000
-8334.2149454256559693021699786186218261718750
-8068.0948463425256704795174300670623779296875
4696.7265444904232936096377670764923095703125
-7038.3580409558135215775109827518463134765625
-58226.3662624060307280160486698150634765625000
-63014.5451522954172105528414249420166015625000
9155.7650949319540814030915498733520507812500
-3115.3510789024921905365772545337677001953125
-33634.5786888940565404482185840606689453125000
9789.0984510360376589233055710792541503906250
25336.9293302348014549352228641510009765625000
24126.6176877957332180812954902648925781250000
-21740.2720712909249414224177598953247070312500
-4663.9277539276454263017512857913970947265625
47438.5106431037565926089882850646972656250000
29298.2340136915627226699143648147583007812500
-52884.6927307963851490058004856109619140625000
-15580.4586546873961196979507803916931152343750
-14706.8079892215828294865787029266357421875000
10145.0579823239022516645491123199462890625000
9134.4117207841591152828186750411987304687500
-23528.9039099038818676490336656570434570312500
3451.3468841223475465085357427597045898437500
-10905.5824418001811864087358117103576660156250
-26740.2162720492124208249151706695556640625000
-50674.5096361004834761843085289001464843750000
-28687.4905960831310949288308620452880859375000
3383.8334087016473858966492116451263427734375
56683.1455394726144731976091861724853515625000
13536.6397611601569224148988723754882812500000
54723.6052713636745465919375419616699218750000
-35658.8925674900310696102678775787353515625000
28749.2698843607249727938324213027954101562500
15314.3224391918483888730406761169433593750000
-5085.7178274383904863498173654079437255859375
18871.3598033146845409646630287170410156250000
-6243.8900979005256886011920869350433349609375
-3374.3299275556169050105381757020950317382812
-189.0019520754212862811982631683349609375000
-3866.0250426927887019701302051544189453125000
-2891.6249610765371471643447875976562500000000
15176.8000767250832723220810294151306152343750
37177.7109796414297306910157203674316406250000
61861.1465539393102517351508140563964843750000
-2356.4443958108499828085768967866897583007812
-2502.0184198836973337165545672178268432617188
-21367.6008450517765595577657222747802734375000
-18693.9507953588399686850607395172119140625000
18008.8175717651429295074194669723510742187500
2251.4277671192921843612566590309143066406250
-24668.0223611437941144686192274093627929687500
-165.4598310175905453434097580611705780029297
29760.1084623769966128747910261154174804687500
-17101.5615917748473293613642454147338867187500
-11385.4362240872251277323812246322631835937500
-11978.4704881419420416932553052902221679687500
-9317.5292642466629331465810537338256835937500
-15213.3404595253305160440504550933837890625000
-55793.2782717558075091801583766937255859375000
-21602.7652832113999465946108102798461914062500
33361.8079306625659228302538394927978515625000
-320.2621591270399790118972305208444595336914
-23319.1179477791156386956572532653808593750000
4498.4330245258552167797461152076721191406250
-17506.9759410863334778696298599243164062500000
-23716.0676608267567644361406564712524414062500
59823.0872490091423969715833663940429687500000
-29411.4266506580061104614287614822387695312500
50246.2501050938080879859626293182373046875000
-25669.4050492643254983704537153244018554687500
-29686.7629156509865424595773220062255859375000
-821.4021456666741869412362575531005859375000
-16584.3394517214292136486619710922241210937500
-23153.7813903832538926508277654647827148437500
-31141.8576202253716473933309316635131835937500
-5796.1548883575360378017649054527282714843750
7396.9173553359023571829311549663543701171875
22187.4195655366384016815572977066040039062500
947.6498965857024359138449653983116149902344
4818.1460842472133663250133395195007324218750
308.2071880786958217868232168257236480712891
-22925.8003604750119848176836967468261718750000
-11793.7176310461509274318814277648925781250000
-34987.8400050090203876607120037078857421875000
1510.4336162307943141058785840868949890136719
22969.8707551308107213117182254791259765625000
-12152.4989681724127876805141568183898925781250
-25629.5674978141105384565889835357666015625000
2653.2526703316475504834670573472976684570312
9154.2534878862261393805965781211853027343750
-3648.2680290215503191575407981872558593750000
-15486.7998240324832295300439000129699707031250
31988.2531161889201030135154724121093750000000
22231.3117763263144297525286674499511718750000
4989.2433771916748810326680541038513183593750
2067.9272859482466628833208233118057250976562
24824.7031611428392352536320686340332031250000
-15935.8375846145063405856490135192871093750000
-39717.3410111532284645363688468933105468750000
-15109.3362591549175704130902886390686035156250
19046.8049165662305313162505626678466796875000
28260.7418402526564022991806268692016601562500
6507.3495649545420747017487883567810058593750
-10451.2353332327329553663730621337890625000000
-9059.9544508706039778189733624458312988281250
-32750.2085107044986216351389884948730468750000
-11058.3486874115278624230995774269104003906250
-12142.7055293188623181777074933052062988281250
-2165.0266754411022702697664499282836914062500
18988.6986542415179428644478321075439453125000
-10339.1384949645089363912120461463928222656250
4649.9044286760754403076134622097015380859375
-22484.7487210377439623698592185974121093750000
-21405.4638351036119274795055389404296875000000
-10312.1536069778467208379879593849182128906250
10889.7897256435444433009251952171325683593750
-28542.7710713522428704891353845596313476562500
7103.0940588048661084030754864215850830078125
-12283.6504250553698511794209480285644531250000
-10472.4492468237349385162815451622009277343750
-29363.3459275974273623432964086532592773437500
-10573.7730958607444335939362645149230957031250
4168.2433714469152619130909442901611328125000
22752.5074578172607289161533117294311523437500
9842.2850447752680338453501462936401367187500
-3437.4482810068971048167441040277481079101562
-7802.2220014237891518860124051570892333984375
-9022.5295815805729944258928298950195312500000
26820.8286491723447397816926240921020507812500
17562.2901314232512959279119968414306640625000
-5938.6958320529101911233738064765930175781250
20437.2396275236060319002717733383178710937500
9045.2689796050599397858604788780212402343750
-5283.5685986026683167438022792339324951171875
26565.3157581879968347493559122085571289062500
852.5518046957674869190668687224388122558594
2547.3338223431474034441635012626647949218750
-5437.0207960044426727108657360076904296875000
18726.9047764725655724760144948959350585937500
17019.8101228326740965712815523147583007812500
-2338.5182311377016048936638981103897094726562
-12021.0774371003990381723269820213317871093750
11730.6572143843623052816838026046752929687500
-5463.9491111921279298258014023303985595703125
29025.9430113932394306175410747528076171875000
1949.7296267186991372000193223357200622558594
-1238.0310829522049971274100244045257568359375
21501.5294074923222069628536701202392578125000
-13066.8247331428719917312264442443847656250000
10137.1146752603617642307654023170471191406250
-6173.1524325051723280921578407287597656250000
11476.4822270902077434584498405456542968750000
-19111.0852406134326884057372808456420898437500
8468.7924799720713053829967975616455078125000
6537.9372177017849026015028357505798339843750
20584.7196006399935868103057146072387695312500
19266.2148222577961860224604606628417968750000
15041.6809896777831454528495669364929199218750
8191.9273808182397260679863393306732177734375
-13498.3542926784866722300648689270019531250000
-21346.5876018179988022893667221069335937500000
-11371.2146461931733938399702310562133789062500
26365.6418959897055174224078655242919921875000
8543.1879608499093592399731278419494628906250
19177.0872174534051737282425165176391601562500
17798.0549249304131080862134695053100585937500
-9002.0364329224248649552464485168457031250000
10016.6061584713261254364624619483947753906250
38798.8295569920592242851853370666503906250000
-5578.5918609932086837943643331527709960937500
10557.6207584878429770469665527343750000000000
19112.2004365403226984199136495590209960937500
7748.1262228976393089396879076957702636718750
-20800.1216414949958561919629573822021484375000
19290.0952639218412514310330152511596679687500
8384.6402796033671620534732937812805175781250
-7564.0458955971971590770408511161804199218750
-8263.4418691558003047248348593711853027343750
-6274.4380682016799255507066845893859863281250
-48075.6969438787855324335396289825439453125000
-7360.0004978329261575709097087383270263671875
-19731.2495148464076919481158256530761718750000
18036.7336253452049277257174253463745117187500
-2952.9849601830514984612818807363510131835938
-33306.4831262227235129103064537048339843750000
-12533.1308964604377251816913485527038574218750
-3682.6922065118246791826095432043075561523438
12302.5787255974246363621205091476440429687500
-25429.4401587376014504116028547286987304687500
18238.8386837479229143355041742324829101562500
19661.4726459351913945283740758895874023437500
20607.8418299986587953753769397735595703125000
119.5468975747506306106515694409608840942383
19661.1781655721351853571832180023193359375000
-510.2763193786875604018860030919313430786133
9042.2470097352907032473012804985046386718750
8948.0320484022140590241178870201110839843750
-11965.6066925599625392351299524307250976562500
16968.6648760173957271035760641098022460937500
2887.8206689431062841322273015975952148437500
-337.1852343290341877946048043668270111083984
12291.6286101941841479856520891189575195312500
26749.6255396684537117835134267807006835937500
3227.3356703537224348110612481832504272460938
13035.2802038852896657772362232208251953125000
8718.1253157838982588145881891250610351562500
-2542.7126635865192838537041097879409790039062
18031.9097624450587318278849124908447265625000
17162.4950672551130992360413074493408203125000
-12054.9456872418959392234683036804199218750000
-6.9509433984917361470934338285587728023529
9572.0219169873853388708084821701049804687500
9320.1520554620656184852123260498046875000000
-2357.7425033503764097986277192831039428710938
15071.8774177298364520538598299026489257812500
6342.6474376226033200509846210479736328125000
-18262.4084815062633424531668424606323242187500
-6084.4958129885317248408682644367218017578125
-433.4510475458228029310703277587890625000000
11428.4840064464278839295729994773864746093750
-10048.0420301904177904361858963966369628906250
-2249.4083397081358270952478051185607910156250
-10498.7306835818744730204343795776367187500000
-8900.5495166253804200096055865287780761718750
23851.3246899664591182954609394073486328125000
2917.1879300886107557744253426790237426757812
-34589.2725259516228106804192066192626953125000
-22215.4028028411157720256596803665161132812500
-4280.9156472621898501529358327388763427734375
-1808.3062999727485475887078791856765747070312
-5276.1933790890689124353229999542236328125000
-1539.0222634573583491146564483642578125000000
-10163.3583751962341921171173453330993652343750
-5331.5045165110759626259095966815948486328125
-18851.6442340555950067937374114990234375000000
12605.1079519772338244365528225898742675781250
8535.8270426431063242489472031593322753906250
316.4518714882080416828102897852659225463867
1895.8344659013318960205651819705963134765625
-5585.8724686294772254768759012222290039062500
-3405.7565937090093939332291483879089355468750
-5574.6457315453453702502883970737457275390625
3366.1619964810092824336607009172439575195312
-2231.3455111283842597913462668657302856445312
-3016.1946054702575565897859632968902587890625
21570.2836853270055144093930721282958984375000
-9163.5276793357243150239810347557067871093750
-13333.2783477185457741143181920051574707031250
-6792.2854247544937607017345726490020751953125
6684.4291044817355214036069810390472412109375
-18386.7326203339071071241050958633422851562500
596.1063369747062097303569316864013671875000
10674.3463789232719136634841561317443847656250
-8466.7871020103539194678887724876403808593750
-332.3021637184990026980813127011060714721680
-5462.2557687387543410295620560646057128906250
-10523.1606547378651157487183809280395507812500
19606.6541021969751454889774322509765625000000
5709.9028411778663212317042052745819091796875
-2201.4036005121379275806248188018798828125000
-8560.4089670713419764069840312004089355468750
-8534.8148259776226041140034794807434082031250
205.4664501380627825710689648985862731933594
2536.9492540675278178241569548845291137695312
892.4988069321397006206098012626171112060547
6637.9244303936220603645779192447662353515625
9158.5027227968330407747998833656311035156250
8433.1668774951904197223484516143798828125000
-17603.1612645750064984895288944244384765625000
-4246.6596458363410420133732259273529052734375
-10746.2792144453287619398906826972961425781250
-5110.4116828095175151247531175613403320312500
5318.6627556063631345750764012336730957031250
7238.2431092866627295734360814094543457031250
5361.1727447037810634355992078781127929687500
25460.7122630631092761177569627761840820312500
7612.9556530630898123490624129772186279296875
8460.4977705764304118929430842399597167968750
-12859.1214303253455000231042504310607910156250
-5618.6534161295921876444481313228607177734375
-10692.3966642977793526370078325271606445312500
1746.4958212830970296636223793029785156250000
-17843.1526120817325136158615350723266601562500
-6858.9949749872912434511817991733551025390625
1309.6485549861286017403472214937210083007812
-14238.3151889039600064279511570930480957031250
-1171.2692173543975968641461804509162902832031
6580.1098149884010126697830855846405029296875
-15454.2829225675122870597988367080688476562500
5682.2187682921312443795613944530487060546875
-10331.0918101383485918631777167320251464843750
-3557.2147441274628363316878676414489746093750
-19510.1747085507886367850005626678466796875000
3779.4948800110150841646827757358551025390625
1892.0612329056493763346225023269653320312500
-898.9178162011984341006609611213207244873047
-9181.7742318157579575199633836746215820312500
-12297.9194795953371794894337654113769531250000
-1723.8595082081667442253092303872108459472656
6396.7479943360558536369353532791137695312500
-934.8558735034359870041953399777412414550781
-5288.6657644571387208998203277587890625000000
-15196.0546302685888804262503981590270996093750
8938.7952793420972739113494753837585449218750
17030.9863195072830421850085258483886718750000
-3440.9405628816057287622243165969848632812500
-16826.0160757420817390084266662597656250000000
-16962.7988907717044639866799116134643554687500
-8404.8411866434762487187981605529785156250000
5001.4968753683024260681122541427612304687500
4164.6980811742760124616324901580810546875000
3166.2086846330093976575881242752075195312500
11364.3312390128685365198180079460144042968750
-2598.2103656222598146996460855007171630859375
-3176.3807944122504522965755313634872436523438
7052.8741126112481651944108307361602783203125
7446.5939084103465575026348233222961425781250
113.4960281983139367412150022573769092559814
3867.9120540626254296512342989444732666015625
-639.7581880560927629630896262824535369873047
4855.1338402399542246712371706962585449218750
-11361.6974043275749863823875784873962402343750
4178.9542310197266488103196024894714355468750
2348.1616609795300973928533494472503662109375
6522.2487113902443525148555636405944824218750
-3177.0235295521943044150248169898986816406250
-2387.0969698370081459870561957359313964843750
2521.1215370624418028455693274736404418945312
23370.4184141702644410543143749237060546875000
-886.2147569114731595618650317192077636718750
-5441.3564487579005799489095807075500488281250
2130.4509703148078187950886785984039306640625
621.2814214346778953768080100417137145996094
-8083.5716449161091077257879078388214111328125
-6611.1890131367599678924307227134704589843750
5494.7325707575837441254407167434692382812500
-10952.4951378807436412898823618888854980468750
-4174.8125873466578923398628830909729003906250
-12821.4578809534687025006860494613647460937500
2199.1405010798039256769698113203048706054688
-5741.1343980397386985714547336101531982421875
3653.8285067398865066934376955032348632812500
1700.3363620902291586389765143394470214843750
-6211.2624281969738149200566112995147705078125
-3479.2486631770484564185608178377151489257812
23574.2106242640911659691482782363891601562500
-9105.9155586999277147697284817695617675781250
3238.5695503791143892158288508653640747070312
-550.9678224191566187073476612567901611328125
10754.8625982334360742243006825447082519531250
-3070.0933984565722312254365533590316772460938
1290.1535638088582800264703109860420227050781
-5471.9340196403763911803252995014190673828125
-3026.7024030105339988949708640575408935546875
-373.1754899550577420086483471095561981201172
-19791.0701246800927037838846445083618164062500
-5044.8867441849961323896422982215881347656250
-2796.1666955132059229072183370590209960937500
2569.7947487600331442081369459629058837890625
5096.6145441045482584740966558456420898437500
9922.0523257669156009797006845474243164062500
-1237.7146347584450722933979704976081848144531
9403.8253564071801520185545086860656738281250
6981.5365385478025928023271262645721435546875
-6502.9372688116218341747298836708068847656250
-11916.7858204385938734048977494239807128906250
1531.4613487374674605234758928418159484863281
-1288.7483771058032289147377014160156250000000
-2297.7842376314802095293998718261718750000000
-8665.1436466263057809555903077125549316406250
-5440.5461745497241281555034220218658447265625
-5579.7437698530020497855730354785919189453125
-4581.4411654603627539472654461860656738281250
8458.7204605114493460860103368759155273437500
322.6713184289604328114364761859178543090820
-6573.0763011430217375163920223712921142578125
-737.2268454230810448279953561723232269287109
-587.4852230627619746883283369243144989013672
11089.1621748541074339300394058227539062500000
-7723.2711788385631734854541718959808349609375
3650.2683424297329111141152679920196533203125
2137.8825680821105379436630755662918090820312
-9877.9767471633385866880416870117187500000000
4093.9155734746295820514205843210220336914062
1111.9157244842992895428324118256568908691406
-2009.5026373594257620425196364521980285644531
-3378.9407003656874621810857206583023071289062
-3409.2235525962769315810874104499816894531250
3224.6471128265288825787138193845748901367188
5445.3476689045837701996788382530212402343750
-7796.7668839889192895498126745223999023437500
3112.4605321065319003537297248840332031250000
6835.3626766700299413059838116168975830078125
2667.1282383474936068523675203323364257812500
3703.6983824910921612172387540340423583984375
-113.7703150153361377761029871180653572082520
3546.5542328883966547437012195587158203125000
-184.0377985206273763196804793551564216613770
-524.2410525018993894263985566794872283935547
1064.1306151472329020180040970444679260253906
6420.0556039021794276777654886245727539062500
-1532.1578685573997518076794221997261047363281
674.5165402631888582618557848036289215087891
1382.5449865605351078556850552558898925781250
2540.9520457827529753558337688446044921875000
5770.7955425892278071842156350612640380859375
-413.9413486058421653979166876524686813354492
-2027.0515791369798535015434026718139648437500
-256.2488849815572393708862364292144775390625
-3132.9905695673678565071895718574523925781250
6841.5606148347615089733153581619262695312500
4584.7125083239843661431223154067993164062500
2786.8008711831098480615764856338500976562500
-2521.2252965574016343452967703342437744140625
429.1074329636407469479308929294347763061523
2361.0047696035098852007649838924407958984375
-12559.8533126897928013931959867477416992187500
-1394.5593163763812754041282460093498229980469
3458.1899644123172947729472070932388305664062
-6657.2088288478416870930232107639312744140625
-4352.6025367639504111139103770256042480468750
2536.8079908518570846354123204946517944335938
-8302.9571966799248912138864398002624511718750
-5.7627538048215383170713721483480185270309
758.4154587657941419820417650043964385986328
-680.3184110126740051782689988613128662109375
5214.6479054328992788214236497879028320312500
1502.7519525495442849205574020743370056152344
-3550.4080946380713612597901374101638793945312
-1384.0624514604926389438332989811897277832031
-6222.5308823549612498027272522449493408203125
-574.7316652421817479989840649068355560302734
-5702.3374607380073939566500484943389892578125
-269.6858049501540790515718981623649597167969
2277.1771972040742184617556631565093994140625
-244.9031502158863133900013053789734840393066
-2954.8366462826429597043897956609725952148438
6885.9330467529225643374957144260406494140625
747.8760599765378174197394400835037231445312
-4864.4159618305448020691983401775360107421875
2506.5004594750125761493109166622161865234375
-1763.2362633569025547330966219305992126464844
916.7473393099141958373365923762321472167969
-414.3180633200977354135829955339431762695312
9766.1704826709301414666697382926940917968750
-1013.1194983735221057941089384257793426513672
8143.5586267879934894153848290443420410156250
6543.8732352299984995624981820583343505859375
-5694.5656399059407704044133424758911132812500
-1382.4981256329363077384186908602714538574219
-6468.0826026787290174979716539382934570312500
3020.1754608717346854973584413528442382812500
4017.1329860525816002336796373128890991210938
-1970.1360426900823767937254160642623901367188
1277.1920425250536936800926923751831054687500
-1039.1054631455158414610195904970169067382812
-8460.5798650246561010135337710380554199218750
-1931.2109692884932883316650986671447753906250
5189.6728458571815281175076961517333984375000
-1612.5210557813149989669909700751304626464844
1993.6691875541544050065567716956138610839844
-9459.7414611369986232602968811988830566406250
550.5248993022606782687944360077381134033203
823.6069454377820875379256904125213623046875
831.6846070739468359533930197358131408691406
3927.7614231441202718997374176979064941406250
2973.7429717251443435088731348514556884765625
-1578.6140579109694499493343755602836608886719
5240.5462820264010588289238512516021728515625
2854.5159331021995967603288590908050537109375
-9483.5468090478225349215790629386901855468750
8891.2835714794491650536656379699707031250000
898.1995798231899925667676143348217010498047
1935.2159153238562794285826385021209716796875
5760.3437545926144593977369368076324462890625
1504.7752019034264776564668864011764526367188
-1225.5464221814195298065897077322006225585938
-7781.8882548446263172081671655178070068359375
8538.9865943980221345555037260055541992187500
653.2736558560659432259853929281234741210938
-2574.6602508147229855239856988191604614257812
7726.0092422373381850775331258773803710937500
1173.0351745816030870628310367465019226074219
5675.7090878782628351473249495029449462890625
2825.5614922627664782339707016944885253906250
14059.1633569832338253036141395568847656250000
-909.7678497496353884343989193439483642578125
6486.5568298496618808712810277938842773437500
-2378.4406558323335048044100403785705566406250
-3649.6790413975049887085333466529846191406250
-556.0279994226548296865075826644897460937500
5504.6064952090773658710531890392303466796875
96.2560402097567191503912908956408500671387
-10680.0537587050075671868398785591125488281250
-2719.9122180768827092833817005157470703125000
6762.4034094838189048459753394126892089843750
3525.5909455356340913567692041397094726562500
4424.2587076362997322576120495796203613281250
8855.5192132657630281755700707435607910156250
7779.9951432090510934358462691307067871093750
-2194.4590712698563947924412786960601806640625
3435.4979309881346125621348619461059570312500
-5313.6386099961318905116058886051177978515625
-582.7653223892666574101895093917846679687500
2043.3481570146816466149175539612770080566406
3688.2605322442750548361800611019134521484375
6909.5011282551358817727304995059967041015625
2736.2962301222432870417833328247070312500000
-686.5025465389452392628300003707408905029297
4244.2766588246686296770349144935607910156250
5127.0366360180587435024790465831756591796875
-1355.4620984934613261430058628320693969726562
-3015.7791761728126402886118739843368530273438
-134.7183871921820070838293759152293205261230
-6972.3453384234599070623517036437988281250000
4508.8548638356141964322887361049652099609375
19.6281296184902949164552410366013646125793
-1699.8690061890417837275890633463859558105469
-3576.3110957848311954876407980918884277343750
715.8933096579310131346574053168296813964844
-2336.1150304779839643742889165878295898437500
2261.6664128157394770823884755373001098632812
628.9993277866419703059364110231399536132812
-5342.1778268049374673864804208278656005859375
3287.6234749847922103072050958871841430664062
2854.0390494596281314443331211805343627929688
-732.1066822651142729228013195097446441650391
10.5864003331925626838483367464505136013031
-3473.7194593221124705451074987649917602539062
-6194.2158924922259757295250892639160156250000
-1921.2370879896836868283571675419807434082031
1374.6049054117791001772275194525718688964844
1488.0029108742132848419714719057083129882812
-2284.5112023412989401549566537141799926757812
-2074.3719305767344849300570785999298095703125
369.8672139864332280012604314833879470825195
3245.7807666705748488311655819416046142578125
-4185.2993402956899444689042866230010986328125
-1064.8156731813382975815329700708389282226562
-1135.7828408698933344567194581031799316406250
2694.6467804966055155091453343629837036132812
-1719.5365411686766492493916302919387817382812
1018.3707133651462299894774332642555236816406
2064.7241972682472805900033563375473022460938
4415.5710457262948693824000656604766845703125
3737.8216160324891461641527712345123291015625
1889.2167410214283336244989186525344848632812
-3094.5283869416871311841532588005065917968750
3901.5613286584034540283028036355972290039062
895.9452740210683714394690468907356262207031
1524.1803817288762274984037503600120544433594
2291.4633552382124435098376125097274780273438
3315.4262770609543622413184493780136108398438
-4741.6439228339222609065473079681396484375000
-2283.7407935825394815765321254730224609375000
-4192.5898170560094513348303735256195068359375
302.8981439149122820708726067095994949340820
1626.2649560162583384226309135556221008300781
-1433.2005238747983639768790453672409057617188
7477.9934598425443255109712481498718261718750
-2319.1600557189553910575341433286666870117188
416.3010902177233560905733611434698104858398
608.2050005777457499789306893944740295410156
3378.4005488374928063421975821256637573242188
-3100.0949054860616342921275645494461059570312
4135.0864047358754760352894663810729980468750
-7228.5489639311263090348802506923675537109375
-3258.0924799887375229445751756429672241210938
-2748.2326239690623879141639918088912963867188
-316.4366856707860620190331246703863143920898
-331.4383537252704172715311869978904724121094
678.4951660874902472642133943736553192138672
974.7615354037882298143813386559486389160156
4690.6510999444617482367902994155883789062500
-2063.5271956267279165331274271011352539062500
-3036.2043620284916869422886520624160766601562
4135.5249290986821506521664559841156005859375
-3466.8076283318132482236251235008239746093750
2212.6523469712292353506200015544891357421875
2333.0141344260259756993036717176437377929688
-625.6540318365352959517622366547584533691406
-6278.2991068050750982365570962429046630859375
-3828.7932673278824040608014911413192749023438
-4979.9401751901959869428537786006927490234375
2144.8806036305877569247968494892120361328125
5448.2909467838144337292760610580444335937500
4885.4239843395016578142531216144561767578125
-2864.9129253551523106580134481191635131835938
1305.2076681547839598351856693625450134277344
2670.2273346277424934669397771358489990234375
-6609.9188737925323948729783296585083007812500
-621.3945088095085793611360713839530944824219
2291.2411450456183956703171133995056152343750
-992.3160512373175379252643324434757232666016
-3585.7636819019098766148090362548828125000000
-4449.1506608602994674583896994590759277343750
-73.8034753507552210294306860305368900299072
-2818.8131948826767256832681596279144287109375
949.4502026688157911848975345492362976074219
239.5349137517515316631033783778548240661621
5833.8958853393023673561401665210723876953125
4950.7557951123180828290060162544250488281250
-3107.0559937670182080182712525129318237304688
-2545.4140327683512623480055481195449829101562
-244.9205137078403708983387332409620285034180
3956.1084751007110753562301397323608398437500
1743.7578475726952547120163217186927795410156
-5446.4969697718461247859522700309753417968750
-3867.1392598344641555740963667631149291992188
-2757.7380052641383372247219085693359375000000
-896.3734529091957483615260571241378784179688
-1256.8958050525736780400620773434638977050781
-4664.4252890826710427063517272472381591796875
88.1835152113401079532195581123232841491699
-630.5770627886953434426686726510524749755859
-790.8714111139153146723401732742786407470703
3494.8821759892812224279623478651046752929688
-4187.8247458444584481185302138328552246093750
-3563.1998568655817507533356547355651855468750
693.5237370713539348798803985118865966796875
-2568.1667588708387484075501561164855957031250
2002.6263213131205702666193246841430664062500
-2807.4158174373669680790044367313385009765625
-6498.7600666880180142470635473728179931640625
-812.8268938482777912213350646197795867919922
-3942.6076330829255311982706189155578613281250
1768.0974148175491791334934532642364501953125
-1571.7587479753526622516801580786705017089844
1047.9246043733915030315984040498733520507812
-2938.3094461454293195856735110282897949218750
1229.2965677738811791641637682914733886718750
1643.7504779309153946087462827563285827636719
-48.5503235199633920160522393416613340377808
-92.6415219057091690046945586800575256347656
1843.2975907590018778137164190411567687988281
-265.6805424553147076949244365096092224121094
-1634.7361555119337026553694158792495727539062
705.8395884454713495870237238705158233642578
2425.9851507322000543354079127311706542968750
359.0218756116368581388087477535009384155273
330.9711216140583474043523892760276794433594
2536.7504676121639022312592715024948120117188
1514.8214814469888551684562116861343383789062
2842.4153283532832574564963579177856445312500
-3434.9647946153590964968316256999969482421875
807.0245855048945031740004196763038635253906
693.0099719852782982343342155218124389648438
1426.1162571421875782107235863804817199707031
-2481.9003911901158971886616200208663940429688
-683.2058420841643737730919383466243743896484
-3310.6242780149759710184298455715179443359375
538.4757836750005708381650038063526153564453
4189.8781390333533636294305324554443359375000
-316.9332138969286347673914860934019088745117
-1430.0366762973160348337842151522636413574219
-3232.3381481790411271504126489162445068359375
-3451.2198514208334927388932555913925170898438
377.1780472256519942675367929041385650634766
-796.2179359935914817469893023371696472167969
882.6814512350254062766907736659049987792969
-1000.1976569999712864955654367804527282714844
-1503.3670257482729084586026147007942199707031
4.4374320839177503472683383733965456485748
1178.9371260294594776496523991227149963378906
-396.2453043750668939537717960774898529052734
6966.5466340898419730365276336669921875000000
918.9814252249391302029835060238838195800781
-2209.1728532723018361139111220836639404296875
155.9310172902255828830675454810261726379395
-1231.7746039758831102517433464527130126953125
1812.2767576975709289399674162268638610839844
-1202.7057537832401976629626005887985229492188
-1361.8518663710169676051009446382522583007812
1706.5611116384734486928209662437438964843750
-255.1301660389308665344287874177098274230957
-1557.8241541295624301710631698369979858398438
4534.9165878161002183333039283752441406250000
-550.0199521153136856810306198894977569580078
444.3282248160497260869306046515703201293945
2030.8952363818955291208112612366676330566406
-531.6175704933441465982468798756599426269531
-242.4203634348774869522458175197243690490723
327.4851970970098022917227353900671005249023
956.8607002905375793488929048180580139160156
909.3454780870318927554762922227382659912109
1844.1922879830960937397321686148643493652344
-2613.1639891015961438824888318777084350585938
-2868.8806875112563830043654888868331909179688
-192.1061693324185739584208931773900985717773
1417.1969548884746927797095850110054016113281
370.0450737017354754243569914251565933227539
2004.0809516009835533623117953538894653320312
1603.1524572175851517386035993695259094238281
-3741.7589995793205162044614553451538085937500
-212.6870542569025133161630947142839431762695
-1484.6090511320603582134936004877090454101562
-922.5376920246802683323039673268795013427734
2865.2961220191004940716084092855453491210938
-2862.4053667656039579014759510755538940429688
1042.0299758655341975099872797727584838867188
3988.2694896275352220982313156127929687500000
727.5539936206592983580776490271091461181641
223.2914685643651182544999755918979644775391
2184.7061363396619526611175388097763061523438
1655.8027338399856489559169858694076538085938
3617.6063753977205124101601541042327880859375
-1553.1536665719945631281007081270217895507812
1530.3873811282912811293499544262886047363281
-2229.7963023257098029716871678829193115234375
267.5131319594323144883674103766679763793945
938.7621294333309833746170625090599060058594
-678.6628172277995645345072261989116668701172
-3152.5026528521166255814023315906524658203125
-1400.4054982923241823300486430525779724121094
-3308.8131938166875443130265921354293823242188
376.5885514693317190904053859412670135498047
-457.3591156015509682219999376684427261352539
267.4019045742290927591966465115547180175781
1208.5634085468350349401589483022689819335938
-124.0708384804586330574238672852516174316406
-14.2819080315247255441590823465958237648010
2896.2104036730415828060358762741088867187500
-932.9733390918796658297651447355747222900391
1470.8462391800528621388366445899009704589844
-750.4726566255386615011957474052906036376953
