-0.0249054589284313267205650532787331030704
33.1729651521744486331044754479080438613892
-1637.9795195329986654542153701186180114746094
24123.3914557299431180581450462341308593750000
-115334.1817667813156731426715850830078125000000
-274587.1535961040644906461238861083984375000000
4861591.7528601130470633506774902343750000000000
-19292242.6506176255643367767333984375000000000000
31317260.3307869471609592437744140625000000000000
-3878729.2321059936657547950744628906250000000000
-47829021.7891840860247611999511718750000000000000
20734938.7626560032367706298828125000000000000000
89729566.7771951258182525634765625000000000000000
-119890899.4964913278818130493164062500000000000000
12552758.9100516941398382186889648437500000000000
94170155.6616510897874832153320312500000000000000
-56508050.0378761216998100280761718750000000000000
-103201135.0431672185659408569335937500000000000000
128265868.2483987212181091308593750000000000000000
41397439.7081478536128997802734375000000000000000
-83832652.9005298167467117309570312500000000000000
65080762.2013049572706222534179687500000000000000
-241206257.4707505106925964355468750000000000000000
260655681.1211766004562377929687500000000000000000
-46999083.9117443859577178955078125000000000000000
-20272056.4960567764937877655029296875000000000000
23408435.2841374725103378295898437500000000000000
-156968362.1434578597545623779296875000000000000000
228342070.4712924957275390625000000000000000000000
1995773.0739848797675222158432006835937500000000
-85458740.9716479331254959106445312500000000000000
28800805.7246935516595840454101562500000000000000
-85810051.9235425591468811035156250000000000000000
-64659457.3665730133652687072753906250000000000000
-10924732.4596986044198274612426757812500000000000
55528305.6592601314187049865722656250000000000000
-30976794.0081532113254070281982421875000000000000
104253245.7826252728700637817382812500000000000000
52795146.7423808351159095764160156250000000000000
-34540124.2322237044572830200195312500000000000000
30693426.0807925648987293243408203125000000000000
54821560.8279318436980247497558593750000000000000
4485175.9660046063363552093505859375000000000000
-116945282.2451755106449127197265625000000000000000
46361154.7921064868569374084472656250000000000000
-76980685.4378631412982940673828125000000000000000
13555479.1693468522280454635620117187500000000000
131847388.2078527361154556274414062500000000000000
-71648378.8358815014362335205078125000000000000000
-94433193.0345446169376373291015625000000000000000
-29029134.5940852202475070953369140625000000000000
-79396111.2013541460037231445312500000000000000000
71482632.9605340659618377685546875000000000000000
-35351929.0785496383905410766601562500000000000000
-35085273.8951295688748359680175781250000000000000
18952564.7795688696205615997314453125000000000000
111626703.2636377364397048950195312500000000000000
9023267.5665847714990377426147460937500000000000
62234008.4178296625614166259765625000000000000000
-22937680.7824450284242630004882812500000000000000
58779638.2401049286127090454101562500000000000000
-30973927.2539637535810470581054687500000000000000
-48849342.3133422657847404479980468750000000000000
96071808.3353721201419830322265625000000000000000
-51297299.0483119636774063110351562500000000000000
62476683.5964732170104980468750000000000000000000
-12544024.7933791708201169967651367187500000000000
-94159878.4234060496091842651367187500000000000000
151464495.4396455287933349609375000000000000000000
-126094575.9834535270929336547851562500000000000000
-7082746.8043226422742009162902832031250000000000
46973036.1791756823658943176269531250000000000000
-21911898.7647061198949813842773437500000000000000
-62465692.9944065734744071960449218750000000000000
81350593.9762682914733886718750000000000000000000
-28850453.9793362133204936981201171875000000000000
-59719977.5771466642618179321289062500000000000000
72683675.7985480427742004394531250000000000000000
-15154295.9423530288040637969970703125000000000000
43884599.7580949962139129638671875000000000000000
-109176484.6376840919256210327148437500000000000000
-9335185.9386716522276401519775390625000000000000
-34096244.2377167642116546630859375000000000000000
-4220388.3999456455931067466735839843750000000000
-42549510.6706641837954521179199218750000000000000
-41128075.2013109251856803894042968750000000000000
-114861186.2502969056367874145507812500000000000000
51081122.3985045254230499267578125000000000000000
-16069120.3734412752091884613037109375000000000000
-43345387.6962793320417404174804687500000000000000
1996387.6134944343939423561096191406250000000000
38225544.9701890274882316589355468750000000000000
34204129.4970700293779373168945312500000000000000
205912389.6528919041156768798828125000000000000000
26080781.3159314505755901336669921875000000000000
77241358.8431479632854461669921875000000000000000
-221294.5948290412197820842266082763671875000000
66716306.6905915215611457824707031250000000000000
23324847.1835838630795478820800781250000000000000
-8820467.1193412654101848602294921875000000000000
96092988.4908255189657211303710937500000000000000
39409950.4328770563006401062011718750000000000000
-106524166.8990934044122695922851562500000000000000
-31322637.7116529755294322967529296875000000000000
-41737737.5033684372901916503906250000000000000000
33419300.8099633827805519104003906250000000000000
-7003822.0363871334120631217956542968750000000000
-127377696.7447765320539474487304687500000000000000
88867157.4020299613475799560546875000000000000000
16379610.0480383876711130142211914062500000000000
-21779633.6997514888644218444824218750000000000000
21653937.1707468293607234954833984375000000000000
-77850798.4574492871761322021484375000000000000000
-20085153.1290767714381217956542968750000000000000
31091184.7854461483657360076904296875000000000000
-147310882.4892489910125732421875000000000000000000
-69710412.5905957370996475219726562500000000000000
-22480497.0228478312492370605468750000000000000000
43864005.4615961611270904541015625000000000000000
91403057.9758159369230270385742187500000000000000
11498798.7597967870533466339111328125000000000000
44294585.7961021363735198974609375000000000000000
54830231.6878487542271614074707031250000000000000
-6708614.3498511044308543205261230468750000000000
-9903123.9903380814939737319946289062500000000000
11382834.8260951191186904907226562500000000000000
-167223731.6740353703498840332031250000000000000000
16688600.9867241848260164260864257812500000000000
18376353.7999916858971118927001953125000000000000
50278819.3613213524222373962402343750000000000000
-1802371.4341384298168122768402099609375000000000
-53590252.2774845138192176818847656250000000000000
-20581736.2183351702988147735595703125000000000000
63325603.1970105171203613281250000000000000000000
-83321025.9387604147195816040039062500000000000000
-12414899.2538818605244159698486328125000000000000
-126118532.0410749167203903198242187500000000000000
-33062768.4511334560811519622802734375000000000000
-43070803.4089923501014709472656250000000000000000
-158349746.9049439728260040283203125000000000000000
89007279.8602977246046066284179687500000000000000
68761599.0223873108625411987304687500000000000000
25769019.1451596207916736602783203125000000000000
69505553.3915760368108749389648437500000000000000
115982435.1756081432104110717773437500000000000000
46647899.8955672532320022583007812500000000000000
-89286325.2573789805173873901367187500000000000000
68305246.1104877144098281860351562500000000000000
68648778.9973117709159851074218750000000000000000
-141920489.9308475255966186523437500000000000000000
130670780.7418180406093597412109375000000000000000
140005406.5301170945167541503906250000000000000000
-129505929.6140553802251815795898437500000000000000
-35342485.3297066092491149902343750000000000000000
185246057.9862129390239715576171875000000000000000
15572121.8982544578611850738525390625000000000000
-69117322.4116112589836120605468750000000000000000
150534884.3234978616237640380859375000000000000000
728819.0082458686083555221557617187500000000000
-111456609.1908224076032638549804687500000000000000
76883319.7804836034774780273437500000000000000000
52938626.4722890704870223999023437500000000000000
-121081285.3490263819694519042968750000000000000000
59536592.0309061780571937561035156250000000000000
148352168.6527898311614990234375000000000000000000
-15339473.9390179347246885299682617187500000000000
1278768.6772438189946115016937255859375000000000
-77194579.3009917885065078735351562500000000000000
-63149479.5976781770586967468261718750000000000000
97354302.3485788255929946899414062500000000000000
26718301.0179363153874874114990234375000000000000
-18884303.6777548156678676605224609375000000000000
-68263276.0900122970342636108398437500000000000000
9929857.3492999747395515441894531250000000000000
-44052430.3356427550315856933593750000000000000000
-155740958.0756450891494750976562500000000000000000
20280625.3709317743778228759765625000000000000000
-20684618.9310484603047370910644531250000000000000
-55801977.6500046551227569580078125000000000000000
81868950.2005603909492492675781250000000000000000
-22663997.7552588805556297302246093750000000000000
149800824.3652497828006744384765625000000000000000
-60572016.9556136429309844970703125000000000000000
106994985.8217582851648330688476562500000000000000
-139937402.6990483999252319335937500000000000000000
-138579736.4895938634872436523437500000000000000000
19511317.7314941324293613433837890625000000000000
30723916.7699368633329868316650390625000000000000
35214245.6927219852805137634277343750000000000000
20550380.9603200517594814300537109375000000000000
27699782.8527722805738449096679687500000000000000
-119182646.8894433975219726562500000000000000000000
-101548005.5975298881530761718750000000000000000000
79796192.0704635083675384521484375000000000000000
35784053.3381951004266738891601562500000000000000
-80520274.8843561410903930664062500000000000000000
31818671.1571836583316326141357421875000000000000
22429285.4000616818666458129882812500000000000000
56071847.7040827795863151550292968750000000000000
50274904.9286551475524902343750000000000000000000
-98125428.0598260909318923950195312500000000000000
39130054.8453573733568191528320312500000000000000
-237193671.4311093688011169433593750000000000000000
95931051.4680039286613464355468750000000000000000
50737381.0183847695589065551757812500000000000000
-221842938.4222855865955352783203125000000000000000
31312231.7514021359384059906005859375000000000000
97286436.6690562665462493896484375000000000000000
-2291654.6291632982902228832244873046875000000000
-102957440.4773904532194137573242187500000000000000
-35998208.3325419947504997253417968750000000000000
27494491.6577317342162132263183593750000000000000
-81446197.7612916380167007446289062500000000000000
51636473.1586450412869453430175781250000000000000
-45706241.9902822375297546386718750000000000000000
-137205625.3122962415218353271484375000000000000000
-126348425.3054726123809814453125000000000000000000
101613501.7596395611763000488281250000000000000000
-124640427.8635255694389343261718750000000000000000
-45218192.5214981734752655029296875000000000000000
127571841.6766035109758377075195312500000000000000
-49129762.2069116756319999694824218750000000000000
88247160.5460821688175201416015625000000000000000
152528654.3291529715061187744140625000000000000000
76933152.9363851845264434814453125000000000000000
185457065.4870691597461700439453125000000000000000
57394971.1050987392663955688476562500000000000000
127351574.4025544971227645874023437500000000000000
8820720.9068417754024267196655273437500000000000
103443646.3444654494524002075195312500000000000000
-22795070.8884117677807807922363281250000000000000
-78313925.7140436768531799316406250000000000000000
-50951459.0559396669268608093261718750000000000000
62196593.7638755813241004943847656250000000000000
62425246.2822804152965545654296875000000000000000
248099978.2322471141815185546875000000000000000000
92258972.8672637194395065307617187500000000000000
-41600814.6596221253275871276855468750000000000000
5240123.6075141783803701400756835937500000000000
-146893025.6877512633800506591796875000000000000000
-30076831.8334616310894489288330078125000000000000
-15254502.2476054131984710693359375000000000000000
-84717802.4031357169151306152343750000000000000000
162233972.2973288297653198242187500000000000000000
-49141314.3450892418622970581054687500000000000000
-10052721.0904295351356267929077148437500000000000
96026222.8314340859651565551757812500000000000000
-41286967.8993418142199516296386718750000000000000
-12345182.3106578160077333450317382812500000000000
-41225814.0009397938847541809082031250000000000000
-57030607.4280987456440925598144531250000000000000
108402853.5134935081005096435546875000000000000000
-40795145.1899811625480651855468750000000000000000
97185822.3558050096035003662109375000000000000000
10754190.2323719430714845657348632812500000000000
-9485007.0177329666912555694580078125000000000000
-1127500.3631674170028418302536010742187500000000
-104700732.5347626358270645141601562500000000000000
23780183.2542414218187332153320312500000000000000
98395243.2864955961704254150390625000000000000000
-41209192.7947462797164916992187500000000000000000
91687346.8922198563814163208007812500000000000000
-103711104.2282956540584564208984375000000000000000
-93267816.3034141212701797485351562500000000000000
28207803.9746267348527908325195312500000000000000
-127150428.5163199305534362792968750000000000000000
37297564.8199340254068374633789062500000000000000
-62764225.9844995364546775817871093750000000000000
-39367783.1132167950272560119628906250000000000000
18395401.2078764587640762329101562500000000000000
-56628827.4848654195666313171386718750000000000000
-139532877.1337837874889373779296875000000000000000
66533449.5635464191436767578125000000000000000000
-87140398.8459561914205551147460937500000000000000
-3109562.8493215055204927921295166015625000000000
-41864727.6940276399254798889160156250000000000000
-4013513.7312430851161479949951171875000000000000
77502044.0190686285495758056640625000000000000000
18391074.0456304848194122314453125000000000000000
-96121866.7168790549039840698242187500000000000000
-16506608.0366692878305912017822265625000000000000
-63879451.0101159214973449707031250000000000000000
3489164.8481595437042415142059326171875000000000
-37945084.9307610467076301574707031250000000000000
-70824736.3539773970842361450195312500000000000000
69301373.7160288542509078979492187500000000000000
18484549.5109673067927360534667968750000000000000
-74573006.9562674909830093383789062500000000000000
129376812.0102070569992065429687500000000000000000
-115736542.5525788962841033935546875000000000000000
8690811.7851856481283903121948242187500000000000
56995798.2881274521350860595703125000000000000000
14149510.7284079510718584060668945312500000000000
20289997.4141105562448501586914062500000000000000
5988917.2022547787055373191833496093750000000000
30246854.1576989032328128814697265625000000000000
67574587.2298668622970581054687500000000000000000
100996419.3501325994729995727539062500000000000000
92264685.3288551717996597290039062500000000000000
-37752116.8120345696806907653808593750000000000000
9230776.4296804107725620269775390625000000000000
79366300.2772042602300643920898437500000000000000
-63885873.3343377709388732910156250000000000000000
44464669.3082664981484413146972656250000000000000
-85418976.6651678532361984252929687500000000000000
-99053054.7855261713266372680664062500000000000000
15224859.2808054387569427490234375000000000000000
55400862.5665487796068191528320312500000000000000
49452744.9703303873538970947265625000000000000000
86663696.6370003670454025268554687500000000000000
-29540256.7944808602333068847656250000000000000000
-108808547.0945398062467575073242187500000000000000
10901178.9995390027761459350585937500000000000000
70453257.0352380424737930297851562500000000000000
-75164208.5621685087680816650390625000000000000000
108648614.2494901567697525024414062500000000000000
15476226.2694962266832590103149414062500000000000
-14354113.6652847919613122940063476562500000000000
-53638140.7348865792155265808105468750000000000000
-81414961.6144442856311798095703125000000000000000
-66397020.4262055978178977966308593750000000000000
-211474909.8199218511581420898437500000000000000000
156387135.8374147713184356689453125000000000000000
12071796.7571751959621906280517578125000000000000
-40041637.2276972755789756774902343750000000000000
-8624540.5054633840918540954589843750000000000000
65304801.0358098819851875305175781250000000000000
-61055869.8124981522560119628906250000000000000000
-140784688.7654334902763366699218750000000000000000
-47083829.2925482317805290222167968750000000000000
-67903520.0038091093301773071289062500000000000000
-40523068.6755812838673591613769531250000000000000
28594672.7422320693731307983398437500000000000000
139098855.7840605080127716064453125000000000000000
-37381190.1543162688612937927246093750000000000000
49246614.8846799060702323913574218750000000000000
-22549299.9226899221539497375488281250000000000000
-158115455.4951299428939819335937500000000000000000
138347077.4964797496795654296875000000000000000000
61220885.1691384613513946533203125000000000000000
-17536128.1171513572335243225097656250000000000000
33210929.5836324468255043029785156250000000000000
-25440736.8225322961807250976562500000000000000000
59721729.6808587312698364257812500000000000000000
-34574663.1660092398524284362792968750000000000000
99780840.3751542568206787109375000000000000000000
-59477198.9666865840554237365722656250000000000000
-115089013.3918805271387100219726562500000000000000
25055514.9065096713602542877197265625000000000000
-69847444.0994109064340591430664062500000000000000
83018399.6567907482385635375976562500000000000000
71129805.8193181753158569335937500000000000000000
153992831.1634017229080200195312500000000000000000
89647161.4487807303667068481445312500000000000000
119209304.2202981561422348022460937500000000000000
13771595.7699782773852348327636718750000000000000
438464.3210765789262950420379638671875000000000
109167005.1085509657859802246093750000000000000000
-75849998.4013347774744033813476562500000000000000
80031001.5543078631162643432617187500000000000000
-31824539.3069568984210491180419921875000000000000
44638115.9215886890888214111328125000000000000000
87922448.2311212271451950073242187500000000000000
110941093.1237385123968124389648437500000000000000
1364586.4849158537108451128005981445312500000000
63964474.9800035506486892700195312500000000000000
28537243.0994897410273551940917968750000000000000
-85356854.5942890495061874389648437500000000000000
47732720.8678827434778213500976562500000000000000
55167321.2924456819891929626464843750000000000000
-77217619.4052426367998123168945312500000000000000
-9229373.3341417927294969558715820312500000000000
-219755783.6330386400222778320312500000000000000000
-150678454.7057520747184753417968750000000000000000
-2416756.0408728569746017456054687500000000000000
69698126.8674984574317932128906250000000000000000
-13291871.6564624886959791183471679687500000000000
125367564.2554300129413604736328125000000000000000
-16518483.4753217641264200210571289062500000000000
73702102.8334422558546066284179687500000000000000
-84139574.7481705248355865478515625000000000000000
-44605661.5675289332866668701171875000000000000000
-70344221.4700936079025268554687500000000000000000
-36476898.9992467090487480163574218750000000000000
-30140946.4438613988459110260009765625000000000000
-62196162.2318712547421455383300781250000000000000
-75944534.8411472141742706298828125000000000000000
100230105.6356508433818817138671875000000000000000
-6465738.8612667806446552276611328125000000000000
-14672565.7740519158542156219482421875000000000000
63890615.5971187055110931396484375000000000000000
-43039180.9845790714025497436523437500000000000000
-129862788.7428464144468307495117187500000000000000
5524370.1502058766782283782958984375000000000000
-3429779.3251124932430684566497802734375000000000
24774160.3177801519632339477539062500000000000000
-7778853.1407457133755087852478027343750000000000
35872032.7682463675737380981445312500000000000000
-1262006.8209934267215430736541748046875000000000
-45752371.4471966698765754699707031250000000000000
-24013969.4428699240088462829589843750000000000000
-92506965.4824243336915969848632812500000000000000
-54895840.1759675815701484680175781250000000000000
5846390.5647575696930289268493652343750000000000
92779243.6820413321256637573242187500000000000000
208841675.4890640079975128173828125000000000000000
-71621143.6362582445144653320312500000000000000000
126825275.6352670788764953613281250000000000000000
42779937.2640113681554794311523437500000000000000
39097884.4998284727334976196289062500000000000000
-24441166.1596318297088146209716796875000000000000
-213143635.6186152994632720947265625000000000000000
-6924189.7747080856934189796447753906250000000000
203835582.5106182396411895751953125000000000000000
40835790.7031554728746414184570312500000000000000
-6273746.2511645406484603881835937500000000000000
86404730.2880529314279556274414062500000000000000
-24074086.2390211485326290130615234375000000000000
-40284307.1625542938709259033203125000000000000000
-54450075.9529828354716300964355468750000000000000
-30147326.5867739692330360412597656250000000000000
7674217.8073742166161537170410156250000000000000
-47122965.8114278838038444519042968750000000000000
4312310.3232410931959748268127441406250000000000
113066922.3104085922241210937500000000000000000000
-120383166.1363906860351562500000000000000000000000
49242332.0356970354914665222167968750000000000000
-28135074.9319554418325424194335937500000000000000
-39653952.7006785199046134948730468750000000000000
28591447.0192170105874538421630859375000000000000
-135328636.5797097086906433105468750000000000000000
26192970.1290353201329708099365234375000000000000
129053996.1028689146041870117187500000000000000000
108423949.3663492947816848754882812500000000000000
36555793.4924012720584869384765625000000000000000
-47159106.6120295226573944091796875000000000000000
-105520359.1367716044187545776367187500000000000000
-67066114.7844191789627075195312500000000000000000
-51625789.7267979681491851806640625000000000000000
-12248795.5574449021369218826293945312500000000000
-32827281.5417926311492919921875000000000000000000
-207339943.9931166768074035644531250000000000000000
-149298755.7623105943202972412109375000000000000000
13297906.1551907863467931747436523437500000000000
28596738.7223754636943340301513671875000000000000
-6673314.3313810387626290321350097656250000000000
71964646.6361670494079589843750000000000000000000
25148783.4891575388610363006591796875000000000000
-121499215.3819240182638168334960937500000000000000
-43420251.7635912224650382995605468750000000000000
-50173096.3611492663621902465820312500000000000000
-76353526.6411868184804916381835937500000000000000
101058047.6672892868518829345703125000000000000000
45309543.9432983621954917907714843750000000000000
-59787950.7797089889645576477050781250000000000000
-59333314.9209034442901611328125000000000000000000
22476122.4981717392802238464355468750000000000000
67133687.7993305474519729614257812500000000000000
5910825.8822937747463583946228027343750000000000
-169886926.7322081327438354492187500000000000000000
-105303808.5451028198003768920898437500000000000000
170300761.8840249478816986083984375000000000000000
-80755982.1903672963380813598632812500000000000000
121982797.1265940368175506591796875000000000000000
40845268.0404799357056617736816406250000000000000
-74954374.9063807725906372070312500000000000000000
106660334.3562432378530502319335937500000000000000
-81865825.1946076005697250366210937500000000000000
79779673.9503842443227767944335937500000000000000
67422914.9746112078428268432617187500000000000000
-115206184.4706107825040817260742187500000000000000
84292196.4462045729160308837890625000000000000000
120547525.7576159536838531494140625000000000000000
58432853.6535157784819602966308593750000000000000
7143566.4675403479486703872680664062500000000000
139403743.3770833313465118408203125000000000000000
80571883.2489699423313140869140625000000000000000
12959851.5948835294693708419799804687500000000000
-9916162.8294055722653865814208984375000000000000
-27137645.2673774696886539459228515625000000000000
53018531.3176882043480873107910156250000000000000
-49271587.1525928154587745666503906250000000000000
39302000.0042421594262123107910156250000000000000
-25197366.3820608071982860565185546875000000000000
-2417395.1419321014545857906341552734375000000000
66420717.2015575990080833435058593750000000000000
88284856.9491491615772247314453125000000000000000
67051714.9056654721498489379882812500000000000000
-4620911.1399501394480466842651367187500000000000
93765852.8069736957550048828125000000000000000000
91079020.9927934408187866210937500000000000000000
-117660703.6102534085512161254882812500000000000000
16316730.5812815185636281967163085937500000000000
-48034932.3188065364956855773925781250000000000000
26537429.7546604834496974945068359375000000000000
6300987.9754092078655958175659179687500000000000
-137408.0196461911546066403388977050781250000000
-1572325.7998216291889548301696777343750000000000
-18230403.5153515338897705078125000000000000000000
16947754.2590823508799076080322265625000000000000
-19352708.8609258569777011871337890625000000000000
-50131239.2800525724887847900390625000000000000000
61047083.7332234829664230346679687500000000000000
95157884.3071487545967102050781250000000000000000
27780023.8009004481136798858642578125000000000000
23743613.2020421363413333892822265625000000000000
87442192.4343781024217605590820312500000000000000
-63769933.8890615999698638916015625000000000000000
58748978.9996050894260406494140625000000000000000
-51163726.9505173936486244201660156250000000000000
-44761327.2327108383178710937500000000000000000000
-121327745.2296923696994781494140625000000000000000
-74302022.6078138351440429687500000000000000000000
50976905.9159070253372192382812500000000000000000
-2085922.2335179136134684085845947265625000000000
-39724091.6622467190027236938476562500000000000000
17498976.0708622187376022338867187500000000000000
-53922681.9711776003241539001464843750000000000000
-72746100.0990391373634338378906250000000000000000
37550314.5252509862184524536132812500000000000000
-48981791.7533560171723365783691406250000000000000
28820889.3570910431444644927978515625000000000000
-194550130.3122389912605285644531250000000000000000
89351040.9776016622781753540039062500000000000000
-99632780.1231816560029983520507812500000000000000
-16342880.8376582786440849304199218750000000000000
13746468.7250411044806241989135742187500000000000
-11096449.2301609553396701812744140625000000000000
21283192.5798624716699123382568359375000000000000
48641703.4711238667368888854980468750000000000000
89453371.4436248540878295898437500000000000000000
37696310.0475478991866111755371093750000000000000
22127140.7538433335721492767333984375000000000000
-43283168.3059924691915512084960937500000000000000
-56968504.7708286270499229431152343750000000000000
43458260.4187564328312873840332031250000000000000
-144130002.6581042110919952392578125000000000000000
89967060.7076438963413238525390625000000000000000
-9332755.2617139238864183425903320312500000000000
84924793.9664941132068634033203125000000000000000
-95243040.8819440454244613647460937500000000000000
22588737.2184424698352813720703125000000000000000
-24692931.9567495621740818023681640625000000000000
-164567294.5565108954906463623046875000000000000000
54242828.6387156620621681213378906250000000000000
156187303.1322140693664550781250000000000000000000
-64455895.1001152992248535156250000000000000000000
-70111584.0944373011589050292968750000000000000000
14597352.1753054130822420120239257812500000000000
-195619724.3952826261520385742187500000000000000000
144779035.4590901136398315429687500000000000000000
14197042.1879484858363866806030273437500000000000
15588661.9227453190833330154418945312500000000000
-12052668.4012952670454978942871093750000000000000
5608781.6125379698351025581359863281250000000000
-47982722.4399848207831382751464843750000000000000
-61335135.9510378614068031311035156250000000000000
1489459.2699591869022697210311889648437500000000
37584791.7598357051610946655273437500000000000000
-35362427.6133394166827201843261718750000000000000
-90504288.8070722669363021850585937500000000000000
-28886244.3361307419836521148681640625000000000000
-45694514.7163397669792175292968750000000000000000
82553016.7335299253463745117187500000000000000000
40401924.5321879535913467407226562500000000000000
-128330667.1172562688589096069335937500000000000000
71586408.7359985411167144775390625000000000000000
113045695.6786322146654129028320312500000000000000
141611545.3770987391471862792968750000000000000000
9478989.7024422995746135711669921875000000000000
140607466.9349393844604492187500000000000000000000
-51762935.4953862056136131286621093750000000000000
-63102551.8670114576816558837890625000000000000000
-30033037.7711148783564567565917968750000000000000
18704916.6557813547551631927490234375000000000000
-114180192.0724485516548156738281250000000000000000
-28402543.9978766925632953643798828125000000000000
-15168460.9778231512755155563354492187500000000000
-154225755.2697965502738952636718750000000000000000
155697240.4333371818065643310546875000000000000000
50438453.6353011578321456909179687500000000000000
230091350.1646887362003326416015625000000000000000
53674363.3657736107707023620605468750000000000000
-45259793.3120921924710273742675781250000000000000
-7524869.2471977900713682174682617187500000000000
-56212495.6666918024420738220214843750000000000000
-76504646.8232553303241729736328125000000000000000
107329774.2011134922504425048828125000000000000000
-35902918.5571238026022911071777343750000000000000
-37537029.6957135722041130065917968750000000000000
-21907079.0282049141824245452880859375000000000000
-58404541.0100478604435920715332031250000000000000
8378474.2093999581411480903625488281250000000000
12867461.5808290187269449234008789062500000000000
84824561.6147133857011795043945312500000000000000
-126063580.8734225183725357055664062500000000000000
11446258.8939346279948949813842773437500000000000
10817035.4864802677184343338012695312500000000000
37114439.8100248575210571289062500000000000000000
44895401.4013924375176429748535156250000000000000
105889604.0983337461948394775390625000000000000000
31513628.6058028936386108398437500000000000000000
-120078984.2607248574495315551757812500000000000000
105796063.5086251944303512573242187500000000000000
-1590154.8112024473957717418670654296875000000000
-92483130.1228692382574081420898437500000000000000
38690384.8558679670095443725585937500000000000000
37643874.6513841524720191955566406250000000000000
72991229.1420743465423583984375000000000000000000
46260916.7107074558734893798828125000000000000000
-38224384.2700666710734367370605468750000000000000
14186331.5048872213810682296752929687500000000000
5133236.2471286151558160781860351562500000000000
-126851976.3604369461536407470703125000000000000000
5223038.6903324462473392486572265625000000000000
19580266.0759858116507530212402343750000000000000
-105916585.0659295320510864257812500000000000000000
-49360251.4472146630287170410156250000000000000000
81511636.1994235068559646606445312500000000000000
-81353651.1990161389112472534179687500000000000000
-47885887.6120092496275901794433593750000000000000
-73961840.7258223146200180053710937500000000000000
-84422535.4282655268907546997070312500000000000000
72598310.4033724814653396606445312500000000000000
-32203485.6255558319389820098876953125000000000000
140366918.7043378949165344238281250000000000000000
41774527.2132107913494110107421875000000000000000
59442245.0801390781998634338378906250000000000000
2035257.3077371574472635984420776367187500000000
31336160.3913855962455272674560546875000000000000
-72947503.4728781878948211669921875000000000000000
