1.6769878956548673887283484873478300869465
-217.1425632125044273834646446630358695983887
7274.8669101283339841756969690322875976562500
-106915.3628910919069312512874603271484375000000
838201.9585353431757539510726928710937500000000
-3820910.8672006451524794101715087890625000000000
10389800.5250508505851030349731445312500000000000
-16236119.6712662223726511001586914062500000000000
11681699.4150547944009304046630859375000000000000
3887558.0337660722434520721435546875000000000000
-16885641.5615911260247230529785156250000000000000
8975647.8995104804635047912597656250000000000000
31231906.4634323082864284515380859375000000000000
-54438459.5148413106799125671386718750000000000000
-5486063.8276152256876230239868164062500000000000
54436503.7269020080566406250000000000000000000000
-22210504.8260521516203880310058593750000000000000
50517290.6256932988762855529785156250000000000000
-96032182.7741860896348953247070312500000000000000
28554197.3971660137176513671875000000000000000000
31313103.9191648364067077636718750000000000000000
-53531456.9392158612608909606933593750000000000000
29900783.6279116943478584289550781250000000000000
18787952.6311404369771480560302734375000000000000
20205560.6791032701730728149414062500000000000000
15632292.1069569773972034454345703125000000000000
-55467314.8211027234792709350585937500000000000000
-19735823.7302555851638317108154296875000000000000
8362581.6654905434697866439819335937500000000000
7533640.5946907810866832733154296875000000000000
-6248376.3685918832197785377502441406250000000000
14531603.6214735452085733413696289062500000000000
14145130.7746347021311521530151367187500000000000
-18893667.4192776344716548919677734375000000000000
6475704.8986562155187129974365234375000000000000
11143090.5859528351575136184692382812500000000000
-4102484.4462310378439724445343017578125000000000
20868233.4395807199180126190185546875000000000000
4892725.7581520518288016319274902343750000000000
32920060.9840251542627811431884765625000000000000
-55455479.6339994072914123535156250000000000000000
-51659240.9134237095713615417480468750000000000000
24409806.1783552803099155426025390625000000000000
-15202006.0646286234259605407714843750000000000000
10946954.5081386100500822067260742187500000000000
-31711313.4913793317973613739013671875000000000000
45660045.5231019705533981323242187500000000000000
-12988569.9812403563410043716430664062500000000000
36197702.3758184760808944702148437500000000000000
9152183.7421158403158187866210937500000000000000
-28286305.3667415902018547058105468750000000000000
23482790.4124938659369945526123046875000000000000
-54920885.8584344312548637390136718750000000000000
-11619874.1745600271970033645629882812500000000000
-16606610.7853590082377195358276367187500000000000
133251742.9796660095453262329101562500000000000000
-29094274.4153924621641635894775390625000000000000
39336513.0366383492946624755859375000000000000000
13482343.7908624503761529922485351562500000000000
-8780863.8940772768110036849975585937500000000000
-5720834.6006706058979034423828125000000000000000
-46291217.9128669351339340209960937500000000000000
-34591596.5757016763091087341308593750000000000000
16261894.0702203623950481414794921875000000000000
24306345.5110676325857639312744140625000000000000
-87504838.9121299833059310913085937500000000000000
39103973.1470003202557563781738281250000000000000
-62581088.4955325350165367126464843750000000000000
50122005.0042578727006912231445312500000000000000
-28373257.6578989960253238677978515625000000000000
-103739065.1589199751615524291992187500000000000000
-36108451.9575023353099822998046875000000000000000
55173314.3647166341543197631835937500000000000000
70589005.5454670935869216918945312500000000000000
25697060.8519663214683532714843750000000000000000
12581253.3250014148652553558349609375000000000000
-69976607.6975736916065216064453125000000000000000
47735082.5035358145833015441894531250000000000000
52102268.6786104738712310791015625000000000000000
83068340.8918064981698989868164062500000000000000
12953129.2493187300860881805419921875000000000000
-47955091.4320515543222427368164062500000000000000
9594482.1564399488270282745361328125000000000000
112234678.4141563326120376586914062500000000000000
-35381149.4106253013014793395996093750000000000000
10406477.7218087855726480484008789062500000000000
2216626.7521707559935748577117919921875000000000
-57959585.3275471702218055725097656250000000000000
-30996430.6680836267769336700439453125000000000000
124307519.1521724760532379150390625000000000000000
-92074726.5549315214157104492187500000000000000000
104511257.4562173634767532348632812500000000000000
-73774684.6463509649038314819335937500000000000000
-155625343.8310633003711700439453125000000000000000
-47928926.2369460090994834899902343750000000000000
55417482.2714367434382438659667968750000000000000
-43869563.8325829431414604187011718750000000000000
-39519736.6251557394862174987792968750000000000000
-77506032.1426151841878890991210937500000000000000
39928174.0580003410577774047851562500000000000000
-69042056.0600966364145278930664062500000000000000
85722442.0019791871309280395507812500000000000000
-48048338.0978034585714340209960937500000000000000
32039543.9657424129545688629150390625000000000000
26320221.0437280572950839996337890625000000000000
73047304.3481824100017547607421875000000000000000
6247933.5025693299248814582824707031250000000000
43872792.4698871299624443054199218750000000000000
-30357595.1758385337889194488525390625000000000000
3022873.8420024779625236988067626953125000000000
-56892906.0227195098996162414550781250000000000000
43894490.1631883084774017333984375000000000000000
16640742.9746079519391059875488281250000000000000
-36207443.5248375162482261657714843750000000000000
17043225.0210581533610820770263671875000000000000
99924824.2213647067546844482421875000000000000000
-31462214.7326278500258922576904296875000000000000
-23582999.6148798912763595581054687500000000000000
-92167416.6030354648828506469726562500000000000000
11145413.3901332635432481765747070312500000000000
101790723.9219702780246734619140625000000000000000
5093077.4333610832691192626953125000000000000000
115748725.1248191595077514648437500000000000000000
-107104095.3617815673351287841796875000000000000000
20868820.5944625176489353179931640625000000000000
55575894.2424205169081687927246093750000000000000
67250345.0258035212755203247070312500000000000000
78050423.8940591216087341308593750000000000000000
-116864887.0191493928432464599609375000000000000000
-77863945.9911465793848037719726562500000000000000
89487299.1754689216613769531250000000000000000000
27970398.5358926355838775634765625000000000000000
-16347681.0323794055730104446411132812500000000000
-123706112.6357802003622055053710937500000000000000
45701100.1200746819376945495605468750000000000000
34703326.6372118294239044189453125000000000000000
8308225.7636301191523671150207519531250000000000
-144922265.4185070991516113281250000000000000000000
-21978195.1457836814224720001220703125000000000000
25674311.8846347816288471221923828125000000000000
-86420441.1311103403568267822265625000000000000000
-6236098.3205469800159335136413574218750000000000
3678337.0278367591090500354766845703125000000000
-28396017.1708913706243038177490234375000000000000
28550838.7886354476213455200195312500000000000000
-69035873.2049707323312759399414062500000000000000
69870568.1721888482570648193359375000000000000000
1835145.2467277816031128168106079101562500000000
-8900963.5088236778974533081054687500000000000000
60573274.5100885927677154541015625000000000000000
38136387.0826425552368164062500000000000000000000
-38208386.3250076919794082641601562500000000000000
76668824.1024103164672851562500000000000000000000
-13580646.2292771525681018829345703125000000000000
-23915955.6084456145763397216796875000000000000000
67090310.2855809777975082397460937500000000000000
-57244.6631484780591563321650028228759765625000
-32963570.2832071743905544281005859375000000000000
-85619330.8037707805633544921875000000000000000000
40031509.8289389908313751220703125000000000000000
-78192679.9703294634819030761718750000000000000000
24370565.4755368232727050781250000000000000000000
35193406.3848682865500450134277343750000000000000
118453146.9473009705543518066406250000000000000000
9645917.7017787415534257888793945312500000000000
-117365687.8352603912353515625000000000000000000000
44357690.9592702314257621765136718750000000000000
-112891201.5193318128585815429687500000000000000000
-7295583.6220936663448810577392578125000000000000
177001.7163743723940569907426834106445312500000
-51834910.8433313593268394470214843750000000000000
-41060830.6954263821244239807128906250000000000000
-65116467.8997469767928123474121093750000000000000
50622053.0124666169285774230957031250000000000000
122202387.3757285624742507934570312500000000000000
-96474138.0883620977401733398437500000000000000000
85121684.6186348348855972290039062500000000000000
-29872783.9448292702436447143554687500000000000000
-11719035.3843308333307504653930664062500000000000
-74677720.7120832502841949462890625000000000000000
50352471.7905547022819519042968750000000000000000
196878.2575760615000035613775253295898437500000
37041158.9191339761018753051757812500000000000000
23198677.8532218188047409057617187500000000000000
93294800.7093607187271118164062500000000000000000
39757716.1389488354325294494628906250000000000000
-21392971.8412227109074592590332031250000000000000
155072619.0468733012676239013671875000000000000000
44965960.0584028959274291992187500000000000000000
-63589948.2948729246854782104492187500000000000000
113671041.8877955228090286254882812500000000000000
41029479.4235862344503402709960937500000000000000
148524584.6313278377056121826171875000000000000000
-71264804.7580977678298950195312500000000000000000
-4279056.0769745977595448493957519531250000000000
-29320733.0202359966933727264404296875000000000000
-148818229.1816080510616302490234375000000000000000
-112904914.7499764263629913330078125000000000000000
46524139.3530499339103698730468750000000000000000
29670900.7586450017988681793212890625000000000000
18309281.4830183647572994232177734375000000000000
25352215.1691530942916870117187500000000000000000
-119168356.0250828713178634643554687500000000000000
26241536.6501244120299816131591796875000000000000
54793322.5638940334320068359375000000000000000000
-45385079.3303395062685012817382812500000000000000
69187922.2159032821655273437500000000000000000000
-112767102.5315504074096679687500000000000000000000
-58924216.5820315554738044738769531250000000000000
64158271.4980965927243232727050781250000000000000
-48594228.3627323061227798461914062500000000000000
-89977022.4526696801185607910156250000000000000000
-96044771.6722549498081207275390625000000000000000
79980923.8185347020626068115234375000000000000000
71244987.6657226234674453735351562500000000000000
11658319.3846240751445293426513671875000000000000
99414551.7067957967519760131835937500000000000000
-48317746.1572146862745285034179687500000000000000
15154671.0746253486722707748413085937500000000000
-14860803.9102609641849994659423828125000000000000
-137236119.5305403470993041992187500000000000000000
-94840811.2497983872890472412109375000000000000000
-35590510.5137010067701339721679687500000000000000
35393710.5520005226135253906250000000000000000000
-12840854.1756433472037315368652343750000000000000
-48394166.7886227369308471679687500000000000000000
5330440.2984694391489028930664062500000000000000
-197522911.8717448413372039794921875000000000000000
-59908067.7815684974193572998046875000000000000000
-39335403.2923273667693138122558593750000000000000
158985181.2012095153331756591796875000000000000000
51590257.7803389951586723327636718750000000000000
-3709176.1411573807708919048309326171875000000000
80527503.3177382647991180419921875000000000000000
98074830.9640478640794754028320312500000000000000
129018625.9617381691932678222656250000000000000000
-104387170.1474144458770751953125000000000000000000
-21048048.9403769262135028839111328125000000000000
-26077240.4406640604138374328613281250000000000000
-38726491.0448648035526275634765625000000000000000
65441524.4271896779537200927734375000000000000000
-685389.7286247222218662500381469726562500000000
17448117.2317752875387668609619140625000000000000
93466816.6159060746431350708007812500000000000000
10324700.6518601179122924804687500000000000000000
116863022.5547081232070922851562500000000000000000
31450593.6434064060449600219726562500000000000000
-16872617.9036529846489429473876953125000000000000
9112114.4099145382642745971679687500000000000000
51277689.6759035736322402954101562500000000000000
24104454.2779208235442638397216796875000000000000
-19467483.4213045462965965270996093750000000000000
-49143546.0442112758755683898925781250000000000000
66561156.0232692211866378784179687500000000000000
61153939.2238473296165466308593750000000000000000
34091669.2283220589160919189453125000000000000000
-29687424.0450069196522235870361328125000000000000
-40975507.3806062489748001098632812500000000000000
15556322.1496025398373603820800781250000000000000
-48353154.8330396711826324462890625000000000000000
-45167281.0062270462512969970703125000000000000000
-19281876.7038460075855255126953125000000000000000
-3463798.7643018038943409919738769531250000000000
-122362314.5306529551744461059570312500000000000000
67556475.7392567098140716552734375000000000000000
-112802116.2957552671432495117187500000000000000000
70308200.1933269649744033813476562500000000000000
-83846625.5080350339412689208984375000000000000000
29487214.8467852622270584106445312500000000000000
29128630.1699378564953804016113281250000000000000
-63479566.7521849721670150756835937500000000000000
104728306.8231818079948425292968750000000000000000
-43588827.5889630913734436035156250000000000000000
49771910.6826399266719818115234375000000000000000
-34742152.3520528525114059448242187500000000000000
27792474.4256940037012100219726562500000000000000
-36525045.6836774796247482299804687500000000000000
-2408077.1251784251071512699127197265625000000000
-46412309.4314053654670715332031250000000000000000
39139554.2890049293637275695800781250000000000000
67394688.1881378889083862304687500000000000000000
4168243.5396886644884943962097167968750000000000
104766961.0048894584178924560546875000000000000000
-77489822.4860874116420745849609375000000000000000
-129179450.8906153440475463867187500000000000000000
-3602674.3575572054833173751831054687500000000000
-66326432.7647422999143600463867187500000000000000
-48268655.4232935234904289245605468750000000000000
82828239.2858672440052032470703125000000000000000
-68814574.8728769421577453613281250000000000000000
57624473.6094878539443016052246093750000000000000
27546079.0876871719956398010253906250000000000000
34552990.8896643072366714477539062500000000000000
-81285019.6177140623331069946289062500000000000000
-16226170.2635443750768899917602539062500000000000
113106892.1111268550157546997070312500000000000000
85876871.6262939423322677612304687500000000000000
-53200416.5146145746111869812011718750000000000000
-7099982.0584833724424242973327636718750000000000
-70045728.2617383748292922973632812500000000000000
-50458253.6733318120241165161132812500000000000000
-6716160.9055103883147239685058593750000000000000
10409558.3359814956784248352050781250000000000000
49338604.0106413215398788452148437500000000000000
-33254045.1217046901583671569824218750000000000000
49910973.9591500908136367797851562500000000000000
112967309.3054120391607284545898437500000000000000
82782534.6153724491596221923828125000000000000000
-102649588.8790876269340515136718750000000000000000
-50659184.2599053308367729187011718750000000000000
25052673.0164504721760749816894531250000000000000
41495237.5112884119153022766113281250000000000000
-23824266.3167228884994983673095703125000000000000
-41015486.9841756075620651245117187500000000000000
55240987.9433144629001617431640625000000000000000
-33353439.8292004577815532684326171875000000000000
69499773.3719539642333984375000000000000000000000
-64737561.7490588799118995666503906250000000000000
-30257757.7176157385110855102539062500000000000000
-117656257.8863423317670822143554687500000000000000
36791442.6459080651402473449707031250000000000000
56013997.4016026034951210021972656250000000000000
-36032933.0884614288806915283203125000000000000000
-3869430.4824337591417133808135986328125000000000
67176813.1142706125974655151367187500000000000000
-46629549.8527780994772911071777343750000000000000
-7761005.6296552373096346855163574218750000000000
31050271.3051260784268379211425781250000000000000
-31974646.2414843551814556121826171875000000000000
-76427022.2002616375684738159179687500000000000000
37635857.3092100471258163452148437500000000000000
80313303.3447932153940200805664062500000000000000
15891758.7759131137281656265258789062500000000000
-48766669.1349732950329780578613281250000000000000
-43530277.8005210682749748229980468750000000000000
-26832527.5214333869516849517822265625000000000000
-2745047.7149149295873939990997314453125000000000
104501829.2627530097961425781250000000000000000000
3199726.5528710898943245410919189453125000000000
-25298610.4897849485278129577636718750000000000000
-20784585.7143081612884998321533203125000000000000
128734036.5822425782680511474609375000000000000000
-107749886.8305723667144775390625000000000000000000
-22002779.5589244738221168518066406250000000000000
-69595938.5606516897678375244140625000000000000000
-7144321.1549825323745608329772949218750000000000
40406516.8470930829644203186035156250000000000000
-47455826.7166871353983879089355468750000000000000
20976212.7647086419165134429931640625000000000000
-5647807.7302010860294103622436523437500000000000
-35438238.3872729614377021789550781250000000000000
3427161.9966255137696862220764160156250000000000
-8975286.2182218898087739944458007812500000000000
-24698348.9887645654380321502685546875000000000000
17626626.4590835310518741607666015625000000000000
87353719.0740547329187393188476562500000000000000
63287502.0143739879131317138671875000000000000000
24184975.5288779959082603454589843750000000000000
-57375694.5003288313746452331542968750000000000000
109004660.2285386770963668823242187500000000000000
29299883.5982348211109638214111328125000000000000
-34808460.5630314573645591735839843750000000000000
7834528.4220930635929107666015625000000000000000
-25240100.8319988101720809936523437500000000000000
41185876.1918071508407592773437500000000000000000
69241533.7666977941989898681640625000000000000000
5681741.7163508711382746696472167968750000000000
-101392305.1179750561714172363281250000000000000000
26554030.6346819922327995300292968750000000000000
59271477.9494952559471130371093750000000000000000
-71390985.4184178113937377929687500000000000000000
38006722.3843248039484024047851562500000000000000
20717126.6502063050866127014160156250000000000000
-6933221.3231943584978580474853515625000000000000
-27238440.1856334507465362548828125000000000000000
1801756.6700342071708291769027709960937500000000
-70308892.5696737021207809448242187500000000000000
84941445.8876069635152816772460937500000000000000
-18838803.2603256888687610626220703125000000000000
217631.1490166028961539268493652343750000000000
-3634202.3288460699841380119323730468750000000000
-98449261.2661769688129425048828125000000000000000
-13468744.6478204801678657531738281250000000000000
-27601837.2400612160563468933105468750000000000000
38134261.4645146131515502929687500000000000000000
32534302.1044526584446430206298828125000000000000
20619702.8409513011574745178222656250000000000000
50858113.1979962587356567382812500000000000000000
-10119234.2109607309103012084960937500000000000000
16002275.1113408505916595458984375000000000000000
119985199.3055001497268676757812500000000000000000
30692136.2540035024285316467285156250000000000000
-5156471.3973265094682574272155761718750000000000
-23731137.9902807474136352539062500000000000000000
72869492.7668629735708236694335937500000000000000
-5825184.6442305417731404304504394531250000000000
-77858829.2940321415662765502929687500000000000000
-98253226.9709275215864181518554687500000000000000
-11095531.3082246016710996627807617187500000000000
-90147441.5664577484130859375000000000000000000000
-84750571.1331928074359893798828125000000000000000
-17504412.1709331758320331573486328125000000000000
340205.8640804850147105753421783447265625000000
-62467768.8435649871826171875000000000000000000000
70129678.4363480210304260253906250000000000000000
70712912.3216796964406967163085937500000000000000
37480967.8741877526044845581054687500000000000000
-69017225.0990244150161743164062500000000000000000
17832992.6261629574000835418701171875000000000000
-9368924.7271046005189418792724609375000000000000
5086975.3419237509369850158691406250000000000000
-66951674.4547884687781333923339843750000000000000
-39153266.8469873070716857910156250000000000000000
-72513111.5543396025896072387695312500000000000000
29231666.8023875728249549865722656250000000000000
9032942.7558414246886968612670898437500000000000
-24453291.5952869020402431488037109375000000000000
-51670917.1865856572985649108886718750000000000000
14270924.4935043975710868835449218750000000000000
68227732.3730536848306655883789062500000000000000
8834025.9781323373317718505859375000000000000000
38790548.0719880238175392150878906250000000000000
57346797.3664748072624206542968750000000000000000
91389937.2344444394111633300781250000000000000000
-68435061.4389317333698272705078125000000000000000
52319925.0231041237711906433105468750000000000000
73770850.9613343924283981323242187500000000000000
-19517856.8024528026580810546875000000000000000000
-21988445.9930251315236091613769531250000000000000
54737468.3760155066847801208496093750000000000000
-107384513.2072151899337768554687500000000000000000
-22131484.0178361572325229644775390625000000000000
-41807891.1710477173328399658203125000000000000000
19587648.5372171662747859954833984375000000000000
8518511.0496603101491928100585937500000000000000
-34216298.0287749245762825012207031250000000000000
42027755.7265881821513175964355468750000000000000
33638998.0973653718829154968261718750000000000000
-26152334.5939226783812046051025390625000000000000
-448938.5732793363858945667743682861328125000000
-36387531.2556967511773109436035156250000000000000
-60370501.1302436217665672302246093750000000000000
61967332.7151938825845718383789062500000000000000
9192832.0066446214914321899414062500000000000000
54969838.7695096060633659362792968750000000000000
-33576907.7074817866086959838867187500000000000000
10963022.8435246199369430541992187500000000000000
-18357802.8461555726826190948486328125000000000000
48177959.1869926452636718750000000000000000000000
-53084782.4278904870152473449707031250000000000000
-46526096.3529415503144264221191406250000000000000
-260980.1663356177741661667823791503906250000000
69750114.3969685137271881103515625000000000000000
-52990943.7144066467881202697753906250000000000000
79506125.7739952951669692993164062500000000000000
19538770.1170186661183834075927734375000000000000
-28544518.7952324226498603820800781250000000000000
-17796191.3610873483121395111083984375000000000000
-694437.0673996652476489543914794921875000000000
57678248.8124058991670608520507812500000000000000
-72978224.9364031106233596801757812500000000000000
28480371.6548606008291244506835937500000000000000
-12462284.0650892518460750579833984375000000000000
38649102.5803631097078323364257812500000000000000
-27596879.6193911023437976837158203125000000000000
-43142853.3624985143542289733886718750000000000000
-24908262.2514945715665817260742187500000000000000
-15206873.5346170905977487564086914062500000000000
10057554.2002633493393659591674804687500000000000
48141746.2320951893925666809082031250000000000000
-44654486.0135686695575714111328125000000000000000
8894328.4090814143419265747070312500000000000000
-8125095.8332807477563619613647460937500000000000
-44317943.5942295044660568237304687500000000000000
36440181.0783015340566635131835937500000000000000
4337046.7901508379727602005004882812500000000000
44698861.0449807718396186828613281250000000000000
-77052590.4399374723434448242187500000000000000000
-6821559.9843178763985633850097656250000000000000
21123473.6353158093988895416259765625000000000000
19687560.4861038960516452789306640625000000000000
42900355.0311098545789718627929687500000000000000
64783550.2685552909970283508300781250000000000000
-11882576.3855535238981246948242187500000000000000
-49721556.2518783137202262878417968750000000000000
59234730.7750974595546722412109375000000000000000
16263011.7967606876045465469360351562500000000000
-743766.0392487399512901902198791503906250000000
-51901.7460886437402223236858844757080078125000
27220302.7432488426566123962402343750000000000000
53130077.4929889291524887084960937500000000000000
-66073503.9931677281856536865234375000000000000000
32047700.9335829690098762512207031250000000000000
12258483.6599662657827138900756835937500000000000
38279715.5855620205402374267578125000000000000000
-30320388.9448366835713386535644531250000000000000
39485896.4490362331271171569824218750000000000000
14404448.8818480465561151504516601562500000000000
-26698008.3292239904403686523437500000000000000000
-90632229.3454923331737518310546875000000000000000
23724282.7690204046666622161865234375000000000000
61158241.3206343874335289001464843750000000000000
-33023683.5409983024001121520996093750000000000000
-39047942.3500956594944000244140625000000000000000
-29434727.2577306479215621948242187500000000000000
-47310009.0332793965935707092285156250000000000000
15526925.2842388134449720382690429687500000000000
11116777.9155044145882129669189453125000000000000
-19752565.3173629119992256164550781250000000000000
-1853392.5796526977792382240295410156250000000000
30197311.4254176393151283264160156250000000000000
61574267.8503911718726158142089843750000000000000
9667208.6331962682306766510009765625000000000000
587665.5193765377625823020935058593750000000000
-17697573.4055569097399711608886718750000000000000
13984483.4665529504418373107910156250000000000000
-31203268.5021300949156284332275390625000000000000
77561526.1239053159952163696289062500000000000000
-80368715.0065142512321472167968750000000000000000
-53098734.1889668405055999755859375000000000000000
16614585.0435502696782350540161132812500000000000
22714944.4356354288756847381591796875000000000000
-40070640.1003048643469810485839843750000000000000
-2940646.9576292489655315876007080078125000000000
28874380.4324332028627395629882812500000000000000
-2497554.1378382416442036628723144531250000000000
118146290.6127663999795913696289062500000000000000
-42449572.3650814443826675415039062500000000000000
31662281.9741027317941188812255859375000000000000
-29238802.4154406376183032989501953125000000000000
5042482.4851857759058475494384765625000000000000
-4511557.3737095370888710021972656250000000000000
-33042840.6379805803298950195312500000000000000000
-29739134.6386982388794422149658203125000000000000
25234433.0696932785212993621826171875000000000000
33018006.6279248557984828948974609375000000000000
-51623155.3034980520606040954589843750000000000000
23181633.7162583544850349426269531250000000000000
-44243966.2918405085802078247070312500000000000000
32802369.8965406380593776702880859375000000000000
37581449.3786706328392028808593750000000000000000
-787563.2942950114374980330467224121093750000000
-21382679.6443806886672973632812500000000000000000
-25854953.1052027530968189239501953125000000000000
-34732685.3454348295927047729492187500000000000000
-30885095.4819505065679550170898437500000000000000
51728969.1195593401789665222167968750000000000000
13525176.5142151415348052978515625000000000000000
39291135.8216107040643692016601562500000000000000
-52623062.0032742321491241455078125000000000000000
53855404.8716692328453063964843750000000000000000
3962446.4550033500418066978454589843750000000000
-34843279.4553728029131889343261718750000000000000
-25166612.7965051047503948211669921875000000000000
-17443678.4561538510024547576904296875000000000000
19616736.2167577594518661499023437500000000000000
-28641469.1176013946533203125000000000000000000000
-1990416.4572167773731052875518798828125000000000
-16898294.9946501702070236206054687500000000000000
29105758.5762279778718948364257812500000000000000
-29315853.1185325458645820617675781250000000000000
-50933256.6680175364017486572265625000000000000000
-51198127.4338825121521949768066406250000000000000
23762605.1044680848717689514160156250000000000000
-19194363.9692846611142158508300781250000000000000
16896158.2493432536721229553222656250000000000000
4374745.2415183801203966140747070312500000000000
-50759572.8796735331416130065917968750000000000000
-22149395.4397663213312625885009765625000000000000
13504748.3888222090899944305419921875000000000000
2315964.5404418399557471275329589843750000000000
-15742537.5859025586396455764770507812500000000000
-2439671.9397740960121154785156250000000000000000
234518.0111367674253415316343307495117187500000
-16248860.6175676435232162475585937500000000000000
29416881.8471246808767318725585937500000000000000
-13428613.1781133655458688735961914062500000000000
736088.8166748192161321640014648437500000000000
25674451.3013091273605823516845703125000000000000
37597977.1270496994256973266601562500000000000000
-23439099.5005134083330631256103515625000000000000
125457873.8714895099401473999023437500000000000000
-24805891.9738140627741813659667968750000000000000
21763462.5636598952114582061767578125000000000000
-36321263.0722630545496940612792968750000000000000
-6041916.1956107933074235916137695312500000000000
-54315357.7633381560444831848144531250000000000000
29301716.5459817759692668914794921875000000000000
64928281.4005181640386581420898437500000000000000
-9404948.9246445000171661376953125000000000000000
39734244.6428064405918121337890625000000000000000
-77211787.9294021725654602050781250000000000000000
20371788.9220095612108707427978515625000000000000
-27801332.3254862055182456970214843750000000000000
30376183.9800085760653018951416015625000000000000
-10650262.9468382131308317184448242187500000000000
-20692461.3422993794083595275878906250000000000000
64864387.4811327755451202392578125000000000000000
-33936840.6789033859968185424804687500000000000000
665818.6679228522116318345069885253906250000000
112177268.1531623154878616333007812500000000000000
-3306830.0609616134315729141235351562500000000000
-6932993.0667935414239764213562011718750000000000
-6258109.8441319214180111885070800781250000000000
-38614517.8530577942728996276855468750000000000000
-20802130.3999784328043460845947265625000000000000
17924066.5874054133892059326171875000000000000000
-48774293.4575002118945121765136718750000000000000
-22953063.5439750812947750091552734375000000000000
24326239.0889173783361911773681640625000000000000
-4305455.4461179412901401519775390625000000000000
-3147486.1533833970315754413604736328125000000000
-19699448.7919043004512786865234375000000000000000
49827554.6773511618375778198242187500000000000000
-9091607.4605219718068838119506835937500000000000
38015154.9234088286757469177246093750000000000000
-2064205.0774671253748238086700439453125000000000
-23458133.1622500829398632049560546875000000000000
32939829.4895682185888290405273437500000000000000
16979027.1301363222301006317138671875000000000000
15874263.3327813036739826202392578125000000000000
24892271.5650133229792118072509765625000000000000
32099826.4897520020604133605957031250000000000000
-8526062.3506894931197166442871093750000000000000
-30697633.8210677392780780792236328125000000000000
5526377.6774316057562828063964843750000000000000
14383307.0647819451987743377685546875000000000000
-6154356.9860600866377353668212890625000000000000
21415931.7439996041357517242431640625000000000000
-47627458.0198277980089187622070312500000000000000
-18620052.1592950150370597839355468750000000000000
1161815.3893699471373111009597778320312500000000
-4001137.6517198076471686363220214843750000000000
16943660.5479714833199977874755859375000000000000
3284776.1408780631609261035919189453125000000000
-6849385.6582252262160181999206542968750000000000
-68420183.3661105781793594360351562500000000000000
4510048.2694221576675772666931152343750000000000
-18070100.0841105841100215911865234375000000000000
42118117.5632510557770729064941406250000000000000
-41318711.1669625639915466308593750000000000000000
18722963.7794132865965366363525390625000000000000
-51320149.5476604998111724853515625000000000000000
-2163369.5753672043792903423309326171875000000000
-8740178.7624323479831218719482421875000000000000
-8064884.0948775568976998329162597656250000000000
-52015770.2087905034422874450683593750000000000000
52777443.7787804901599884033203125000000000000000
8189437.6297153895720839500427246093750000000000
-15089110.7878577355295419692993164062500000000000
-19041461.9537026472389698028564453125000000000000
10236147.6945512425154447555541992187500000000000
-11729881.5250729005783796310424804687500000000000
26725287.5595783479511737823486328125000000000000
-25304853.4809689745306968688964843750000000000000
13012012.9891572594642639160156250000000000000000
2886802.9136343686841428279876708984375000000000
27502023.6438340097665786743164062500000000000000
44904420.2373731955885887145996093750000000000000
-33294462.7002280578017234802246093750000000000000
-33766381.1121302992105484008789062500000000000000
44640872.0910083279013633728027343750000000000000
9524298.4041139855980873107910156250000000000000
22201154.3863482177257537841796875000000000000000
-34669221.5241282954812049865722656250000000000000
-16775335.8792438991367816925048828125000000000000
44575538.7157698124647140502929687500000000000000
4059142.5050863483920693397521972656250000000000
9597431.1773916911333799362182617187500000000000
6412370.4879989223554730415344238281250000000000
-10742423.6429986655712127685546875000000000000000
33762764.5856920108199119567871093750000000000000
39037845.5627742633223533630371093750000000000000
-13183161.8840631637722253799438476562500000000000
-7107453.1036352626979351043701171875000000000000
-19893643.6656453423202037811279296875000000000000
-7374622.7120586000382900238037109375000000000000
-51193516.0213933065533638000488281250000000000000
-6401459.3037968417629599571228027343750000000000
-32188990.5116279758512973785400390625000000000000
-21318048.6638873741030693054199218750000000000000
9897550.9786093290895223617553710937500000000000
48557893.3164225816726684570312500000000000000000
28149248.5860184095799922943115234375000000000000
21446898.6965294666588306427001953125000000000000
21112524.4785001426935195922851562500000000000000
21548203.4938469529151916503906250000000000000000
-20489845.1450787894427776336669921875000000000000
61597112.2056828364729881286621093750000000000000
3561592.9626225177198648452758789062500000000000
23851929.4222897589206695556640625000000000000000
-1042443.6052537917857989668846130371093750000000
-21666951.9818187057971954345703125000000000000000
2854149.3356475625187158584594726562500000000000
23485667.3725923895835876464843750000000000000000
4600443.9004012020304799079895019531250000000000
26550066.2838030457496643066406250000000000000000
-26150888.0251388400793075561523437500000000000000
-16896361.5180799104273319244384765625000000000000
10927093.5112146493047475814819335937500000000000
2529819.6276466487906873226165771484375000000000
-42770441.9156502187252044677734375000000000000000
-28495283.7522165291011333465576171875000000000000
29488729.8633428551256656646728515625000000000000
-44572342.3228832632303237915039062500000000000000
13198627.2064021490514278411865234375000000000000
-35770182.0281512588262557983398437500000000000000
-26663781.0531742051243782043457031250000000000000
-25139068.6565253958106040954589843750000000000000
-45124732.6678674668073654174804687500000000000000
19010040.1795438751578330993652343750000000000000
-4722716.2814774271100759506225585937500000000000
-38739394.8704876825213432312011718750000000000000
13139557.7857397310435771942138671875000000000000
-36283741.5326594188809394836425781250000000000000
-6905063.1506486730650067329406738281250000000000
-6117033.8933691736310720443725585937500000000000
2363409.2233113455586135387420654296875000000000
9683952.1813058853149414062500000000000000000000
13987684.2986868768930435180664062500000000000000
-8280546.6016462752595543861389160156250000000000
645615.5886089985724538564682006835937500000000
-7879547.7694201227277517318725585937500000000000
48592280.9351071193814277648925781250000000000000
20619926.4541946426033973693847656250000000000000
28056055.8282376937568187713623046875000000000000
2875006.3062623557634651660919189453125000000000
41570235.3022536560893058776855468750000000000000
-25547915.1731873117387294769287109375000000000000
-11080040.2349135335534811019897460937500000000000
5447093.1188814071938395500183105468750000000000
-5156278.1541445804759860038757324218750000000000
18102220.5442007854580879211425781250000000000000
4131357.6489030853845179080963134765625000000000
26442474.5149758271872997283935546875000000000000
-6458906.6702069863677024841308593750000000000000
-1370090.9909574000630527734756469726562500000000
-34336751.2549744471907615661621093750000000000000
20825099.0495075471699237823486328125000000000000
2670611.9507695832289755344390869140625000000000
-37285886.0617681071162223815917968750000000000000
9408853.0606385134160518646240234375000000000000
8729024.5421561207622289657592773437500000000000
-1670924.9167660565581172704696655273437500000000
-1491121.4789621906820684671401977539062500000000
-31660189.4973381459712982177734375000000000000000
9336019.6829704791307449340820312500000000000000
14251207.6994090583175420761108398437500000000000
16144817.7445468548685312271118164062500000000000
-19708559.6255889534950256347656250000000000000000
-6837872.2216198835521936416625976562500000000000
-10461410.2716693524271249771118164062500000000000
16015145.3647519573569297790527343750000000000000
-19992857.2536034956574440002441406250000000000000
-10400934.1604504697024822235107421875000000000000
1635851.8223224221728742122650146484375000000000
6384736.7938914885744452476501464843750000000000
25968688.7285439781844615936279296875000000000000
-9994890.9184307102113962173461914062500000000000
-7021021.1030100369825959205627441406250000000000
1266352.1628174039069563150405883789062500000000
-29589978.5748240910470485687255859375000000000000
42225090.6286112442612648010253906250000000000000
-9964980.9905774351209402084350585937500000000000
-18151576.8716648593544960021972656250000000000000
5934699.1695256438106298446655273437500000000000
32312122.2426774948835372924804687500000000000000
9761696.2524694688618183135986328125000000000000
-10059957.2443301770836114883422851562500000000000
-20658362.8079752475023269653320312500000000000000
-8661436.3444004189223051071166992187500000000000
12657563.6419327985495328903198242187500000000000
-790790.9353695579338818788528442382812500000000
1398513.8283389664720743894577026367187500000000
1984124.6379998696502298116683959960937500000000
-20313004.3346144333481788635253906250000000000000
24093510.8445543199777603149414062500000000000000
-9944638.8815131671726703643798828125000000000000
30675135.5948418527841567993164062500000000000000
742075.4752628455171361565589904785156250000000
12551060.5069933254271745681762695312500000000000
12266036.1175871156156063079833984375000000000000
10215720.0902611482888460159301757812500000000000
5596648.8413524404168128967285156250000000000000
-39067768.0526905804872512817382812500000000000000
4662391.3258833307772874832153320312500000000000
17699889.5461061522364616394042968750000000000000
10699584.1351981926709413528442382812500000000000
-13601996.4458667095750570297241210937500000000000
-5790304.3535368097946047782897949218750000000000
-13606137.9916345477104187011718750000000000000000
-4834764.6509533869102597236633300781250000000000
5346353.0696477871388196945190429687500000000000
1519639.7100369706749916076660156250000000000000
17176584.3262097947299480438232421875000000000000
-8855535.8065738119184970855712890625000000000000
-12482757.6765300426632165908813476562500000000000
-22720581.2035083323717117309570312500000000000000
-4704316.7459332309663295745849609375000000000000
-9528009.1150630153715610504150390625000000000000
26944043.1931577026844024658203125000000000000000
