-1.2488669124015743250311061274260282516479
917.4104646416408286313526332378387451171875
-118850.7733215476910118013620376586914062500000
6325642.4940011398866772651672363281250000000000
-183647764.7453124523162841796875000000000000000000
3334969033.3773865699768066406250000000000000000000
-40958429263.7598571777343750000000000000000000000000
356899903696.9844970703125000000000000000000000000000
-2271673237628.0527343750000000000000000000000000000000
10718492408967.9882812500000000000000000000000000000000
-37499194391881.8281250000000000000000000000000000000000
95337770544505.7343750000000000000000000000000000000000
-165422438564725.6875000000000000000000000000000000000000
157668893615311.4062500000000000000000000000000000000000
28975457340241.6093750000000000000000000000000000000000
-292517462393596.3125000000000000000000000000000000000000
280738528071922.5312500000000000000000000000000000000000
103665844001631.8750000000000000000000000000000000000000
-324851008948220.6250000000000000000000000000000000000000
60291815632180.1250000000000000000000000000000000000000
81208861399658.3437500000000000000000000000000000000000
103523844126371.9843750000000000000000000000000000000000
124804433945260.8125000000000000000000000000000000000000
-413156335481341.2500000000000000000000000000000000000000
-23054269993576.9101562500000000000000000000000000000000
209263943739911.9375000000000000000000000000000000000000
141662490052521.0000000000000000000000000000000000000000
-81254292796062.5781250000000000000000000000000000000000
22956306449249.1054687500000000000000000000000000000000
110832886664342.6093750000000000000000000000000000000000
-363491219113085.2500000000000000000000000000000000000000
64464930140140.8125000000000000000000000000000000000000
-389189099143818.3125000000000000000000000000000000000000
386264220537025.0000000000000000000000000000000000000000
438406941792040.7500000000000000000000000000000000000000
155072615798095.5937500000000000000000000000000000000000
33084598342202.3945312500000000000000000000000000000000
-564970943993882.3750000000000000000000000000000000000000
-334849099237192.1250000000000000000000000000000000000000
188114414438538.3437500000000000000000000000000000000000
-389641803225768.0000000000000000000000000000000000000000
12027576815976.0976562500000000000000000000000000000000
686126434268694.2500000000000000000000000000000000000000
337845232229822.8125000000000000000000000000000000000000
-117459821628638.5625000000000000000000000000000000000000
192724479129411.4062500000000000000000000000000000000000
-78882783915792.9687500000000000000000000000000000000000
45536532791384.5000000000000000000000000000000000000000
-455577269862690.6875000000000000000000000000000000000000
-468573890904467.0625000000000000000000000000000000000000
-413088108412273.2500000000000000000000000000000000000000
50097419842933.8984375000000000000000000000000000000000
121716165809433.4375000000000000000000000000000000000000
61282116138978.1562500000000000000000000000000000000000
499979269613769.1250000000000000000000000000000000000000
712247022007405.7500000000000000000000000000000000000000
522935643532686.0625000000000000000000000000000000000000
99378270699068.9687500000000000000000000000000000000000
-567988006544003.0000000000000000000000000000000000000000
-175237700914486.8750000000000000000000000000000000000000
27975655848948.6796875000000000000000000000000000000000
-839750900509465.0000000000000000000000000000000000000000
-378817981093814.5000000000000000000000000000000000000000
-149185225881954.1562500000000000000000000000000000000000
40759910660870.5781250000000000000000000000000000000000
-60947928119743.1953125000000000000000000000000000000000
25357660362829.8398437500000000000000000000000000000000
189667283107298.4062500000000000000000000000000000000000
375120308714275.6250000000000000000000000000000000000000
427710518773004.6250000000000000000000000000000000000000
717414527812052.6250000000000000000000000000000000000000
-17317791165373.4453125000000000000000000000000000000000
386847323067010.2500000000000000000000000000000000000000
-235006703553214.4687500000000000000000000000000000000000
-110791103398118.4375000000000000000000000000000000000000
-186646056243003.9687500000000000000000000000000000000000
-332180801249380.0000000000000000000000000000000000000000
-272208832917956.4687500000000000000000000000000000000000
-500264537586078.1250000000000000000000000000000000000000
-21252538185191.6484375000000000000000000000000000000000
-127942917443559.4531250000000000000000000000000000000000
-453360720521909.3125000000000000000000000000000000000000
-241892606118475.2187500000000000000000000000000000000000
-143175641922070.9375000000000000000000000000000000000000
721449340422784.3750000000000000000000000000000000000000
116788937311077.2500000000000000000000000000000000000000
-131590044056686.9375000000000000000000000000000000000000
621311739842902.3750000000000000000000000000000000000000
208725416957309.2812500000000000000000000000000000000000
527464316971264.7500000000000000000000000000000000000000
91818225687502.7812500000000000000000000000000000000000
394911241917173.3125000000000000000000000000000000000000
219910282418353.5937500000000000000000000000000000000000
-4850432413570.2119140625000000000000000000000000000000
55895554514966.1953125000000000000000000000000000000000
-577320803139354.8750000000000000000000000000000000000000
-220492854671602.7812500000000000000000000000000000000000
-474868728959588.1250000000000000000000000000000000000000
-388693609990526.1875000000000000000000000000000000000000
-283629380785827.3125000000000000000000000000000000000000
-23802379793398.9609375000000000000000000000000000000000
-168847125717690.5937500000000000000000000000000000000000
-512562472428390.5625000000000000000000000000000000000000
35840388559173.7343750000000000000000000000000000000000
532916340311572.1875000000000000000000000000000000000000
-498107298587106.4375000000000000000000000000000000000000
3854720796636.8247070312500000000000000000000000000000
90492167150880.4687500000000000000000000000000000000000
478606393994609.6250000000000000000000000000000000000000
418296001310796.9375000000000000000000000000000000000000
186478974429609.6250000000000000000000000000000000000000
260552540258359.4687500000000000000000000000000000000000
26277742171555.6914062500000000000000000000000000000000
387657656983962.8750000000000000000000000000000000000000
210137224843350.8437500000000000000000000000000000000000
157781265690159.5625000000000000000000000000000000000000
-241701076075954.9375000000000000000000000000000000000000
335690710684552.2500000000000000000000000000000000000000
139010619405569.6093750000000000000000000000000000000000
-249154068910331.9062500000000000000000000000000000000000
-372166670980006.6250000000000000000000000000000000000000
172317347840566.7500000000000000000000000000000000000000
-75678612199527.2500000000000000000000000000000000000000
-354590041197625.5000000000000000000000000000000000000000
-615424601028995.6250000000000000000000000000000000000000
-468226552891446.5000000000000000000000000000000000000000
-53143857477775.1406250000000000000000000000000000000000
-12860993280341.6132812500000000000000000000000000000000
-72907269553429.1562500000000000000000000000000000000000
-106788179749299.6093750000000000000000000000000000000000
53809925780793.9062500000000000000000000000000000000000
-324287394752954.0000000000000000000000000000000000000000
68260700319726.3437500000000000000000000000000000000000
-66507974971213.9062500000000000000000000000000000000000
200213105406057.2812500000000000000000000000000000000000
262214438675652.4687500000000000000000000000000000000000
315699319843577.3125000000000000000000000000000000000000
354592293725822.4375000000000000000000000000000000000000
-257835597030815.6250000000000000000000000000000000000000
179181039960344.4687500000000000000000000000000000000000
370352317794739.5625000000000000000000000000000000000000
-190976745857873.1250000000000000000000000000000000000000
594290810573883.7500000000000000000000000000000000000000
144921186708853.4687500000000000000000000000000000000000
279160445567692.5000000000000000000000000000000000000000
407601072184594.5625000000000000000000000000000000000000
-68840001580948.1718750000000000000000000000000000000000
108735199017928.5468750000000000000000000000000000000000
-268314187860094.4062500000000000000000000000000000000000
-673351070738033.3750000000000000000000000000000000000000
-121894196702428.0625000000000000000000000000000000000000
-28091547555842.6601562500000000000000000000000000000000
-188062457985420.4687500000000000000000000000000000000000
-225109941287350.9687500000000000000000000000000000000000
-55042466602526.2656250000000000000000000000000000000000
-19454910125307.1015625000000000000000000000000000000000
-395475098859656.4375000000000000000000000000000000000000
266329870825542.7187500000000000000000000000000000000000
-68462373512067.2187500000000000000000000000000000000000
-234584630365895.9375000000000000000000000000000000000000
-135341831587482.3125000000000000000000000000000000000000
-377487843714117.8750000000000000000000000000000000000000
126179274396545.1718750000000000000000000000000000000000
-69672481709393.3046875000000000000000000000000000000000
-56810241021484.7265625000000000000000000000000000000000
256832257245273.0312500000000000000000000000000000000000
316250517419029.6875000000000000000000000000000000000000
113589684832482.5937500000000000000000000000000000000000
-343347944521751.2500000000000000000000000000000000000000
460583622829106.6250000000000000000000000000000000000000
-292639909364350.8125000000000000000000000000000000000000
87176625426194.0781250000000000000000000000000000000000
313135225043428.5000000000000000000000000000000000000000
-293774441148657.8125000000000000000000000000000000000000
573699743678728.5000000000000000000000000000000000000000
41041762127019.0234375000000000000000000000000000000000
170829792558050.8125000000000000000000000000000000000000
23840914288521.5234375000000000000000000000000000000000
6992404609285.5195312500000000000000000000000000000000
-21892733392914.2500000000000000000000000000000000000000
239335952080939.4687500000000000000000000000000000000000
-41912613397754.0468750000000000000000000000000000000000
158870733694233.4687500000000000000000000000000000000000
310908772209730.7500000000000000000000000000000000000000
96809610943476.4375000000000000000000000000000000000000
176211403219572.0937500000000000000000000000000000000000
-323022305462050.3125000000000000000000000000000000000000
-29213349761386.3671875000000000000000000000000000000000
-540448163122940.3750000000000000000000000000000000000000
-382675587553792.2500000000000000000000000000000000000000
-32629985345834.8984375000000000000000000000000000000000
-234370492362958.7500000000000000000000000000000000000000
80909420064322.3750000000000000000000000000000000000000
83649986541869.2968750000000000000000000000000000000000
144348569018379.0937500000000000000000000000000000000000
-460159513069499.2500000000000000000000000000000000000000
-362960247918369.7500000000000000000000000000000000000000
-64832597663932.9140625000000000000000000000000000000000
126794496026883.8125000000000000000000000000000000000000
-202619960123045.3750000000000000000000000000000000000000
-22003853745848.3476562500000000000000000000000000000000
-233673837473685.0625000000000000000000000000000000000000
136456418262421.1406250000000000000000000000000000000000
6483417772179.2978515625000000000000000000000000000000
258036275596519.8437500000000000000000000000000000000000
-84878993313117.0156250000000000000000000000000000000000
392526924737889.4375000000000000000000000000000000000000
-395344922296394.0000000000000000000000000000000000000000
343532291613640.4375000000000000000000000000000000000000
352297940241519.3125000000000000000000000000000000000000
159763067694459.8750000000000000000000000000000000000000
278321720145960.8437500000000000000000000000000000000000
59558991016644.3125000000000000000000000000000000000000
-52722970292278.0234375000000000000000000000000000000000
19793711559445.9375000000000000000000000000000000000000
121815901299864.6250000000000000000000000000000000000000
107755437724896.2656250000000000000000000000000000000000
-150066257376127.6562500000000000000000000000000000000000
211395730702029.6250000000000000000000000000000000000000
146596951744998.5625000000000000000000000000000000000000
30421437654107.6679687500000000000000000000000000000000
2201167783899.2177734375000000000000000000000000000000
-327617560020973.6875000000000000000000000000000000000000
386220076184596.0000000000000000000000000000000000000000
-287519366508787.5625000000000000000000000000000000000000
-18539938243039.4570312500000000000000000000000000000000
-274122264347676.0312500000000000000000000000000000000000
-292972354663075.0000000000000000000000000000000000000000
73652894946914.6406250000000000000000000000000000000000
296384877128237.8750000000000000000000000000000000000000
-598029431684704.8750000000000000000000000000000000000000
106394464497745.8906250000000000000000000000000000000000
119751184811413.5000000000000000000000000000000000000000
23307653444055.8828125000000000000000000000000000000000
-694881141245051.8750000000000000000000000000000000000000
-278675222481374.8437500000000000000000000000000000000000
239207014486722.5625000000000000000000000000000000000000
259931907317471.6875000000000000000000000000000000000000
209968031113819.9062500000000000000000000000000000000000
18751108364665.8906250000000000000000000000000000000000
12561868188802.3125000000000000000000000000000000000000
193349351606730.2812500000000000000000000000000000000000
-482604570623294.3750000000000000000000000000000000000000
-506640661383630.5625000000000000000000000000000000000000
-238626439736721.4375000000000000000000000000000000000000
271113452978112.2187500000000000000000000000000000000000
322158961734626.9375000000000000000000000000000000000000
404280789332526.8125000000000000000000000000000000000000
63761979128203.7187500000000000000000000000000000000000
201264104175307.7187500000000000000000000000000000000000
876423114556.0090332031250000000000000000000000000000
276795255052067.4687500000000000000000000000000000000000
370337713823063.5625000000000000000000000000000000000000
-212537017135883.5000000000000000000000000000000000000000
-138081516676523.5625000000000000000000000000000000000000
-279748635282834.0625000000000000000000000000000000000000
550604925465416.8125000000000000000000000000000000000000
42754078268530.7968750000000000000000000000000000000000
-196359292130408.0937500000000000000000000000000000000000
-56940884931623.1250000000000000000000000000000000000000
-451261094164995.4375000000000000000000000000000000000000
312229695041452.0000000000000000000000000000000000000000
232930559613879.8125000000000000000000000000000000000000
-149439812823790.2500000000000000000000000000000000000000
-30170687641706.0468750000000000000000000000000000000000
-15788982546211.1933593750000000000000000000000000000000
-99121085080470.7031250000000000000000000000000000000000
407129649001923.3125000000000000000000000000000000000000
-172495044208591.9375000000000000000000000000000000000000
-438632199995974.1875000000000000000000000000000000000000
-8578167461847.4365234375000000000000000000000000000000
-222347289927926.3437500000000000000000000000000000000000
-245100243511953.6250000000000000000000000000000000000000
63902522367566.7343750000000000000000000000000000000000
358584980331902.8125000000000000000000000000000000000000
-288369162919288.9375000000000000000000000000000000000000
103760688548418.2812500000000000000000000000000000000000
-327949219783708.1875000000000000000000000000000000000000
159883690557902.7500000000000000000000000000000000000000
225242764578621.4687500000000000000000000000000000000000
-478814511741464.5000000000000000000000000000000000000000
64087614371584.7109375000000000000000000000000000000000
209716809021511.0625000000000000000000000000000000000000
125606014705844.3281250000000000000000000000000000000000
94051134916690.4687500000000000000000000000000000000000
347762465570154.2500000000000000000000000000000000000000
-399255427317897.9375000000000000000000000000000000000000
45869167781378.8203125000000000000000000000000000000000
233671409801101.2812500000000000000000000000000000000000
45748986262390.5859375000000000000000000000000000000000
1050271527323924.7500000000000000000000000000000000000000
-349278449131093.6250000000000000000000000000000000000000
-306023986806414.3125000000000000000000000000000000000000
99198170206766.2031250000000000000000000000000000000000
-336681341439172.2500000000000000000000000000000000000000
-178686333183042.9375000000000000000000000000000000000000
-387237881363203.2500000000000000000000000000000000000000
475433776421598.1250000000000000000000000000000000000000
207478336612363.6562500000000000000000000000000000000000
-29100542934628.3476562500000000000000000000000000000000
-221931790925579.5625000000000000000000000000000000000000
-685481794793408.8750000000000000000000000000000000000000
-215721908712767.6562500000000000000000000000000000000000
151647453331338.2500000000000000000000000000000000000000
297826615985888.5000000000000000000000000000000000000000
293386401698461.5000000000000000000000000000000000000000
54881976244356.0000000000000000000000000000000000000000
-85216767938001.5937500000000000000000000000000000000000
63617237526021.8437500000000000000000000000000000000000
25550461302342.7773437500000000000000000000000000000000
410833142598424.3750000000000000000000000000000000000000
-75913986134009.0625000000000000000000000000000000000000
-418714650731943.8750000000000000000000000000000000000000
5131406359678.0322265625000000000000000000000000000000
-51022751946403.7265625000000000000000000000000000000000
106667304109701.6406250000000000000000000000000000000000
