2.1036591277013059197997790761291980743408
-309.9003575820989340172673109918832778930664
-59.0513550163227165512580540962517261505127
1308510.3941396421287208795547485351562500000000
-70736337.8884590864181518554687500000000000000000
1887154561.2018923759460449218750000000000000000000
-31279605615.1307411193847656250000000000000000000000
352981237556.5019531250000000000000000000000000000000
-2843265353221.6064453125000000000000000000000000000000
16759470879461.7988281250000000000000000000000000000000
-72947692036670.4062500000000000000000000000000000000000
232887072669766.9687500000000000000000000000000000000000
-529244387703181.5625000000000000000000000000000000000000
788739414267720.7500000000000000000000000000000000000000
-572701632667857.5000000000000000000000000000000000000000
-273322631774091.1250000000000000000000000000000000000000
876924492255792.5000000000000000000000000000000000000000
-219120134415756.2500000000000000000000000000000000000000
-759201831043074.0000000000000000000000000000000000000000
304735055744196.2500000000000000000000000000000000000000
420252195993725.8125000000000000000000000000000000000000
467773662717487.3125000000000000000000000000000000000000
-862448792409371.0000000000000000000000000000000000000000
-399986847758621.7500000000000000000000000000000000000000
162215631630246.5000000000000000000000000000000000000000
853684945929296.5000000000000000000000000000000000000000
212118198360973.5312500000000000000000000000000000000000
-510867969572404.2500000000000000000000000000000000000000
-543527384049840.0625000000000000000000000000000000000000
160753480119846.6875000000000000000000000000000000000000
5389275011254.1533203125000000000000000000000000000000
254014596309502.6562500000000000000000000000000000000000
28585089727072.7265625000000000000000000000000000000000
164159221513731.6562500000000000000000000000000000000000
206185848099550.7187500000000000000000000000000000000000
-210568663121183.0937500000000000000000000000000000000000
-215506709735497.4687500000000000000000000000000000000000
4378905154587.7573242187500000000000000000000000000000
-652409770031775.8750000000000000000000000000000000000000
302172002863730.1250000000000000000000000000000000000000
58078346694406.9218750000000000000000000000000000000000
395596125493530.8750000000000000000000000000000000000000
353690335438563.2500000000000000000000000000000000000000
-69373121766171.3359375000000000000000000000000000000000
91053502352080.8281250000000000000000000000000000000000
-36179246464400.9921875000000000000000000000000000000000
-285780362762970.6875000000000000000000000000000000000000
-270379036659518.4687500000000000000000000000000000000000
-485830891545681.8125000000000000000000000000000000000000
-190767336699981.4062500000000000000000000000000000000000
188966958289443.2500000000000000000000000000000000000000
378459164280107.3750000000000000000000000000000000000000
515575762202489.0625000000000000000000000000000000000000
-308546461638450.1875000000000000000000000000000000000000
273994069027634.0312500000000000000000000000000000000000
284385892425941.5000000000000000000000000000000000000000
298214321895289.8750000000000000000000000000000000000000
-188174033519262.5625000000000000000000000000000000000000
-190824712366296.2187500000000000000000000000000000000000
-327806979577197.6875000000000000000000000000000000000000
-291305913450505.1250000000000000000000000000000000000000
-314698440024340.3750000000000000000000000000000000000000
-172843167726458.2500000000000000000000000000000000000000
-134176155016327.9062500000000000000000000000000000000000
63272392305416.8984375000000000000000000000000000000000
-111487592749776.1718750000000000000000000000000000000000
178306891342239.4687500000000000000000000000000000000000
454554950751759.5000000000000000000000000000000000000000
732216648775580.1250000000000000000000000000000000000000
148632891404297.6562500000000000000000000000000000000000
552957030825479.7500000000000000000000000000000000000000
-196502597910110.0937500000000000000000000000000000000000
-171471086662292.6875000000000000000000000000000000000000
-566085750780054.7500000000000000000000000000000000000000
282888325838748.6875000000000000000000000000000000000000
-119639173688424.3750000000000000000000000000000000000000
-348141914105251.3125000000000000000000000000000000000000
-454559766333565.5625000000000000000000000000000000000000
-435211280648899.3750000000000000000000000000000000000000
154087566301361.4062500000000000000000000000000000000000
-475382040128966.3125000000000000000000000000000000000000
-234067430423729.4687500000000000000000000000000000000000
92770509725708.8437500000000000000000000000000000000000
221117698479769.6250000000000000000000000000000000000000
693498644523732.5000000000000000000000000000000000000000
322863490448337.6875000000000000000000000000000000000000
139488959764057.2656250000000000000000000000000000000000
467880068365923.5000000000000000000000000000000000000000
476224958141496.4375000000000000000000000000000000000000
-220339770226039.3750000000000000000000000000000000000000
179550215949474.0000000000000000000000000000000000000000
198754845420493.4375000000000000000000000000000000000000
-153609256069217.7187500000000000000000000000000000000000
-353662418326722.7500000000000000000000000000000000000000
-8629322816150.2841796875000000000000000000000000000000
-435047846212453.1875000000000000000000000000000000000000
-310602587747678.5625000000000000000000000000000000000000
-264556412302290.2812500000000000000000000000000000000000
168334132054036.9687500000000000000000000000000000000000
-409518623937517.0625000000000000000000000000000000000000
-242048547727370.3125000000000000000000000000000000000000
86874510199591.3906250000000000000000000000000000000000
-457909988578716.3750000000000000000000000000000000000000
72524483237832.1875000000000000000000000000000000000000
140263093210515.4531250000000000000000000000000000000000
-187295291805304.0000000000000000000000000000000000000000
212559522631548.5312500000000000000000000000000000000000
24434905416428.7304687500000000000000000000000000000000
108838320785036.8125000000000000000000000000000000000000
567147169284730.1250000000000000000000000000000000000000
572565650852182.3750000000000000000000000000000000000000
25954281326633.8828125000000000000000000000000000000000
427944461923861.8125000000000000000000000000000000000000
68644416696596.9609375000000000000000000000000000000000
321915910057029.8125000000000000000000000000000000000000
23488446965106.9375000000000000000000000000000000000000
-255885514297870.7500000000000000000000000000000000000000
150602613677710.6875000000000000000000000000000000000000
205064151501263.8437500000000000000000000000000000000000
20805545946099.5742187500000000000000000000000000000000
-37072157672639.0546875000000000000000000000000000000000
-604020028418515.2500000000000000000000000000000000000000
116743060355757.3750000000000000000000000000000000000000
-1019049723922272.2500000000000000000000000000000000000000
-374276751686034.9375000000000000000000000000000000000000
-386783954345143.5000000000000000000000000000000000000000
2217945112616.3715820312500000000000000000000000000000
52541585594201.2109375000000000000000000000000000000000
101511365346734.8593750000000000000000000000000000000000
-233981121552011.2812500000000000000000000000000000000000
-99755462645412.2031250000000000000000000000000000000000
54115397029365.5781250000000000000000000000000000000000
-389132906275883.6875000000000000000000000000000000000000
90022431209469.0781250000000000000000000000000000000000
-91031937547910.9218750000000000000000000000000000000000
268112198509437.7812500000000000000000000000000000000000
565922373840179.6250000000000000000000000000000000000000
499839968126928.1250000000000000000000000000000000000000
-496062674305985.2500000000000000000000000000000000000000
407500203483122.1250000000000000000000000000000000000000
634863468250382.6250000000000000000000000000000000000000
-16715603366950.4179687500000000000000000000000000000000
567530019777375.7500000000000000000000000000000000000000
275566357792960.7187500000000000000000000000000000000000
157102457313364.1562500000000000000000000000000000000000
89277649544771.5468750000000000000000000000000000000000
-64573238905295.5156250000000000000000000000000000000000
-167735851548903.1875000000000000000000000000000000000000
166480901061406.8750000000000000000000000000000000000000
-101245111770814.4218750000000000000000000000000000000000
-78157719465693.0000000000000000000000000000000000000000
-497402409290629.6875000000000000000000000000000000000000
-423007761684486.8750000000000000000000000000000000000000
-98870338355993.5781250000000000000000000000000000000000
153366262318608.0312500000000000000000000000000000000000
-427636621516633.5625000000000000000000000000000000000000
-44371887596279.1328125000000000000000000000000000000000
86205166601791.7187500000000000000000000000000000000000
-219367331860608.3125000000000000000000000000000000000000
165793897808295.2187500000000000000000000000000000000000
-15456481559956.5839843750000000000000000000000000000000
-453555953370140.5625000000000000000000000000000000000000
-96746558330446.9843750000000000000000000000000000000000
-311873037219446.0625000000000000000000000000000000000000
-403727763236986.1875000000000000000000000000000000000000
-158002999323473.0625000000000000000000000000000000000000
73041028007664.7812500000000000000000000000000000000000
137934899738159.7656250000000000000000000000000000000000
157551576680886.9375000000000000000000000000000000000000
78796432117799.1875000000000000000000000000000000000000
-388346746596288.5000000000000000000000000000000000000000
333616614584407.2500000000000000000000000000000000000000
299754111305279.5625000000000000000000000000000000000000
-70228203787835.8593750000000000000000000000000000000000
410306424158522.0625000000000000000000000000000000000000
-97022089708111.2968750000000000000000000000000000000000
473587395251786.1875000000000000000000000000000000000000
314543883194029.0625000000000000000000000000000000000000
-125131506738496.9062500000000000000000000000000000000000
230354951250808.8750000000000000000000000000000000000000
150844759039166.4062500000000000000000000000000000000000
289369422663479.7500000000000000000000000000000000000000
696966996954704.3750000000000000000000000000000000000000
-54641628023390.5312500000000000000000000000000000000000
224844226017126.0312500000000000000000000000000000000000
-38693106129742.3046875000000000000000000000000000000000
-3049318364285.0874023437500000000000000000000000000000
-24633053920137.8164062500000000000000000000000000000000
-324091955553378.9375000000000000000000000000000000000000
-74076614194290.1406250000000000000000000000000000000000
-95846619791974.9843750000000000000000000000000000000000
-291385456868017.1875000000000000000000000000000000000000
275784922089513.9062500000000000000000000000000000000000
94491771192918.1250000000000000000000000000000000000000
-151725406376194.6250000000000000000000000000000000000000
-556967716858214.4375000000000000000000000000000000000000
-528809350958382.8750000000000000000000000000000000000000
-142841937766261.3750000000000000000000000000000000000000
-75332235752369.0781250000000000000000000000000000000000
-253379552235569.8125000000000000000000000000000000000000
-195315792150382.0625000000000000000000000000000000000000
-441827489098340.2500000000000000000000000000000000000000
256868552519286.8750000000000000000000000000000000000000
-135304869956607.7968750000000000000000000000000000000000
346642941502715.8125000000000000000000000000000000000000
228487202391110.5000000000000000000000000000000000000000
-75078251428474.1250000000000000000000000000000000000000
-169938598486214.1250000000000000000000000000000000000000
65292848240765.0937500000000000000000000000000000000000
-387137167796735.5625000000000000000000000000000000000000
-219845592954668.0625000000000000000000000000000000000000
43537716792739.5312500000000000000000000000000000000000
-62114213383806.2812500000000000000000000000000000000000
-242968846620568.7500000000000000000000000000000000000000
34937097498994.1835937500000000000000000000000000000000
384257471403642.0000000000000000000000000000000000000000
505908222310943.0625000000000000000000000000000000000000
193939466935977.0625000000000000000000000000000000000000
-57941568958530.5390625000000000000000000000000000000000
143555939492024.0937500000000000000000000000000000000000
-13192510067532.8730468750000000000000000000000000000000
63908913199242.2812500000000000000000000000000000000000
106198170304793.9687500000000000000000000000000000000000
97534615123905.0156250000000000000000000000000000000000
351731479620705.0000000000000000000000000000000000000000
242094269701689.1250000000000000000000000000000000000000
21339688249022.8281250000000000000000000000000000000000
168090434256325.7812500000000000000000000000000000000000
252468400512463.4375000000000000000000000000000000000000
45940033474116.7187500000000000000000000000000000000000
319520974631128.1875000000000000000000000000000000000000
699901504490163.1250000000000000000000000000000000000000
-350478463027321.7500000000000000000000000000000000000000
-178740983258599.9375000000000000000000000000000000000000
-250679348225880.0312500000000000000000000000000000000000
-302183369677814.8125000000000000000000000000000000000000
-184300403062711.2187500000000000000000000000000000000000
77172124586583.2500000000000000000000000000000000000000
40760840690583.1406250000000000000000000000000000000000
14877880517743.4960937500000000000000000000000000000000
169005801356251.5625000000000000000000000000000000000000
-10523355077016.7207031250000000000000000000000000000000
-274603772969879.3125000000000000000000000000000000000000
-186893738620727.0625000000000000000000000000000000000000
-351614119848740.1250000000000000000000000000000000000000
386773162704382.7500000000000000000000000000000000000000
-230701540997616.1250000000000000000000000000000000000000
-92897197251287.1875000000000000000000000000000000000000
-70490426634339.4062500000000000000000000000000000000000
218392386945466.1562500000000000000000000000000000000000
-834301544656194.2500000000000000000000000000000000000000
-226714314693147.5312500000000000000000000000000000000000
-52461309195324.4296875000000000000000000000000000000000
113524245761641.4843750000000000000000000000000000000000
-419042688841218.2500000000000000000000000000000000000000
-64847745217683.7031250000000000000000000000000000000000
14056155017934.0078125000000000000000000000000000000000
-414916241919572.6875000000000000000000000000000000000000
18981055934205.8789062500000000000000000000000000000000
73529353521661.1562500000000000000000000000000000000000
126933343768045.9218750000000000000000000000000000000000
-14060969540402.1640625000000000000000000000000000000000
-462975276043365.6250000000000000000000000000000000000000
18372508799237.7265625000000000000000000000000000000000
545544156615600.1875000000000000000000000000000000000000
-72283689485916.8437500000000000000000000000000000000000
44203783520271.3203125000000000000000000000000000000000
30348180191276.5312500000000000000000000000000000000000
18820980214671.0195312500000000000000000000000000000000
345619540495461.6875000000000000000000000000000000000000
-235073782369246.7500000000000000000000000000000000000000
226568687171450.9375000000000000000000000000000000000000
375279583518548.8750000000000000000000000000000000000000
631344408457554.7500000000000000000000000000000000000000
-356941192815284.1250000000000000000000000000000000000000
762512211848849.0000000000000000000000000000000000000000
-207775658846719.5937500000000000000000000000000000000000
11403262220950.7617187500000000000000000000000000000000
377689208381922.6875000000000000000000000000000000000000
115812118949841.3125000000000000000000000000000000000000
91806899399068.7187500000000000000000000000000000000000
272785933748160.5625000000000000000000000000000000000000
183556887334948.4375000000000000000000000000000000000000
138588911306019.7343750000000000000000000000000000000000
-291867609275356.7500000000000000000000000000000000000000
-294953993901733.8125000000000000000000000000000000000000
-157676005691267.1875000000000000000000000000000000000000
-140436395941956.9218750000000000000000000000000000000000
-140268691118584.6406250000000000000000000000000000000000
-73688847294711.8125000000000000000000000000000000000000
339904429077426.5000000000000000000000000000000000000000
14578636353119.4023437500000000000000000000000000000000
194830230539344.4062500000000000000000000000000000000000
-70816302304330.6562500000000000000000000000000000000000
-106277234202077.9843750000000000000000000000000000000000
171395025519665.3750000000000000000000000000000000000000
-395523294227600.4375000000000000000000000000000000000000
37431258596181.9296875000000000000000000000000000000000
316474315124395.1250000000000000000000000000000000000000
-14523571484852.1347656250000000000000000000000000000000
-269039840011713.5625000000000000000000000000000000000000
-398391119360472.1875000000000000000000000000000000000000
48841527158453.1406250000000000000000000000000000000000
-851975635633509.2500000000000000000000000000000000000000
72977988223537.0468750000000000000000000000000000000000
-283360479673180.3750000000000000000000000000000000000000
-10398140644680.6367187500000000000000000000000000000000
-113654143029471.4218750000000000000000000000000000000000
461943708411792.7500000000000000000000000000000000000000
-252838009610366.5312500000000000000000000000000000000000
-182906675517431.6250000000000000000000000000000000000000
177283791378901.5625000000000000000000000000000000000000
87669788374041.2656250000000000000000000000000000000000
256681508848175.2500000000000000000000000000000000000000
-145841642050886.3750000000000000000000000000000000000000
-267595087374515.2187500000000000000000000000000000000000
-288993031213649.2500000000000000000000000000000000000000
68341664025574.7890625000000000000000000000000000000000
-657119670150352.0000000000000000000000000000000000000000
-78182937369079.1718750000000000000000000000000000000000
100034664101802.0937500000000000000000000000000000000000
218058383541214.6875000000000000000000000000000000000000
286769422125483.5000000000000000000000000000000000000000
128620317284036.2812500000000000000000000000000000000000
249984338761071.5625000000000000000000000000000000000000
478394504892364.4375000000000000000000000000000000000000
-322168933338844.2500000000000000000000000000000000000000
-342273745651413.4375000000000000000000000000000000000000
517601814225988.2500000000000000000000000000000000000000
-314019733485400.3125000000000000000000000000000000000000
2456689109372.1655273437500000000000000000000000000000
1028570585910.4520263671875000000000000000000000000000
-43372022698097.7500000000000000000000000000000000000000
-159278567516303.5312500000000000000000000000000000000000
231079836884934.2187500000000000000000000000000000000000
405885467992032.3750000000000000000000000000000000000000
393614029600183.7500000000000000000000000000000000000000
292230066278027.0000000000000000000000000000000000000000
4889082704431.5830078125000000000000000000000000000000
59959556845417.1406250000000000000000000000000000000000
351226766063796.2500000000000000000000000000000000000000
-273680572353766.5000000000000000000000000000000000000000
-216791703903438.6562500000000000000000000000000000000000
337078709511090.9375000000000000000000000000000000000000
-93259613365092.9218750000000000000000000000000000000000
697244358834168.0000000000000000000000000000000000000000
258533252891975.3125000000000000000000000000000000000000
-83742422689160.7968750000000000000000000000000000000000
-249194505074965.9687500000000000000000000000000000000000
-101897627117060.0312500000000000000000000000000000000000
423283083887029.7500000000000000000000000000000000000000
148501519010519.4375000000000000000000000000000000000000
-508810626696726.8125000000000000000000000000000000000000
-105554136752621.4062500000000000000000000000000000000000
-690185991630274.1250000000000000000000000000000000000000
192494447355772.7812500000000000000000000000000000000000
316415302189500.6875000000000000000000000000000000000000
10073676265331.3320312500000000000000000000000000000000
-17530338921000.4453125000000000000000000000000000000000
-681035869636650.5000000000000000000000000000000000000000
-267722584728369.9687500000000000000000000000000000000000
271820937535660.6250000000000000000000000000000000000000
-113555642984868.9218750000000000000000000000000000000000
-408955375087911.8125000000000000000000000000000000000000
167371687822855.2812500000000000000000000000000000000000
-421875398596236.5000000000000000000000000000000000000000
-193569211450103.3437500000000000000000000000000000000000
153129528971183.1562500000000000000000000000000000000000
-230010166721211.1875000000000000000000000000000000000000
-382105450886591.5000000000000000000000000000000000000000
284523218164993.3750000000000000000000000000000000000000
103118136787623.7812500000000000000000000000000000000000
426088993018337.8750000000000000000000000000000000000000
-216715542583942.5312500000000000000000000000000000000000
392280938318459.4375000000000000000000000000000000000000
-317413992037326.3750000000000000000000000000000000000000
-411268124301999.5000000000000000000000000000000000000000
348788022504951.1875000000000000000000000000000000000000
-610035306561139.5000000000000000000000000000000000000000
454631124274937.5000000000000000000000000000000000000000
-336075851918273.1875000000000000000000000000000000000000
126617916253305.4062500000000000000000000000000000000000
-152087676320531.2812500000000000000000000000000000000000
437050308383709.0000000000000000000000000000000000000000
-330020553996204.3750000000000000000000000000000000000000
-381069004887623.1250000000000000000000000000000000000000
-328187805336157.8125000000000000000000000000000000000000
373923183014993.7500000000000000000000000000000000000000
239312746276358.6250000000000000000000000000000000000000
460940062411439.1250000000000000000000000000000000000000
262002397777349.7500000000000000000000000000000000000000
357350256867817.0625000000000000000000000000000000000000
97813658890731.7500000000000000000000000000000000000000
206039300115887.3125000000000000000000000000000000000000
-95912779750503.7968750000000000000000000000000000000000
-156382901398979.7500000000000000000000000000000000000000
320486394763235.1875000000000000000000000000000000000000
485303783517299.1250000000000000000000000000000000000000
-375663682225892.4375000000000000000000000000000000000000
-39701255996538.1875000000000000000000000000000000000000
166723422656930.3750000000000000000000000000000000000000
35124213933862.6679687500000000000000000000000000000000
-219090060376426.6562500000000000000000000000000000000000
211338467431080.0937500000000000000000000000000000000000
-444037844882537.8125000000000000000000000000000000000000
286729421724895.5625000000000000000000000000000000000000
-122669116345048.8125000000000000000000000000000000000000
280294351945661.1562500000000000000000000000000000000000
-238013159551364.2187500000000000000000000000000000000000
663911053901097.5000000000000000000000000000000000000000
102653450555385.2187500000000000000000000000000000000000
441725949530005.7500000000000000000000000000000000000000
-215961772612400.4062500000000000000000000000000000000000
321799626074893.3750000000000000000000000000000000000000
-59579615430421.8750000000000000000000000000000000000000
-340566386931848.1875000000000000000000000000000000000000
241124748183610.2812500000000000000000000000000000000000
-55857374486738.7421875000000000000000000000000000000000
-820342369584697.7500000000000000000000000000000000000000
-66001996047013.5703125000000000000000000000000000000000
-310436736608656.6875000000000000000000000000000000000000
-326786067361057.0625000000000000000000000000000000000000
-608576753906228.3750000000000000000000000000000000000000
-380881348147929.0000000000000000000000000000000000000000
-331430269917123.5625000000000000000000000000000000000000
72277307412791.5000000000000000000000000000000000000000
-248631196840991.0000000000000000000000000000000000000000
357229419952847.6250000000000000000000000000000000000000
53363823049097.0781250000000000000000000000000000000000
-142083465388369.3750000000000000000000000000000000000000
-92940429157809.3437500000000000000000000000000000000000
203417097661397.9375000000000000000000000000000000000000
-344732472772216.6875000000000000000000000000000000000000
97052226443276.9843750000000000000000000000000000000000
-485358563758895.8125000000000000000000000000000000000000
211013620332642.6875000000000000000000000000000000000000
47755525295219.4531250000000000000000000000000000000000
152057011965026.3437500000000000000000000000000000000000
281044030877741.3437500000000000000000000000000000000000
598582812199116.3750000000000000000000000000000000000000
426859323637194.3125000000000000000000000000000000000000
153426414087456.7187500000000000000000000000000000000000
-195975588919092.2500000000000000000000000000000000000000
123475448632882.1406250000000000000000000000000000000000
290149850616756.9375000000000000000000000000000000000000
561560072459019.1875000000000000000000000000000000000000
333700886794034.0000000000000000000000000000000000000000
385310999973079.4375000000000000000000000000000000000000
622779165748656.2500000000000000000000000000000000000000
-76658438992516.2812500000000000000000000000000000000000
-445141901981709.3750000000000000000000000000000000000000
171007381015283.7500000000000000000000000000000000000000
-156514247713072.4375000000000000000000000000000000000000
-106859535413629.2812500000000000000000000000000000000000
-529401583353069.5625000000000000000000000000000000000000
-470442870651683.8125000000000000000000000000000000000000
-282411952128054.3125000000000000000000000000000000000000
-571620177773386.0000000000000000000000000000000000000000
-74148578456505.4687500000000000000000000000000000000000
-41553001876038.2890625000000000000000000000000000000000
-352046255636986.2500000000000000000000000000000000000000
-53067212170530.8828125000000000000000000000000000000000
90212904549974.3437500000000000000000000000000000000000
-81001635636748.2968750000000000000000000000000000000000
-53278910020824.3828125000000000000000000000000000000000
111348414343645.5781250000000000000000000000000000000000
-29942881342371.6992187500000000000000000000000000000000
-75578071099556.9218750000000000000000000000000000000000
75702131948721.0781250000000000000000000000000000000000
-120272697574087.0937500000000000000000000000000000000000
1120296017320868.8750000000000000000000000000000000000000
224721873811879.1250000000000000000000000000000000000000
730947038894156.2500000000000000000000000000000000000000
-358361574872798.6250000000000000000000000000000000000000
-438367416567598.6875000000000000000000000000000000000000
-360041461077403.9375000000000000000000000000000000000000
