5.3020775436187612683625047793611884117126
-689.4333870058488855647738091647624969482422
21882.3738340131130826193839311599731445312500
-290122.6652433840790763497352600097656250000000
1942515.3888649442233145236968994140625000000000
-6978491.6966783860698342323303222656250000000000
12795620.8505637105554342269897460937500000000000
-8274940.2118220245465636253356933593750000000000
-5181817.1870823586359620094299316406250000000000
5258330.7887706011533737182617187500000000000000
-3726644.2547898734919726848602294921875000000000
19670037.5500691868364810943603515625000000000000
1706819.4200404973234981298446655273437500000000
-39339693.6300155371427536010742187500000000000000
-6511133.8868421902880072593688964843750000000000
74633889.1877503097057342529296875000000000000000
-90666565.8246529549360275268554687500000000000000
44120051.2670566961169242858886718750000000000000
34261837.9893053770065307617187500000000000000000
-26665460.8741619773209095001220703125000000000000
23546496.8745761737227439880371093750000000000000
-55828640.4549661800265312194824218750000000000000
3140554.2303919447585940361022949218750000000000
54420975.9333655387163162231445312500000000000000
-10271274.3842145837843418121337890625000000000000
-80180904.4825259298086166381835937500000000000000
-19882914.5379001013934612274169921875000000000000
87438091.4159148335456848144531250000000000000000
-7777285.3260580375790596008300781250000000000000
18981240.2702487595379352569580078125000000000000
35933880.3116924986243247985839843750000000000000
-9455987.2449566703289747238159179687500000000000
-34596873.9222006350755691528320312500000000000000
-1382248.3755052050109952688217163085937500000000
9360269.2762519493699073791503906250000000000000
-14612076.8424827139824628829956054687500000000000
-35015351.9578149318695068359375000000000000000000
16707496.5398595407605171203613281250000000000000
6557392.3139623915776610374450683593750000000000
-25990422.2451888173818588256835937500000000000000
-8520282.7621970120817422866821289062500000000000
-5528247.5634682867676019668579101562500000000000
-5496702.1502332435920834541320800781250000000000
-6411284.0560992462560534477233886718750000000000
61654273.8335716947913169860839843750000000000000
99328.4953546403849031776189804077148437500000
52870808.2730792537331581115722656250000000000000
17086381.8248597644269466400146484375000000000000
9552088.2664405647665262222290039062500000000000
-49640980.3655045703053474426269531250000000000000
-34065767.6328448653221130371093750000000000000000
27762041.6542551256716251373291015625000000000000
-13238993.7796659283339977264404296875000000000000
279338.1419587957789190113544464111328125000000
-22832184.3590878359973430633544921875000000000000
-12505636.5407320056110620498657226562500000000000
4682039.0043889787048101425170898437500000000000
6073024.2115485183894634246826171875000000000000
-6905554.6155737983062863349914550781250000000000
52361666.2623801380395889282226562500000000000000
-17786346.4478102698922157287597656250000000000000
-37300690.7604576945304870605468750000000000000000
22232306.8650658018887042999267578125000000000000
-26161147.4874901585280895233154296875000000000000
9108174.1884932629764080047607421875000000000000
-13251402.2964637223631143569946289062500000000000
-74717415.2954411953687667846679687500000000000000
5594745.2731165420264005661010742187500000000000
43617822.2804987877607345581054687500000000000000
4473111.4866897948086261749267578125000000000000
-1250024.1650750786066055297851562500000000000000
40740715.3011276572942733764648437500000000000000
-3297383.7076910878531634807586669921875000000000
86835798.2980601787567138671875000000000000000000
14308297.3861474525183439254760742187500000000000
6026235.9504185905680060386657714843750000000000
-29999716.2785091996192932128906250000000000000000
63307627.2133727297186851501464843750000000000000
-51602005.7761609032750129699707031250000000000000
-50362650.5373078286647796630859375000000000000000
-2506179.1070677782408893108367919921875000000000
-50138944.8273910954594612121582031250000000000000
15024176.2686065454035997390747070312500000000000
-42883940.2961485311388969421386718750000000000000
100083202.2265366762876510620117187500000000000000
14082173.1271556690335273742675781250000000000000
-46161647.8145199939608573913574218750000000000000
9969337.2220851071178913116455078125000000000000
-58175241.0049512833356857299804687500000000000000
16523537.1528804376721382141113281250000000000000
-75016207.2373764067888259887695312500000000000000
60208124.7222748920321464538574218750000000000000
49860003.3891867697238922119140625000000000000000
-80440903.9405705928802490234375000000000000000000
7301173.4925361955538392066955566406250000000000
11256395.8676058743149042129516601562500000000000
-2892041.3323900513350963592529296875000000000000
-19511509.4181021600961685180664062500000000000000
18408676.7859146930277347564697265625000000000000
2402174.6690237331204116344451904296875000000000
45554004.6685240641236305236816406250000000000000
12573594.3131842650473117828369140625000000000000
14163082.9891948532313108444213867187500000000000
13590305.7884811162948608398437500000000000000000
26278457.7484239190816879272460937500000000000000
-10028388.7276333477348089218139648437500000000000
-21085832.3037020489573478698730468750000000000000
-21956597.1297043897211551666259765625000000000000
21553311.5114277191460132598876953125000000000000
7619644.8407021788880228996276855468750000000000
-7685701.7429066477343440055847167968750000000000
21098650.2574471980333328247070312500000000000000
37806334.1020503342151641845703125000000000000000
-91882283.5640688687562942504882812500000000000000
45667515.2292903363704681396484375000000000000000
-57697712.1373417228460311889648437500000000000000
-46069031.2720231786370277404785156250000000000000
39754067.1555503979325294494628906250000000000000
-6619696.9387414064258337020874023437500000000000
-35311639.8266101852059364318847656250000000000000
-33774042.0430761501193046569824218750000000000000
46091320.2995174974203109741210937500000000000000
-22181549.7055138386785984039306640625000000000000
11202673.3820297960191965103149414062500000000000
38906536.0489492565393447875976562500000000000000
28565229.3219439722597599029541015625000000000000
-37847531.3843700885772705078125000000000000000000
4867592.9909529434517025947570800781250000000000
-23302901.7757079973816871643066406250000000000000
40167850.6720008999109268188476562500000000000000
-61601155.6185943335294723510742187500000000000000
81919480.3083471506834030151367187500000000000000
-20869280.7169104143977165222167968750000000000000
19129965.3662328645586967468261718750000000000000
94792762.7375096231698989868164062500000000000000
-46207770.0286154672503471374511718750000000000000
40805658.5643197000026702880859375000000000000000
-93283173.5658963173627853393554687500000000000000
84611904.1979990303516387939453125000000000000000
-63228245.8919961899518966674804687500000000000000
2504509.2450479227118194103240966796875000000000
48597148.3205214142799377441406250000000000000000
5671733.7723096488043665885925292968750000000000
-4543824.0151401646435260772705078125000000000000
255444.7136278954858426004648208618164062500000
-69531385.3195341676473617553710937500000000000000
-56726517.9534332230687141418457031250000000000000
6861299.4664935329928994178771972656250000000000
9419153.0907118879258632659912109375000000000000
38839352.4817319735884666442871093750000000000000
-2842439.3937593293376266956329345703125000000000
-73764460.1665258854627609252929687500000000000000
24160207.4932625889778137207031250000000000000000
-72299301.4629754126071929931640625000000000000000
63583580.6834824979305267333984375000000000000000
-5570240.1893062200397253036499023437500000000000
41914681.4484614655375480651855468750000000000000
-28838433.0550758019089698791503906250000000000000
107280579.6027532070875167846679687500000000000000
18242327.6332511939108371734619140625000000000000
-105408537.4772668927907943725585937500000000000000
54402210.2239567860960960388183593750000000000000
-41215914.0800527855753898620605468750000000000000
-60699737.3779609352350234985351562500000000000000
55463436.3128740862011909484863281250000000000000
-18650529.0832526981830596923828125000000000000000
-59569329.3213560879230499267578125000000000000000
62784948.8400143682956695556640625000000000000000
39857716.3707879036664962768554687500000000000000
-120556210.5726703554391860961914062500000000000000
-12193617.6980210728943347930908203125000000000000
79396760.8704988211393356323242187500000000000000
67202280.1535127758979797363281250000000000000000
7985881.2917217677459120750427246093750000000000
44637886.6337533965706825256347656250000000000000
-26081031.9087162204086780548095703125000000000000
24725220.6890523582696914672851562500000000000000
1395626.8963357738684862852096557617187500000000
-8062945.7606613375246524810791015625000000000000
28037816.8042634539306163787841796875000000000000
42299073.6306720897555351257324218750000000000000
-60946075.8166089951992034912109375000000000000000
30491966.2683070637285709381103515625000000000000
-37121265.0025411695241928100585937500000000000000
-28017334.0763622112572193145751953125000000000000
-21559662.1469010785222053527832031250000000000000
-56357589.3635086864233016967773437500000000000000
-8438790.2445179112255573272705078125000000000000
-49319521.8023189157247543334960937500000000000000
-31754978.8298180140554904937744140625000000000000
36835289.8264575526118278503417968750000000000000
-4640180.1558161834254860877990722656250000000000
-41464368.6630118936300277709960937500000000000000
-27867002.8447815887629985809326171875000000000000
5271817.1567888148128986358642578125000000000000
-25854063.1364992409944534301757812500000000000000
20975516.4087343104183673858642578125000000000000
64523233.7421840429306030273437500000000000000000
-11219524.5935720335692167282104492187500000000000
75929434.1338078677654266357421875000000000000000
82975438.0879103690385818481445312500000000000000
-11873326.8380800951272249221801757812500000000000
24378386.0766406580805778503417968750000000000000
42915500.1624978855252265930175781250000000000000
14934570.4547283295542001724243164062500000000000
24652927.7092036940157413482666015625000000000000
68261742.9141958504915237426757812500000000000000
-65723587.3156869783997535705566406250000000000000
-14749804.2550020869821310043334960937500000000000
-17657492.6271194256842136383056640625000000000000
-61571645.3237950056791305541992187500000000000000
22580303.9763969667255878448486328125000000000000
12702266.2243578284978866577148437500000000000000
-24941205.9268051497638225555419921875000000000000
-19496114.2192732430994510650634765625000000000000
33560205.3784691616892814636230468750000000000000
34495328.0615714341402053833007812500000000000000
-58107218.8125517666339874267578125000000000000000
-44186473.8056614249944686889648437500000000000000
-45594130.5121151208877563476562500000000000000000
26099978.1835658028721809387207031250000000000000
13291226.2071330193430185317993164062500000000000
10134986.6167045980691909790039062500000000000000
-17755222.6097432821989059448242187500000000000000
-97036022.8251729011535644531250000000000000000000
-12240397.5371746700257062911987304687500000000000
5027910.4156174017116427421569824218750000000000
-4991100.9164912821725010871887207031250000000000
12229359.2118335310369729995727539062500000000000
25807476.9342886172235012054443359375000000000000
6124839.6727933892980217933654785156250000000000
-11976716.9211523551493883132934570312500000000000
45353065.8374732881784439086914062500000000000000
-72410852.6042188555002212524414062500000000000000
26677381.4775209762156009674072265625000000000000
37190394.9810538142919540405273437500000000000000
-97321551.9185508042573928833007812500000000000000
73376337.9468865841627120971679687500000000000000
-5297417.1604969631880521774291992187500000000000
-38665100.8837642148137092590332031250000000000000
81331404.8996262699365615844726562500000000000000
-2563029.8688697693869471549987792968750000000000
36965763.7673414051532745361328125000000000000000
38344190.6920440196990966796875000000000000000000
20717088.3487829528748989105224609375000000000000
18361603.3761705569922924041748046875000000000000
-7592161.7963124783709645271301269531250000000000
10864172.1166619379073381423950195312500000000000
-7476989.6693406188860535621643066406250000000000
52295276.2314342036843299865722656250000000000000
16177041.6488373130559921264648437500000000000000
-8768129.7800538763403892517089843750000000000000
2171405.1756179248914122581481933593750000000000
40529487.5122628062963485717773437500000000000000
-90620517.3747059553861618041992187500000000000000
24682053.9775040447711944580078125000000000000000
10830954.5430354177951812744140625000000000000000
-70307502.1312693804502487182617187500000000000000
-25714243.4682058580219745635986328125000000000000
-49243809.2030367478728294372558593750000000000000
-34017591.5339700728654861450195312500000000000000
19376781.7669778615236282348632812500000000000000
-45064766.3667643442749977111816406250000000000000
-20286546.3091767691075801849365234375000000000000
-20725531.5414089448750019073486328125000000000000
8261163.3600690551102161407470703125000000000000
8616611.7659671362489461898803710937500000000000
4206271.8449763609096407890319824218750000000000
-28387292.8961431011557579040527343750000000000000
83364251.0553691536188125610351562500000000000000
53110753.2018487751483917236328125000000000000000
8703336.7856064755469560623168945312500000000000
52646194.4153433144092559814453125000000000000000
-21912121.7086510956287384033203125000000000000000
-83296329.1062720119953155517578125000000000000000
35830244.1799245849251747131347656250000000000000
13664916.8973763640969991683959960937500000000000
-37276449.7737416028976440429687500000000000000000
14747973.3871294315904378890991210937500000000000
-16072263.2340875994414091110229492187500000000000
-41853098.1822471693158149719238281250000000000000
-13987097.9600681904703378677368164062500000000000
4959158.1187353665009140968322753906250000000000
-59823341.7725371792912483215332031250000000000000
47346793.0454179644584655761718750000000000000000
31717729.4045027643442153930664062500000000000000
6052642.4132283581420779228210449218750000000000
-8523085.2421746291220188140869140625000000000000
39804247.5103964284062385559082031250000000000000
39760331.1384338364005088806152343750000000000000
-25901410.3777455762028694152832031250000000000000
16885571.2902607806026935577392578125000000000000
24019190.4352680444717407226562500000000000000000
-28533299.9413059465587139129638671875000000000000
-22268336.7398841306567192077636718750000000000000
5703817.2457329481840133666992187500000000000000
24212260.9658540003001689910888671875000000000000
33065951.3314646817743778228759765625000000000000
-13738651.2066630478948354721069335937500000000000
29393901.8523003719747066497802734375000000000000
21963492.2432613670825958251953125000000000000000
17420597.4082187563180923461914062500000000000000
-11620603.6488197669386863708496093750000000000000
-3683422.8091331701725721359252929687500000000000
-39557010.7506454661488533020019531250000000000000
61367050.9153752028942108154296875000000000000000
-55866044.4351143762469291687011718750000000000000
73854158.7340728342533111572265625000000000000000
526895.2065916435094550251960754394531250000000
-64697850.4639587253332138061523437500000000000000
-36207148.9704320952296257019042968750000000000000
52174350.8920573219656944274902343750000000000000
-82566344.3736303001642227172851562500000000000000
-48171911.5299631133675575256347656250000000000000
17868204.0730167217552661895751953125000000000000
-43470781.5690520852804183959960937500000000000000
42415101.0542765334248542785644531250000000000000
50993066.5417831987142562866210937500000000000000
36268941.3577999547123908996582031250000000000000
-21236923.3149096705019474029541015625000000000000
-48453594.7633760124444961547851562500000000000000
8176677.5251537188887596130371093750000000000000
43654191.9520294293761253356933593750000000000000
20981620.7834906615316867828369140625000000000000
-48301645.3973557725548744201660156250000000000000
13040874.6081294380128383636474609375000000000000
-39571369.6743589192628860473632812500000000000000
-5002755.7462884439155459403991699218750000000000
-20340499.3811681419610977172851562500000000000000
-18888012.8764145374298095703125000000000000000000
43042849.4507822468876838684082031250000000000000
-5283750.3854554006829857826232910156250000000000
5206771.8557648528367280960083007812500000000000
-25388912.7627379372715950012207031250000000000000
17390069.3904567286372184753417968750000000000000
43579559.5390499904751777648925781250000000000000
-1937799.1282733874395489692687988281250000000000
-19714641.6372476816177368164062500000000000000000
-24149742.2726039402186870574951171875000000000000
46294084.2736680060625076293945312500000000000000
-50940496.4671973288059234619140625000000000000000
86507280.5759836137294769287109375000000000000000
-13517351.3746479395776987075805664062500000000000
16383970.1221472341567277908325195312500000000000
-31376168.5626459531486034393310546875000000000000
-18069308.2311053946614265441894531250000000000000
8568048.2074258495122194290161132812500000000000
-19764886.3820749074220657348632812500000000000000
5780249.1191725488752126693725585937500000000000
13881342.3208646513521671295166015625000000000000
16954797.8875668533146381378173828125000000000000
-115031823.1891303658485412597656250000000000000000
98296192.0223695039749145507812500000000000000000
-88796082.6537152379751205444335937500000000000000
-29840949.3490181230008602142333984375000000000000
652488.2514558732509613037109375000000000000000
-62934061.0188698172569274902343750000000000000000
13836558.0294650942087173461914062500000000000000
-24514450.0567791387438774108886718750000000000000
-8870703.7997528277337551116943359375000000000000
-14525827.0869305543601512908935546875000000000000
13257366.5599538497626781463623046875000000000000
46401558.7352522239089012145996093750000000000000
29424407.7964490652084350585937500000000000000000
31971784.9237561710178852081298828125000000000000
-38077541.9321914836764335632324218750000000000000
66521920.9186712875962257385253906250000000000000
25674831.5268336609005928039550781250000000000000
94956975.0930917412042617797851562500000000000000
3481460.1507134255953133106231689453125000000000
-49273388.9678375348448753356933593750000000000000
24085809.4849858395755290985107421875000000000000
-60187801.8649928867816925048828125000000000000000
34418533.1718228384852409362792968750000000000000
24002911.0697039514780044555664062500000000000000
60389781.2083168849349021911621093750000000000000
-37861109.2840178534388542175292968750000000000000
-33605443.4701031893491744995117187500000000000000
-10725456.1701844036579132080078125000000000000000
-17709544.2357027344405651092529296875000000000000
51830745.3273657783865928649902343750000000000000
93250858.3443139940500259399414062500000000000000
-47999500.2893120422959327697753906250000000000000
3341271.4244935428723692893981933593750000000000
53694962.9339979961514472961425781250000000000000
28573711.5918778441846370697021484375000000000000
-73777278.8100174665451049804687500000000000000000
8800966.5049170404672622680664062500000000000000
35150821.9296358823776245117187500000000000000000
19430326.9519171305000782012939453125000000000000
-83048474.6726006716489791870117187500000000000000
51194147.7475919350981712341308593750000000000000
-39122515.4562577307224273681640625000000000000000
-16093166.4913678467273712158203125000000000000000
-138135111.0319451689720153808593750000000000000000
38380812.3253397569060325622558593750000000000000
42502758.7121348232030868530273437500000000000000
-2283936.1311016893014311790466308593750000000000
39503584.1338041946291923522949218750000000000000
-51772141.9724522009491920471191406250000000000000
22833017.0484934039413928985595703125000000000000
-71002183.1520219743251800537109375000000000000000
-8335127.7234826097264885902404785156250000000000
-14346123.0904740747064352035522460937500000000000
58586854.0566426515579223632812500000000000000000
41840107.7899429872632026672363281250000000000000
-40741170.3789285421371459960937500000000000000000
-51703208.1160308718681335449218750000000000000000
37814115.2159861177206039428710937500000000000000
69019934.7501132041215896606445312500000000000000
-38074100.5119981840252876281738281250000000000000
-71194311.5245029330253601074218750000000000000000
-53518427.5002048388123512268066406250000000000000
18887250.2850212156772613525390625000000000000000
-22169662.5447797179222106933593750000000000000000
14872737.8875374365597963333129882812500000000000
56242846.3049483522772789001464843750000000000000
18670974.9174319989979267120361328125000000000000
21662230.9764000773429870605468750000000000000000
21063670.3355727195739746093750000000000000000000
51757629.9790358990430831909179687500000000000000
-22365560.4963192790746688842773437500000000000000
-86007916.3139093220233917236328125000000000000000
-45047886.6448085233569145202636718750000000000000
23944117.7690552733838558197021484375000000000000
18226120.6254839524626731872558593750000000000000
57269882.6693267226219177246093750000000000000000
3175568.3262114864774048328399658203125000000000
-50543385.0485057383775711059570312500000000000000
30403914.6037471555173397064208984375000000000000
11772611.6721093021333217620849609375000000000000
-41114533.3657577186822891235351562500000000000000
-40538604.2402667105197906494140625000000000000000
5484027.1855772854760289192199707031250000000000
-27715210.0767509676516056060791015625000000000000
6301657.1460358677431941032409667968750000000000
15253558.3178627789020538330078125000000000000000
5693425.1072650421410799026489257812500000000000
-32066315.9837196692824363708496093750000000000000
35210835.9778558090329170227050781250000000000000
-38457793.7117309570312500000000000000000000000000
33587714.5752010494470596313476562500000000000000
-29727758.1657499372959136962890625000000000000000
36129863.0672983378171920776367187500000000000000
26676054.7674714997410774230957031250000000000000
-44956622.1665870398283004760742187500000000000000
-3742759.0252816239371895790100097656250000000000
50885005.9333207011222839355468750000000000000000
-45293386.5607199594378471374511718750000000000000
35095801.4626334607601165771484375000000000000000
-21460067.8004748895764350891113281250000000000000
32961485.0391725972294807434082031250000000000000
8688128.3545117136090993881225585937500000000000
17795108.0351084321737289428710937500000000000000
-37536575.3074189722537994384765625000000000000000
54948681.7062846124172210693359375000000000000000
26848868.6768127493560314178466796875000000000000
-25249111.7868377938866615295410156250000000000000
38358948.7748199552297592163085937500000000000000
-27228416.1173374019563198089599609375000000000000
45487450.6439107060432434082031250000000000000000
-16327692.2307471167296171188354492187500000000000
16342880.3665518239140510559082031250000000000000
-25267412.0470077916979789733886718750000000000000
31893576.3871890902519226074218750000000000000000
12867785.7043152116239070892333984375000000000000
-45450430.2397066056728363037109375000000000000000
27740659.2965171821415424346923828125000000000000
9472597.0434848666191101074218750000000000000000
-19863972.6088827289640903472900390625000000000000
8653491.7834297679364681243896484375000000000000
-27400432.9698552489280700683593750000000000000000
-8994554.1548473220318555831909179687500000000000
-37469894.1957578063011169433593750000000000000000
42569121.0493172183632850646972656250000000000000
-45307553.0144258812069892883300781250000000000000
55793080.1267868131399154663085937500000000000000
-23326836.7010117359459400177001953125000000000000
-68697225.9043161273002624511718750000000000000000
-27104521.4844073504209518432617187500000000000000
-327514.1964070840622298419475555419921875000000
8319775.3384373681619763374328613281250000000000
-46445927.2172627449035644531250000000000000000000
12472568.7505393587052822113037109375000000000000
11711084.6900847200304269790649414062500000000000
-12496317.1115101389586925506591796875000000000000
-20246753.0791245289146900177001953125000000000000
15393590.7749441582709550857543945312500000000000
11115590.5978952683508396148681640625000000000000
1573900.7609717741142958402633666992187500000000
9353825.5639069192111492156982421875000000000000
-18210875.3296255432069301605224609375000000000000
20659157.5559238307178020477294921875000000000000
66550962.6069941893219947814941406250000000000000
31921700.4919123128056526184082031250000000000000
-31360260.5273974277079105377197265625000000000000
-35376224.5012100934982299804687500000000000000000
5034315.5816502114757895469665527343750000000000
-861861.7799349996494129300117492675781250000000
-5122787.2157623851671814918518066406250000000000
42514088.3882178664207458496093750000000000000000
-7767161.4530055942013859748840332031250000000000
19633094.9467097371816635131835937500000000000000
30034373.3422559276223182678222656250000000000000
13264977.9178470242768526077270507812500000000000
37966255.0204302743077278137207031250000000000000
-4857884.5437674326822161674499511718750000000000
-29835108.4773015305399894714355468750000000000000
-31493827.4125290848314762115478515625000000000000
52543892.4070182740688323974609375000000000000000
-74411661.4856447577476501464843750000000000000000
20124638.5801139771938323974609375000000000000000
20688401.7319846563041210174560546875000000000000
-57950785.0421668216586112976074218750000000000000
17668102.1170013695955276489257812500000000000000
26882269.4833520688116550445556640625000000000000
34435406.2039463371038436889648437500000000000000
4584976.2263169465586543083190917968750000000000
-40358419.8345688953995704650878906250000000000000
-30536519.9581788778305053710937500000000000000000
-33993641.4333760291337966918945312500000000000000
35628834.7897424250841140747070312500000000000000
-34254898.8043784573674201965332031250000000000000
13904384.4456450697034597396850585937500000000000
-33851292.3227547034621238708496093750000000000000
-27288105.7114710509777069091796875000000000000000
40233797.5520575940608978271484375000000000000000
-73549476.9965256750583648681640625000000000000000
49772598.0396441668272018432617187500000000000000
-8855264.9308541566133499145507812500000000000000
16297947.8705741409212350845336914062500000000000
7985984.2248462978750467300415039062500000000000
-7040754.9125378821045160293579101562500000000000
33107528.6746031604707241058349609375000000000000
25314644.8276193514466285705566406250000000000000
-25654228.6575264334678649902343750000000000000000
24842168.7937156669795513153076171875000000000000
37051812.3319758251309394836425781250000000000000
45385084.9110976383090019226074218750000000000000
11024947.4924275595694780349731445312500000000000
-22297891.3383477777242660522460937500000000000000
-14874108.4052935484796762466430664062500000000000
-18370266.2743199281394481658935546875000000000000
-9571257.9631730969995260238647460937500000000000
18505650.3729686550796031951904296875000000000000
-48040748.8326656967401504516601562500000000000000
1364012.5430417840834707021713256835937500000000
-14980502.9294018615037202835083007812500000000000
7755695.0860615819692611694335937500000000000000
19136648.6159502156078815460205078125000000000000
-41450236.7945466414093971252441406250000000000000
17649038.9617152437567710876464843750000000000000
8706607.4748747367411851882934570312500000000000
16860338.2065796777606010437011718750000000000000
-20378871.3844658136367797851562500000000000000000
56433550.7019767910242080688476562500000000000000
-16083531.1058468855917453765869140625000000000000
-40158574.2690825089812278747558593750000000000000
13811620.7498529329895973205566406250000000000000
12922280.4661654513329267501831054687500000000000
-46424050.3270664811134338378906250000000000000000
-21867956.2359328791499137878417968750000000000000
-4733238.9099801033735275268554687500000000000000
-16840405.2111597917973995208740234375000000000000
-68542574.9808283597230911254882812500000000000000
-8139326.0862439433112740516662597656250000000000
36960929.4874741509556770324707031250000000000000
1704811.9153169950004667043685913085937500000000
-32861890.4272631406784057617187500000000000000000
42275874.6276406198740005493164062500000000000000
-3732619.9853139319457113742828369140625000000000
-46058069.7958417013287544250488281250000000000000
72750762.5203381031751632690429687500000000000000
-4303680.6127172000706195831298828125000000000000
12387163.0196494460105895996093750000000000000000
23608512.1685276590287685394287109375000000000000
23036829.1397437304258346557617187500000000000000
35619629.1305182799696922302246093750000000000000
32951862.2914868183434009552001953125000000000000
61547801.9803897514939308166503906250000000000000
-11740477.0808258801698684692382812500000000000000
-4862998.3238774668425321578979492187500000000000
8569388.0244316458702087402343750000000000000000
24224831.5474804565310478210449218750000000000000
-44748754.1656839698553085327148437500000000000000
-22128041.6743608787655830383300781250000000000000
-25014459.3507490605115890502929687500000000000000
-13927111.9269431345164775848388671875000000000000
-7311504.6204662239179015159606933593750000000000
12563056.5738105829805135726928710937500000000000
-53971794.3599779829382896423339843750000000000000
32905254.7139851599931716918945312500000000000000
48069996.5966003388166427612304687500000000000000
-69469384.6665989905595779418945312500000000000000
3886136.2782120229676365852355957031250000000000
8880696.7862216606736183166503906250000000000000
27136954.1535712666809558868408203125000000000000
-11705166.8202228862792253494262695312500000000000
9020188.0138747263699769973754882812500000000000
-7454543.9048443697392940521240234375000000000000
-73941636.6919170469045639038085937500000000000000
48801972.6182498410344123840332031250000000000000
-85191796.0641334801912307739257812500000000000000
24537460.6114052161574363708496093750000000000000
-5221786.5754778916016221046447753906250000000000
-6538918.4196684602648019790649414062500000000000
-40559151.1513141319155693054199218750000000000000
1257888.7188113261945545673370361328125000000000
48527048.2643351554870605468750000000000000000000
5912762.0221888348460197448730468750000000000000
31803883.9239977113902568817138671875000000000000
1294804.9129368802532553672790527343750000000000
29483662.1062983646988868713378906250000000000000
44876353.8194440454244613647460937500000000000000
10540580.7079879771918058395385742187500000000000
-12492190.1777015458792448043823242187500000000000
13544731.8476560767740011215209960937500000000000
-14410366.0146060101687908172607421875000000000000
-10218148.5260998215526342391967773437500000000000
3461492.1745046139694750308990478515625000000000
-68863416.5766627341508865356445312500000000000000
34902789.0546146035194396972656250000000000000000
-2818125.4181903265416622161865234375000000000000
10282601.6844332125037908554077148437500000000000
-25958637.0423608794808387756347656250000000000000
15527360.2369847297668457031250000000000000000000
20595555.0422470457851886749267578125000000000000
-17301133.4966127388179302215576171875000000000000
-10092160.2235491182655096054077148437500000000000
-23336098.1757169254124164581298828125000000000000
27236718.3345807194709777832031250000000000000000
