3.3157794852847040090182417770847678184509
-517.3977305178860888190683908760547637939453
19117.0899289145054353866726160049438476562500
-287864.0921023630071431398391723632812500000000
2121823.8970655282028019428253173828125000000000
-7648231.2527084732428193092346191406250000000000
6999915.6092856442555785179138183593750000000000
47397275.9718390852212905883789062500000000000000
-199820523.3908978700637817382812500000000000000000
328353847.9278362393379211425781250000000000000000
-177742157.9702742099761962890625000000000000000000
-132302270.9195220172405242919921875000000000000000
35384423.9950871467590332031250000000000000000000
382719138.2382130026817321777343750000000000000000
-284510894.7878850698471069335937500000000000000000
1489650.4921476412564516067504882812500000000000
-595894190.7761255502700805664062500000000000000000
1183238854.1313025951385498046875000000000000000000
-617641346.5133925676345825195312500000000000000000
6985564.0271180151030421257019042968750000000000
-165749703.5017940104007720947265625000000000000000
397251025.7316846251487731933593750000000000000000
-313172562.5414912104606628417968750000000000000000
51076234.3735217005014419555664062500000000000000
210098377.9163208901882171630859375000000000000000
-238688730.1877810657024383544921875000000000000000
-44892128.3837935477495193481445312500000000000000
107862375.9685232192277908325195312500000000000000
65545368.3774873763322830200195312500000000000000
65790533.5237832963466644287109375000000000000000
-67130468.5084958970546722412109375000000000000000
-71273427.4679603576660156250000000000000000000000
-15801329.9788774605840444564819335937500000000000
22957158.1102577373385429382324218750000000000000
24784420.1665428876876831054687500000000000000000
-6129227.1480431705713272094726562500000000000000
-13459120.7866827193647623062133789062500000000000
-45986792.8549491241574287414550781250000000000000
24449080.1521938852965831756591796875000000000000
42785355.3581710830330848693847656250000000000000
76137716.2503169178962707519531250000000000000000
1464454.2750797362532466650009155273437500000000
-82801673.8412583321332931518554687500000000000000
-174255.4544686228327918797731399536132812500000
-85703690.5505200624465942382812500000000000000000
85767071.9935833513736724853515625000000000000000
3501975.6504241726361215114593505859375000000000
-27230349.6793192140758037567138671875000000000000
-7353855.8297856189310550689697265625000000000000
49801813.1078628450632095336914062500000000000000
-64629210.7535100430250167846679687500000000000000
-41026271.1315983533859252929687500000000000000000
12728456.5810786150395870208740234375000000000000
27169487.8906125277280807495117187500000000000000
57671093.5328529998660087585449218750000000000000
67083645.8932637721300125122070312500000000000000
-41239171.4080843701958656311035156250000000000000
16944383.9020023792982101440429687500000000000000
30693561.0071664601564407348632812500000000000000
81963191.7949965596199035644531250000000000000000
-68881762.3472119271755218505859375000000000000000
-119192701.2509828656911849975585937500000000000000
3194253.5314416550099849700927734375000000000000
-41053705.4959818497300148010253906250000000000000
-11037566.0609786249697208404541015625000000000000
-91953079.7910046130418777465820312500000000000000
16691963.7188760153949260711669921875000000000000
89773991.6230360120534896850585937500000000000000
59394538.8354373201727867126464843750000000000000
19210186.8295017592608928680419921875000000000000
57321654.6484401449561119079589843750000000000000
52958787.9174056276679039001464843750000000000000
11364426.7989235967397689819335937500000000000000
-55010663.2641248777508735656738281250000000000000
-2025633.1518745617941021919250488281250000000000
-183332914.4555189609527587890625000000000000000000
7301553.3647288409993052482604980468750000000000
-89069643.6248785406351089477539062500000000000000
90899637.8837707340717315673828125000000000000000
-80034884.1719209998846054077148437500000000000000
38527098.0478767976164817810058593750000000000000
60473336.4615257084369659423828125000000000000000
49583515.7381139472126960754394531250000000000000
7929488.4023442417383193969726562500000000000000
-26117303.2570973262190818786621093750000000000000
37547342.2288527861237525939941406250000000000000
17000049.0626472160220146179199218750000000000000
-24135058.8501732014119625091552734375000000000000
23180466.8163489215075969696044921875000000000000
41175574.3126329407095909118652343750000000000000
-15174778.5918280556797981262207031250000000000000
89238912.6967241913080215454101562500000000000000
113169545.2956370562314987182617187500000000000000
-119041457.2284926027059555053710937500000000000000
39639633.3177439570426940917968750000000000000000
-54747286.3665185868740081787109375000000000000000
-55504108.0609999895095825195312500000000000000000
-36163411.0671557784080505371093750000000000000000
-55157655.6266637220978736877441406250000000000000
64042260.0570596903562545776367187500000000000000
-99966408.0942808240652084350585937500000000000000
-21663197.4549952819943428039550781250000000000000
-6821578.5307687697932124137878417968750000000000
-56792342.0676716715097427368164062500000000000000
95916242.7204490005970001220703125000000000000000
14233700.4095857497304677963256835937500000000000
39668328.6637506783008575439453125000000000000000
-10146296.3632111251354217529296875000000000000000
33002902.6229580119252204895019531250000000000000
-25500316.1872766911983489990234375000000000000000
-90731185.2877679914236068725585937500000000000000
136737178.0522948801517486572265625000000000000000
13980370.2969833295792341232299804687500000000000
-100433702.5054876059293746948242187500000000000000
45377570.9616957232356071472167968750000000000000
-62141639.7600069791078567504882812500000000000000
35992918.8208327516913414001464843750000000000000
7040182.4980835597962141036987304687500000000000
37741481.4208722040057182312011718750000000000000
-11354265.8521921355277299880981445312500000000000
-8535489.5266374181956052780151367187500000000000
-7111978.1533523472025990486145019531250000000000
8559755.3713318072259426116943359375000000000000
5440706.2320480607450008392333984375000000000000
-8249330.5617168303579092025756835937500000000000
-70708268.6785262078046798706054687500000000000000
55046614.1699515879154205322265625000000000000000
-56653969.2677455544471740722656250000000000000000
42090810.2003572061657905578613281250000000000000
11998141.9291342087090015411376953125000000000000
28213453.7568776831030845642089843750000000000000
11209754.4083773009479045867919921875000000000000
57355739.5939385965466499328613281250000000000000
-89226061.9892285019159317016601562500000000000000
-59670911.1700494661927223205566406250000000000000
93528874.8675902187824249267578125000000000000000
-22556976.3618988171219825744628906250000000000000
36240541.6766142994165420532226562500000000000000
1332505.9115743045695126056671142578125000000000
-56383974.6324872821569442749023437500000000000000
5115167.1919095534831285476684570312500000000000
12640602.7079074960201978683471679687500000000000
38735416.4040446206927299499511718750000000000000
1839877.4550283963326364755630493164062500000000
35731823.6375088170170783996582031250000000000000
1954424.7909594613593071699142456054687500000000
13988223.0012400895357131958007812500000000000000
-91161139.7953374683856964111328125000000000000000
-79501492.4387951344251632690429687500000000000000
5990723.4671493675559759140014648437500000000000
11559019.0607460513710975646972656250000000000000
91769130.2762784808874130249023437500000000000000
82877459.9433777928352355957031250000000000000000
-51216442.7526945695281028747558593750000000000000
-30116015.0664981417357921600341796875000000000000
71508223.7487517893314361572265625000000000000000
-36069549.4929488077759742736816406250000000000000
-11587636.6098336782306432723999023437500000000000
-30391979.5050636008381843566894531250000000000000
-57623244.8732784986495971679687500000000000000000
-62320843.6342446580529212951660156250000000000000
-24534157.5350731462240219116210937500000000000000
55065247.0119348466396331787109375000000000000000
51427634.4490027502179145812988281250000000000000
10273480.8739561568945646286010742187500000000000
58994171.7268754318356513977050781250000000000000
86760662.1818984448909759521484375000000000000000
-99529001.4140985459089279174804687500000000000000
-3914339.2313614874146878719329833984375000000000
5743565.3871414596214890480041503906250000000000
-7698264.4537970498204231262207031250000000000000
-10966028.1363316792994737625122070312500000000000
29584187.2000216729938983917236328125000000000000
17995053.4907759614288806915283203125000000000000
5281348.2984339734539389610290527343750000000000
-18151618.7180009894073009490966796875000000000000
-24686484.0209585353732109069824218750000000000000
-6745452.6221545394510030746459960937500000000000
28623806.0453803688287734985351562500000000000000
-6292781.4013965101912617683410644531250000000000
-95075017.5495240092277526855468750000000000000000
4093491.1494178194552659988403320312500000000000
-20203544.5056829079985618591308593750000000000000
-32082210.6299058049917221069335937500000000000000
-7349503.4072365351021289825439453125000000000000
34274332.8849233016371726989746093750000000000000
58574811.1155086755752563476562500000000000000000
-13756451.6612975243479013442993164062500000000000
32013574.7884923368692398071289062500000000000000
17566373.8428261056542396545410156250000000000000
-63221420.4395923092961311340332031250000000000000
63733352.1177812814712524414062500000000000000000
38182724.7878899276256561279296875000000000000000
-142949.6885189070890191942453384399414062500000
-55793673.8809449672698974609375000000000000000000
-42024465.6043141484260559082031250000000000000000
-19258943.9285598322749137878417968750000000000000
-4616220.7766388002783060073852539062500000000000
17688521.9704592786729335784912109375000000000000
51007534.2867233455181121826171875000000000000000
-72601926.0098020583391189575195312500000000000000
-44921961.8014577627182006835937500000000000000000
19768068.9504722990095615386962890625000000000000
22239948.8833798877894878387451171875000000000000
-46941292.7432731389999389648437500000000000000000
-958338.3891318732639774680137634277343750000000
-51307545.2265465334057807922363281250000000000000
3886570.0037641380913555622100830078125000000000
43768425.9459673762321472167968750000000000000000
31371984.0866485647857189178466796875000000000000
46880366.7121251598000526428222656250000000000000
-23832013.5349431671202182769775390625000000000000
30792946.2142046764492988586425781250000000000000
4662168.6769138881936669349670410156250000000000
-4071936.8510739966295659542083740234375000000000
35488929.6313270553946495056152343750000000000000
42634135.4572306349873542785644531250000000000000
3525992.1443486907519400119781494140625000000000
-65243441.3885915204882621765136718750000000000000
35505096.7680147439241409301757812500000000000000
-54734476.3090543895959854125976562500000000000000
2158104.5753373308107256889343261718750000000000
-15328939.4446048345416784286499023437500000000000
-40901612.6168913766741752624511718750000000000000
14601738.6101081185042858123779296875000000000000
-16341283.4798993356525897979736328125000000000000
42185224.8999530822038650512695312500000000000000
20828856.2779325731098651885986328125000000000000
-2275695.6587012363597750663757324218750000000000
34765422.4374116808176040649414062500000000000000
82970665.7259929478168487548828125000000000000000
-13340393.8671060502529144287109375000000000000000
28507580.2589820362627506256103515625000000000000
-31368275.9376163519918918609619140625000000000000
-6996497.5141511727124452590942382812500000000000
-1411238.4727721575181931257247924804687500000000
-12627735.4072832930833101272583007812500000000000
16392686.3049201834946870803833007812500000000000
-28796442.3069026619195938110351562500000000000000
36300408.1472474485635757446289062500000000000000
-28536605.8549759387969970703125000000000000000000
18069277.5691001452505588531494140625000000000000
11442038.3487820606678724288940429687500000000000
39193567.6169898137450218200683593750000000000000
14916026.4216002430766820907592773437500000000000
-85692386.9785800129175186157226562500000000000000
26350527.5088263936340808868408203125000000000000
-10439594.9458543118089437484741210937500000000000
-1198589.7517950157634913921356201171875000000000
-42867790.7234590426087379455566406250000000000000
41841700.6917189881205558776855468750000000000000
8424042.0901201050728559494018554687500000000000
-12608359.4858979806303977966308593750000000000000
-52715957.7387289628386497497558593750000000000000
10622146.7086023613810539245605468750000000000000
40879374.7251262813806533813476562500000000000000
47768174.8944131657481193542480468750000000000000
-15922330.3257889710366725921630859375000000000000
-14881915.8129727356135845184326171875000000000000
29570587.9607061892747879028320312500000000000000
7550347.7241371674463152885437011718750000000000
13608863.8489947319030761718750000000000000000000
-26873463.1775594428181648254394531250000000000000
13988886.7551428694278001785278320312500000000000
-8445050.1567613556981086730957031250000000000000
30960089.6729523167014122009277343750000000000000
20950500.0029972493648529052734375000000000000000
-25306557.3731194697320461273193359375000000000000
12040617.0244637969881296157836914062500000000000
-48765156.9375748485326766967773437500000000000000
41964897.5729995667934417724609375000000000000000
-56655267.3438476249575614929199218750000000000000
-61368756.3033061549067497253417968750000000000000
-18315807.4317938610911369323730468750000000000000
-52542787.9237408414483070373535156250000000000000
30974813.5879392549395561218261718750000000000000
-7325741.9978548604995012283325195312500000000000
-83650960.4861372709274291992187500000000000000000
-21531512.0520362332463264465332031250000000000000
-15011346.8420187737792730331420898437500000000000
-33332022.6019736938178539276123046875000000000000
-7220057.1446229405701160430908203125000000000000
39628663.4568211063742637634277343750000000000000
16814197.8489167913794517517089843750000000000000
-37013754.9974460974335670471191406250000000000000
36975794.2304218932986259460449218750000000000000
-12150460.8663747459650039672851562500000000000000
23827986.0436793528497219085693359375000000000000
14328741.7366108521819114685058593750000000000000
-22826445.8700845688581466674804687500000000000000
54679420.8416802883148193359375000000000000000000
1245981.2731989121530205011367797851562500000000
14924189.7914654538035392761230468750000000000000
-10787604.9522485788911581039428710937500000000000
-5601995.8602836709469556808471679687500000000000
-19514057.6021617949008941650390625000000000000000
10315733.9516251496970653533935546875000000000000
34303385.8374792858958244323730468750000000000000
3893585.3784796586260199546813964843750000000000
4605789.5007451279088854789733886718750000000000
19530973.6994277760386466979980468750000000000000
50990773.3315570279955863952636718750000000000000
-2553122.1289645526558160781860351562500000000000
-5687596.0349969184026122093200683593750000000000
-66805765.7666269540786743164062500000000000000000
16920162.2450594156980514526367187500000000000000
3054831.2422229773364961147308349609375000000000
-16814454.1305057741701602935791015625000000000000
28681637.1672248840332031250000000000000000000000
38308882.9250744059681892395019531250000000000000
6062749.3508033277466893196105957031250000000000
13177344.5502825845032930374145507812500000000000
-30621962.0284107252955436706542968750000000000000
-18189246.2200622223317623138427734375000000000000
-11282021.3271646611392498016357421875000000000000
-21769223.9620218351483345031738281250000000000000
5285558.0647999495267868041992187500000000000000
-3262966.0475374795496463775634765625000000000000
3763511.7733013769611716270446777343750000000000
-8326551.5318793021142482757568359375000000000000
-13751631.8454245701432228088378906250000000000000
33214806.0695081241428852081298828125000000000000
17976220.8453271128237247467041015625000000000000
25620336.9176107123494148254394531250000000000000
-10527828.6033660061657428741455078125000000000000
-22250240.8326740376651287078857421875000000000000
-2876564.1510425051674246788024902343750000000000
9189410.5704867672175168991088867187500000000000
-5905795.7228385871276259422302246093750000000000
-3169362.8382999929599463939666748046875000000000
20403952.4153046272695064544677734375000000000000
-34146027.5444232225418090820312500000000000000000
-7032536.1099424576386809349060058593750000000000
25347528.0348007567226886749267578125000000000000
5555078.8176608495414257049560546875000000000000
10403300.4981265123933553695678710937500000000000
59082391.9915575459599494934082031250000000000000
-4187828.1783314305357635021209716796875000000000
-42166078.8952656164765357971191406250000000000000
35385966.0381457358598709106445312500000000000000
776536.3728739295620471239089965820312500000000
-1307618.2200523503124713897705078125000000000000
-8131169.0657697711139917373657226562500000000000
-4850295.3117000674828886985778808593750000000000
15630691.4818702954798936843872070312500000000000
25257917.2658593952655792236328125000000000000000
10060628.8856393974274396896362304687500000000000
-53686818.8857986554503440856933593750000000000000
8958700.1183577124029397964477539062500000000000
-31836400.7781374976038932800292968750000000000000
-4700196.1691534267738461494445800781250000000000
13471719.4305794555693864822387695312500000000000
2950062.7306595300324261188507080078125000000000
-24367045.4112581424415111541748046875000000000000
-31141724.1066387966275215148925781250000000000000
9431569.4967887718230485916137695312500000000000
12603865.7089416384696960449218750000000000000000
9604402.3493437003344297409057617187500000000000
-1297965.8011182716581970453262329101562500000000
13265353.9989323001354932785034179687500000000000
-23570653.1627726741135120391845703125000000000000
-22309555.1296371147036552429199218750000000000000
20121261.0098951011896133422851562500000000000000
17847385.7174521647393703460693359375000000000000
5980321.5148365525528788566589355468750000000000
-42743522.0444359108805656433105468750000000000000
-28104446.2130241990089416503906250000000000000000
-36727296.1578782945871353149414062500000000000000
9581829.2425205409526824951171875000000000000000
40862793.0894298329949378967285156250000000000000
18900997.3514272533357143402099609375000000000000
-1915737.5079905691090971231460571289062500000000
11199858.3834743890911340713500976562500000000000
9293961.4075879771262407302856445312500000000000
-2046390.4459862073417752981185913085937500000000
6743139.0764925405383110046386718750000000000000
16215526.5303722340613603591918945312500000000000
9506314.5246425010263919830322265625000000000000
20271288.9655802398920059204101562500000000000000
3100961.1075846920721232891082763671875000000000
32105094.8605684190988540649414062500000000000000
-11665565.8279558122158050537109375000000000000000
-52938855.7762242183089256286621093750000000000000
15042597.9435663409531116485595703125000000000000
-1975404.9261591825634241104125976562500000000000
12201129.7208920456469058990478515625000000000000
16187923.8691245596855878829956054687500000000000
-3270341.2146652336232364177703857421875000000000
-13981423.0576101243495941162109375000000000000000
-23189660.9464823678135871887207031250000000000000
-61880357.7161137908697128295898437500000000000000
20937288.8393456302583217620849609375000000000000
-5546986.7355352845042943954467773437500000000000
14710283.1647754944860935211181640625000000000000
35229412.4013191685080528259277343750000000000000
20832330.4580329656600952148437500000000000000000
-10031326.8460611160844564437866210937500000000000
19860751.1156173013150691986083984375000000000000
25301689.8239653334021568298339843750000000000000
-11059088.3921338543295860290527343750000000000000
31500734.7922069430351257324218750000000000000000
-9523628.6804642304778099060058593750000000000000
-9635446.3713112398982048034667968750000000000000
-24051305.1578844040632247924804687500000000000000
4839115.7586187329143285751342773437500000000000
-8119457.0696307616308331489562988281250000000000
20917271.7792970985174179077148437500000000000000
-6320814.3094784971326589584350585937500000000000
-10020134.0694723520427942276000976562500000000000
-14012928.3011657632887363433837890625000000000000
-13671001.4327137637883424758911132812500000000000
6764836.8650641692802309989929199218750000000000
-5325842.3435310833156108856201171875000000000000
15129669.0806797407567501068115234375000000000000
-9993189.2630243804305791854858398437500000000000
-16747831.5167317874729633331298828125000000000000
-6282917.3114503370597958564758300781250000000000
17974953.4856808148324489593505859375000000000000
3003045.8347447980195283889770507812500000000000
-36997691.8943366184830665588378906250000000000000
-23801127.8370082229375839233398437500000000000000
-1812220.1707092733122408390045166015625000000000
12527785.1831798441708087921142578125000000000000
-4790844.5924059301614761352539062500000000000000
-555174.3008645571535453200340270996093750000000
37066347.4386218264698982238769531250000000000000
1818383.2112790348473936319351196289062500000000
-11477884.3017299268394708633422851562500000000000
27959569.3855337053537368774414062500000000000000
29610860.6626251675188541412353515625000000000000
-22359061.7822236903011798858642578125000000000000
-17821063.0077399462461471557617187500000000000000
14233718.5096675269305706024169921875000000000000
-8333875.7922593336552381515502929687500000000000
5727924.9007895924150943756103515625000000000000
7404600.3858686005696654319763183593750000000000
6840665.3061390612274408340454101562500000000000
-5699969.4947125054895877838134765625000000000000
-17420469.7862646020948886871337890625000000000000
7636193.8591212546452879905700683593750000000000
-30421449.7267735786736011505126953125000000000000
-31217722.7412151135504245758056640625000000000000
20497689.0943178310990333557128906250000000000000
18349934.4426260516047477722167968750000000000000
35553227.5349876508116722106933593750000000000000
-17216457.0371608957648277282714843750000000000000
-8871164.7192934621125459671020507812500000000000
13358330.3355724848806858062744140625000000000000
-40670565.5312105640769004821777343750000000000000
16298178.3587554171681404113769531250000000000000
-14869366.3969930708408355712890625000000000000000
-8148640.5146713210269808769226074218750000000000
-16879280.5460166782140731811523437500000000000000
42051925.4413283169269561767578125000000000000000
18930474.5908923372626304626464843750000000000000
-9161242.5366638842970132827758789062500000000000
-10365878.8213671278208494186401367187500000000000
-31183673.8983139544725418090820312500000000000000
32335703.2155541554093360900878906250000000000000
10174195.2384071052074432373046875000000000000000
17898526.4123635664582252502441406250000000000000
8896131.2235939018428325653076171875000000000000
-11188813.9509022235870361328125000000000000000000
-20088835.7892606817185878753662109375000000000000
14635487.5278905443847179412841796875000000000000
-5279377.5170309161767363548278808593750000000000
-31944104.0997561812400817871093750000000000000000
1423912.7836382000241428613662719726562500000000
2317859.6099704690277576446533203125000000000000
9640466.2643435522913932800292968750000000000000
4754835.1022193878889083862304687500000000000000
2970115.1986626642756164073944091796875000000000
18298734.9638758786022663116455078125000000000000
-32803053.1776660457253456115722656250000000000000
-19459673.6824898123741149902343750000000000000000
485696.9662318406626582145690917968750000000000
-7572688.9750970741733908653259277343750000000000
-7964863.3800365934148430824279785156250000000000
-10324898.7343265283852815628051757812500000000000
-7545326.4096867917105555534362792968750000000000
5718993.9009183030575513839721679687500000000000
10543547.4480719361454248428344726562500000000000
23078933.0495369322597980499267578125000000000000
5121891.6809801897034049034118652343750000000000
-14668763.2060433961451053619384765625000000000000
-3722038.8356898203492164611816406250000000000000
-6500996.6148576717823743820190429687500000000000
9491392.4856666866689920425415039062500000000000
-10519295.2639697473496198654174804687500000000000
-30815784.3149111494421958923339843750000000000000
-6581173.8748904848471283912658691406250000000000
-107990.3870140190701931715011596679687500000000
30262513.3989285826683044433593750000000000000000
4583507.2752843061462044715881347656250000000000
1249923.3543779468163847923278808593750000000000
36759507.6358374506235122680664062500000000000000
-3102995.5944675398059189319610595703125000000000
-14511873.5574606545269489288330078125000000000000
-20180259.6330756284296512603759765625000000000000
-2500500.9961640755645930767059326171875000000000
-32683627.7695089988410472869873046875000000000000
-28280380.1250467970967292785644531250000000000000
8345116.3068606639280915260314941406250000000000
26526031.4631143100559711456298828125000000000000
-1999686.6793678135145455598831176757812500000000
1332771.6943071421701461076736450195312500000000
5767733.3584431866183876991271972656250000000000
-2258872.8453485006466507911682128906250000000000
18037978.3182813525199890136718750000000000000000
-20615515.9843144342303276062011718750000000000000
-11160062.1563224494457244873046875000000000000000
6844094.6991720246151089668273925781250000000000
-8120481.9041547467932105064392089843750000000000
-6637222.0026892162859439849853515625000000000000
11151242.2922909632325172424316406250000000000000
-9996592.1857093106955289840698242187500000000000
26033305.6349207386374473571777343750000000000000
-1304414.6022627910133451223373413085937500000000
10153181.0277040060609579086303710937500000000000
-17518203.6669679209589958190917968750000000000000
-7323578.3239371320232748985290527343750000000000
-15564183.3431132026016712188720703125000000000000
25170038.8156309574842453002929687500000000000000
3705815.6120259515009820461273193359375000000000
-6338947.4107970818877220153808593750000000000000
25147459.1449677087366580963134765625000000000000
11195217.3973932005465030670166015625000000000000
5961372.7756445491686463356018066406250000000000
15527952.2654481176286935806274414062500000000000
-5348037.6114316051825881004333496093750000000000
-7976934.4928795974701642990112304687500000000000
15263386.8652240913361310958862304687500000000000
-3228795.0677386480383574962615966796875000000000
18481772.4416654296219348907470703125000000000000
20542718.0582403019070625305175781250000000000000
-1774402.6525458348914980888366699218750000000000
5599229.0601270049810409545898437500000000000000
-13394941.1599583551287651062011718750000000000000
9447806.2874213103204965591430664062500000000000
-8076462.2798354169353842735290527343750000000000
-17973884.6041865907609462738037109375000000000000
-13449413.7592850271612405776977539062500000000000
10136004.8191569913178682327270507812500000000000
12000270.0460141263902187347412109375000000000000
17828297.2292076610028743743896484375000000000000
4812191.9220118876546621322631835937500000000000
-1459139.9979812973178923130035400390625000000000
-12018196.9250348992645740509033203125000000000000
19710316.6944357305765151977539062500000000000000
11325783.6431684084236621856689453125000000000000
-14150823.5292351171374320983886718750000000000000
-1906552.6826725522987544536590576171875000000000
991807.7063990484457463026046752929687500000000
10341919.5103121232241392135620117187500000000000
-11888748.9837089944630861282348632812500000000000
-20925022.3669843003153800964355468750000000000000
-6604794.2761470191180706024169921875000000000000
-3740172.6416777465492486953735351562500000000000
-7377515.6052910285070538520812988281250000000000
-7293124.6584495566785335540771484375000000000000
-1103377.9106590100564062595367431640625000000000
7939929.5818026037886738777160644531250000000000
11517315.1379323266446590423583984375000000000000
-10793260.4603335391730070114135742187500000000000
-4420200.2047701254487037658691406250000000000000
-16444625.7725362740457057952880859375000000000000
-18917975.8518734388053417205810546875000000000000
2927431.7113851769827306270599365234375000000000
19220979.5573980510234832763671875000000000000000
-5921710.1106084091588854789733886718750000000000
6613113.4103445429354906082153320312500000000000
-13054587.1676014959812164306640625000000000000000
15042205.5874315369874238967895507812500000000000
-2309788.7621512687765061855316162109375000000000
4118126.7227137391455471515655517578125000000000
-4887991.6081171492114663124084472656250000000000
8639666.4697637893259525299072265625000000000000
10237776.2434648759663105010986328125000000000000
-7301525.2428809702396392822265625000000000000000
11631908.8512053489685058593750000000000000000000
8149128.2214922541752457618713378906250000000000
-6568506.8405599631369113922119140625000000000000
11078955.9922513607889413833618164062500000000000
-6864821.4965303782373666763305664062500000000000
7983592.6181190339848399162292480468750000000000
4824501.1347946943715214729309082031250000000000
17241426.7351718619465827941894531250000000000000
-234395.0514769428409636020660400390625000000000
-6020842.7485663183033466339111328125000000000000
214716.1509132481005508452653884887695312500000
15258529.3451569937169551849365234375000000000000
-340513.9991618202766403555870056152343750000000
1581215.0369201011490076780319213867187500000000
24350035.4999748542904853820800781250000000000000
-6073071.8740069856867194175720214843750000000000
-13773125.0385065209120512008666992187500000000000
15392715.5952339619398117065429687500000000000000
7688485.8103197570890188217163085937500000000000
16453604.0739800166338682174682617187500000000000
-3678172.6838705088011920452117919921875000000000
-5126114.0794349731877446174621582031250000000000
-4722721.9054476907476782798767089843750000000000
-2208885.6547808647155761718750000000000000000000
17814406.4469298496842384338378906250000000000000
-12953312.4735211394727230072021484375000000000000
-1947437.0729382205754518508911132812500000000000
3199421.3240804816596210002899169921875000000000
-4101953.6531594931147992610931396484375000000000
-6589227.4424738297238945960998535156250000000000
12935223.1634012442082166671752929687500000000000
-266105.5039233485003933310508728027343750000000
-12865329.0391020514070987701416015625000000000000
-9927970.3193895705044269561767578125000000000000
-13728389.2882514204829931259155273437500000000000
-1306253.3240651218220591545104980468750000000000
-2687264.4335541632026433944702148437500000000000
-3676018.1565061528235673904418945312500000000000
-5097274.2981408704072237014770507812500000000000
-845940.3553140388103201985359191894531250000000
10201133.0208393987268209457397460937500000000000
-11516449.4371975157409906387329101562500000000000
-10349651.4972007032483816146850585937500000000000
-713486.7481585429050028324127197265625000000000
-8180359.1899687089025974273681640625000000000000
5991467.9371181474998593330383300781250000000000
13987270.7383898831903934478759765625000000000000
9537364.8174564316868782043457031250000000000000
14852215.6913173161447048187255859375000000000000
6016609.3118396773934364318847656250000000000000
5869766.4931044131517410278320312500000000000000
-8772202.2143609710037708282470703125000000000000
-1173137.5561297391541302204132080078125000000000
8400264.8685560319572687149047851562500000000000
7311699.4093587463721632957458496093750000000000
-23889298.6837263666093349456787109375000000000000
1237857.1122980301734060049057006835937500000000
-720471.1434662544634193181991577148437500000000
-20976668.7686459608376026153564453125000000000000
3448473.2766921482980251312255859375000000000000
-5471869.3478421028703451156616210937500000000000
13314147.2801840938627719879150390625000000000000
-7831180.1934462068602442741394042968750000000000
-6598111.5578092737123370170593261718750000000000
260340.8161845332360826432704925537109375000000
2858422.8800658518448472023010253906250000000000
-8660641.6124924551695585250854492187500000000000
-677790.4726628644857555627822875976562500000000
11058296.7940868046134710311889648437500000000000
4238053.6285886783152818679809570312500000000000
-8407867.5643748790025711059570312500000000000000
-9190621.9966459684073925018310546875000000000000
3109989.6758541171438992023468017578125000000000
10745364.6377091389149427413940429687500000000000
-1113317.7791737078223377466201782226562500000000
2990821.8241598089225590229034423828125000000000
-12764233.2244322691112756729125976562500000000000
-11345467.1870529986917972564697265625000000000000
1937046.7899697506800293922424316406250000000000
2910698.2792698629200458526611328125000000000000
-10122721.8128721695393323898315429687500000000000
12826765.9698395766317844390869140625000000000000
-2512293.1814185529947280883789062500000000000000
13220764.3488317877054214477539062500000000000000
-13661584.6338475905358791351318359375000000000000
82494.2559265879099257290363311767578125000000
-4748653.9835362946614623069763183593750000000000
-8482926.9692515674978494644165039062500000000000
-15315260.2882881276309490203857421875000000000000
15693365.8056573122739791870117187500000000000000
3147930.2619500057771801948547363281250000000000
599941.3423164631240069866180419921875000000000
-835779.8344917163485661149024963378906250000000
-16131172.7593550961464643478393554687500000000000
3885814.9717925190925598144531250000000000000000
-2250460.5968773891218006610870361328125000000000
665869.6396241813199594616889953613281250000000
784735.6757562421262264251708984375000000000000
-4166376.1984592047519981861114501953125000000000
-3987398.9456467148847877979278564453125000000000
-9857517.2834464069455862045288085937500000000000
-12153205.5566847659647464752197265625000000000000
-1567194.9355525651481002569198608398437500000000
-3665532.8038110947236418724060058593750000000000
-5113265.8156734034419059753417968750000000000000
5753421.0097833443433046340942382812500000000000
5553002.8359855990856885910034179687500000000000
-1479703.9620802535209804773330688476562500000000
12063708.6961172018200159072875976562500000000000
9465435.9466233793646097183227539062500000000000
-8347865.6832249341532588005065917968750000000000
-10551758.6698802001774311065673828125000000000000
-10939526.0658002365380525588989257812500000000000
12627323.6725272461771965026855468750000000000000
-10524240.3281822055578231811523437500000000000000
7095731.8717676186934113502502441406250000000000
147890.3691851236799266189336776733398437500000
-6139478.1904572648927569389343261718750000000000
-5462476.5872323252260684967041015625000000000000
11711935.8253446072340011596679687500000000000000
923466.1671730382367968559265136718750000000000
-8128746.4886492285877466201782226562500000000000
4309474.6869931053370237350463867187500000000000
-6305326.2306202724575996398925781250000000000000
4186295.2915567881427705287933349609375000000000
6412074.1617762008681893348693847656250000000000
-1411363.0226380228996276855468750000000000000000
3320978.4336071140132844448089599609375000000000
9663173.0112950764596462249755859375000000000000
4459448.2818662291392683982849121093750000000000
4568338.6112671988084912300109863281250000000000
621535.4169697627658024430274963378906250000000
-13830427.4335936810821294784545898437500000000000
-4694294.1914169890806078910827636718750000000000
11146706.2518846280872821807861328125000000000000
-1769844.0976057932712137699127197265625000000000
11123987.9856972675770521163940429687500000000000
-2713484.1308147399686276912689208984375000000000
420365.4622833721223287284374237060546875000000
7882356.5338400490581989288330078125000000000000
-8778436.2492052689194679260253906250000000000000
-272521.8315136426244862377643585205078125000000
-5793258.2127314722165465354919433593750000000000
-15438870.8603499308228492736816406250000000000000
-10992198.5934675782918930053710937500000000000000
6887993.3126162560656666755676269531250000000000
-4224565.1199345653876662254333496093750000000000
-945065.7457901729503646492958068847656250000000
6697741.0752779021859169006347656250000000000000
9877562.0254890359938144683837890625000000000000
8872791.4006118625402450561523437500000000000000
14151.4230922162041679257526993751525878906250
-1019721.4229345679050311446189880371093750000000
-4633275.8270700220018625259399414062500000000000
-5646811.6219717133790254592895507812500000000000
13002868.9108891952782869338989257812500000000000
-4838509.4922307170927524566650390625000000000000
1942075.4763661376200616359710693359375000000000
-4346381.5394019549712538719177246093750000000000
9107796.0301019456237554550170898437500000000000
-1757748.2659516716375946998596191406250000000000
-9504167.9815941620618104934692382812500000000000
6209632.2159903245046734809875488281250000000000
-3200784.5949281435459852218627929687500000000000
-114299.1294889147538924589753150939941406250000
-2698362.1197082432918250560760498046875000000000
696921.2064322412479668855667114257812500000000
-2442841.9676370127126574516296386718750000000000
-5644310.7356008309870958328247070312500000000000
-307417.6678157536662183701992034912109375000000
-4101144.8980856835842132568359375000000000000000
11173969.5902878604829311370849609375000000000000
-8785275.1513166632503271102905273437500000000000
-1306442.1210401777643710374832153320312500000000
9322786.8070210926234722137451171875000000000000
-1654204.1418002429418265819549560546875000000000
5722603.0183975072577595710754394531250000000000
-7535939.7321573821827769279479980468750000000000
835223.7908748973859474062919616699218750000000
14667990.6774903889745473861694335937500000000000
3162165.9573217183351516723632812500000000000000
7545140.3600614266470074653625488281250000000000
-7702108.9970176257193088531494140625000000000000
12505299.2530253492295742034912109375000000000000
4867295.6708414405584335327148437500000000000000
-4806613.2976980013772845268249511718750000000000
3212597.7926156967878341674804687500000000000000
-4475453.1197013221681118011474609375000000000000
7730577.5342593528330326080322265625000000000000
-3568918.2125793755985796451568603515625000000000
-1410926.0960154116619378328323364257812500000000
4232525.7223326331004500389099121093750000000000
4584670.7747591994702816009521484375000000000000
-50887.7316855162207502871751785278320312500000
3320717.4199223709292709827423095703125000000000
331461.3585329082561656832695007324218750000000
-2586125.5088560115545988082885742187500000000000
226459.2629600037471391260623931884765625000000
-2189145.1522970902733504772186279296875000000000
-2194546.9598312992602586746215820312500000000000
923060.6862714629387483000755310058593750000000
-1762281.2105136346071958541870117187500000000000
2866265.9697859580628573894500732421875000000000
2495365.3974058935418725013732910156250000000000
-2182833.4155867206864058971405029296875000000000
-2631104.8450042628683149814605712890625000000000
-3086329.4151034974493086338043212890625000000000
255147.4800276650639716535806655883789062500000
2467698.4422363578341901302337646484375000000000
-686063.1322564135771244764328002929687500000000
-2666711.5235467348247766494750976562500000000000
-2492993.1579756853170692920684814453125000000000
-1262370.3940534773282706737518310546875000000000
213225.4661962881800718605518341064453125000000
14347743.8556258454918861389160156250000000000000
-1550495.1508523127995431423187255859375000000000
5370606.0770949060097336769104003906250000000000
2134178.0654185512103140354156494140625000000000
-383338.3708701198338530957698822021484375000000
743613.5632936385227367281913757324218750000000
6983100.3479807144030928611755371093750000000000
-5118100.4733323594555258750915527343750000000000
1609703.0436335892882198095321655273437500000000
-3024132.1653882460668683052062988281250000000000
-4789596.7382744327187538146972656250000000000000
-3840855.5345535785891115665435791015625000000000
962309.5722311445279046893119812011718750000000
3900497.9949878244660794734954833984375000000000
1070028.2538858088664710521697998046875000000000
-704388.9699233634164556860923767089843750000000
-3805307.9636559225618839263916015625000000000000
417788.1268149706884287297725677490234375000000
-1589580.5377159605268388986587524414062500000000
4412910.2137248283252120018005371093750000000000
-251376.1937442918133456259965896606445312500000
4591051.2062458470463752746582031250000000000000
-1697545.3853099322877824306488037109375000000000
771179.4976576276822015643119812011718750000000
-8733431.3227991703897714614868164062500000000000
-6865455.9911897508427500724792480468750000000000
629004.7752913173753768205642700195312500000000
-1690478.7027231762185692787170410156250000000000
1433979.6654544617049396038055419921875000000000
2964252.0202983762137591838836669921875000000000
7675604.3987640133127570152282714843750000000000
3104290.6812000614590942859649658203125000000000
3375763.8355388343334197998046875000000000000000
767176.0324892032658681273460388183593750000000
-3234682.5429397332482039928436279296875000000000
-1903937.4926071485970169305801391601562500000000
1461641.4126938984263688325881958007812500000000
-2026794.3847931704949587583541870117187500000000
-5918754.1143000135198235511779785156250000000000
838801.1225991779938340187072753906250000000000
3276184.8935658144764602184295654296875000000000
-884117.9721550088142976164817810058593750000000
6631853.2944093262776732444763183593750000000000
1684141.1139241617638617753982543945312500000000
1535929.6762191364541649818420410156250000000000
950960.5418344744248315691947937011718750000000
-624208.7877192611340433359146118164062500000000
-1817700.8606049092486500740051269531250000000000
-3507019.7298728856258094310760498046875000000000
-11158284.3238631971180438995361328125000000000000
3182236.9403325137682259082794189453125000000000
-542691.5205795817309990525245666503906250000000
3837956.9041253505274653434753417968750000000000
2050407.6652121685910969972610473632812500000000
-4750248.9101282488554716110229492187500000000000
-1770.8589943366239367605885490775108337402344
-792299.4420847540022805333137512207031250000000
-1311929.2877287715673446655273437500000000000000
-1503542.3943173405714333057403564453125000000000
-3995434.9677625163458287715911865234375000000000
107615.5196954281273065134882926940917968750000
-641440.5166123573435470461845397949218750000000
566630.4061713633127510547637939453125000000000
104728.7165632207324961200356483459472656250000
3291986.7754074190743267536163330078125000000000
-819096.4189464603550732135772705078125000000000
4504524.3394512049853801727294921875000000000000
4748705.1605364680290222167968750000000000000000
1288642.9950264596845954656600952148437500000000
600642.9719390617683529853820800781250000000000
-9483280.0114692170172929763793945312500000000000
1183307.8205067797098308801651000976562500000000
-8473502.5096575208008289337158203125000000000000
3699819.8077000891789793968200683593750000000000
-1984905.7004316877573728561401367187500000000000
1982817.7980652560945600271224975585937500000000
2294362.7132044481113553047180175781250000000000
5094811.5385496616363525390625000000000000000000
-2114016.6575864157639443874359130859375000000000
1197670.8946571613196283578872680664062500000000
-335955.2272264198400080204010009765625000000000
346826.1016487960005179047584533691406250000000
-172917.9252870768250431865453720092773437500000
2582461.7613516231067478656768798828125000000000
-6090095.1115738432854413986206054687500000000000
-2379249.7418447858653962612152099609375000000000
6750864.9733659401535987854003906250000000000000
279355.2888927509193308651447296142578125000000
-2892464.9017542405053973197937011718750000000000
-2635731.1171839446760714054107666015625000000000
2494027.3197502526454627513885498046875000000000
2632715.9076506691053509712219238281250000000000
-1313037.7225924285594373941421508789062500000000
-2951681.1586721790954470634460449218750000000000
-2114182.3824948538094758987426757812500000000000
3496259.9476024922914803028106689453125000000000
1254992.1192413431126624345779418945312500000000
420693.0633932661148719489574432373046875000000
-3477109.1183657962828874588012695312500000000000
-3909399.3035854087211191654205322265625000000000
-4107786.1712942528538405895233154296875000000000
1868119.0899985807482153177261352539062500000000
-733083.8381059004459530115127563476562500000000
-1277289.2044479518663138151168823242187500000000
-509098.2302418305771425366401672363281250000000
-2486380.3751615621149539947509765625000000000000
-4515741.8631359105929732322692871093750000000000
446690.3390467192512005567550659179687500000000
3547567.8895188798196613788604736328125000000000
2577609.6140955677255988121032714843750000000000
2857676.9938220339827239513397216796875000000000
-2579219.8046346274204552173614501953125000000000
-2923822.6395504074171185493469238281250000000000
-2813168.9474438140168786048889160156250000000000
2334720.4697236777283251285552978515625000000000
482860.0426775367232039570808410644531250000000
-2835608.6526810950599610805511474609375000000000
-1466980.7858980956953018903732299804687500000000
-3006724.6860614861361682415008544921875000000000
1230116.2490750702563673257827758789062500000000
-2111555.2083222214132547378540039062500000000000
-1188404.5506489677354693412780761718750000000000
1631641.1651270096190273761749267578125000000000
-607084.6221668014768511056900024414062500000000
-909856.1576823821524158120155334472656250000000
-1977188.6949360070284456014633178710937500000000
2484934.3843814283609390258789062500000000000000
251785.4120284917880780994892120361328125000000
3107026.0700199129059910774230957031250000000000
3931620.6222905437462031841278076171875000000000
2682406.6294192103669047355651855468750000000000
2737714.3903602249920368194580078125000000000000
-1368238.8938031611032783985137939453125000000000
2336027.9008089178241789340972900390625000000000
-356461.6681395829655230045318603515625000000000
2049735.5586387296207249164581298828125000000000
8603847.8938019834458827972412109375000000000000
-4071080.1058573289774358272552490234375000000000
-2117444.5948847578838467597961425781250000000000
-29502.6332588504519662819802761077880859375000
-298637.5969694749219343066215515136718750000000
-221347.4312737367290537804365158081054687500000
2425291.9274617261253297328948974609375000000000
-325092.4711628169170580804347991943359375000000
-933776.1412624663207679986953735351562500000000
-1408926.8882139073684811592102050781250000000000
-2741043.1649357015267014503479003906250000000000
2714448.5532797276973724365234375000000000000000
3176885.4735177773982286453247070312500000000000
3448969.4243403086438775062561035156250000000000
3887444.0066802785731852054595947265625000000000
-324503.1073918054462410509586334228515625000000
-2204773.5986119857989251613616943359375000000000
-1306644.7486997104715555906295776367187500000000
-223012.1244003931933548301458358764648437500000
1152369.0390283493325114250183105468750000000000
-2429350.4854670781642198562622070312500000000000
2262228.0219739889726042747497558593750000000000
482784.3905895004281774163246154785156250000000
-317644.7926420731237158179283142089843750000000
4634253.8465210711583495140075683593750000000000
1090984.7933142324909567832946777343750000000000
-4599633.9285215158015489578247070312500000000000
3198500.6413564896211028099060058593750000000000
1272094.8234416546765714883804321289062500000000
-1832584.0302128102630376815795898437500000000000
-2515693.3977339677512645721435546875000000000000
1041190.1369101012824103236198425292968750000000
-2694244.4676266550086438655853271484375000000000
3197485.3588160546496510505676269531250000000000
173616.2411089455126784741878509521484375000000
333077.0834455823642201721668243408203125000000
-2598551.1825347603298723697662353515625000000000
2287397.5156960086897015571594238281250000000000
2274931.8036759486421942710876464843750000000000
-562577.8247095948318019509315490722656250000000
-1997877.1639819359406828880310058593750000000000
-951361.2523049621377140283584594726562500000000
-1332801.1497923464048653841018676757812500000000
-1618360.5825310449581593275070190429687500000000
-2035489.2543224978726357221603393554687500000000
-184725.7361305983213242143392562866210937500000
1253844.4256674207281321287155151367187500000000
-3176268.0990603938698768615722656250000000000000
-396404.2073836713097989559173583984375000000000
361185.1900057515013031661510467529296875000000
1958702.2757927251514047384262084960937500000000
-590844.3486861109267920255661010742187500000000
-16380.5536719531828566687181591987609863281250
1682752.7408374587539583444595336914062500000000
671452.6319864285178482532501220703125000000000
685060.0030777393840253353118896484375000000000
301428.4871722979587502777576446533203125000000
5860212.1405419856309890747070312500000000000000
-1851816.7387682467233389616012573242187500000000
359860.6886238473816774785518646240234375000000
540062.0333367936545982956886291503906250000000
-1033379.9550511714769527316093444824218750000000
33326.8951186511694686487317085266113281250000
1723185.7683167066425085067749023437500000000000
4077826.5689611877314746379852294921875000000000
-1075335.6082880890462547540664672851562500000000
-2253965.3396378080360591411590576171875000000000
2172071.7826420441269874572753906250000000000000
-286319.1910849271807819604873657226562500000000
73433.0128044639859581366181373596191406250000
-590631.8241706803673878312110900878906250000000
-1672595.5486023859120905399322509765625000000000
-1392218.4647278729826211929321289062500000000000
94181.2033840901422081515192985534667968750000
-1992043.5766737842932343482971191406250000000000
1501397.9290179212111979722976684570312500000000
-3139398.8465645662508904933929443359375000000000
-2624845.1944347168318927288055419921875000000000
-3351467.0088636400178074836730957031250000000000
-1824386.0088527116458863019943237304687500000000
2849561.5130742620676755905151367187500000000000
2916589.3553517013788223266601562500000000000000
1793105.7113064597360789775848388671875000000000
-1519944.7081556203775107860565185546875000000000
-1967206.5765309291891753673553466796875000000000
-514392.4649391925777308642864227294921875000000
-711376.7317943698726594448089599609375000000000
-235135.3964027127658482640981674194335937500000
1518035.7992370112333446741104125976562500000000
-863993.6760935764759778976440429687500000000000
-3287878.8563456381671130657196044921875000000000
4085092.9666118700988590717315673828125000000000
1021133.4344091619132086634635925292968750000000
-671590.3054367343429476022720336914062500000000
2876164.0996875884011387825012207031250000000000
-996702.9921290979254990816116333007812500000000
-1182430.1559347496367990970611572265625000000000
417536.0899357650196179747581481933593750000000
3151159.4310255288146436214447021484375000000000
-769398.9005355392582714557647705078125000000000
-1315964.8933373622130602598190307617187500000000
-2043146.2665390833280980587005615234375000000000
271154.6488162475870922207832336425781250000000
-1327046.1569499580655246973037719726562500000000
-376971.8495820392854511737823486328125000000000
-1179692.4015021247323602437973022460937500000000
-273201.8738115032319910824298858642578125000000
1570441.9601166264619678258895874023437500000000
773311.1022341187344864010810852050781250000000
389968.4159657360287383198738098144531250000000
2616969.3443296691402792930603027343750000000000
2010624.5384358284063637256622314453125000000000
957743.5534077055053785443305969238281250000000
-685648.2933262707665562629699707031250000000000
-5024197.2361193820834159851074218750000000000000
1450458.5815257260110229253768920898437500000000
803542.6159785988274961709976196289062500000000
-980629.5278871987247839570045471191406250000000
508167.4985535420710220932960510253906250000000
-1923687.7848208628129214048385620117187500000000
-17674.5007487408365705050528049468994140625000
1442976.4729291878174990415573120117187500000000
-550724.2948762220330536365509033203125000000000
706728.9683197828708216547966003417968750000000
1088350.5605954851489514112472534179687500000000
-353336.5646596487495116889476776123046875000000
2693783.7199135199189186096191406250000000000000
1342678.5869448238518089056015014648437500000000
-1342631.6178683736361563205718994140625000000000
-817463.8690081808017566800117492675781250000000
-1263327.3637714337091892957687377929687500000000
254768.7446823191712610423564910888671875000000
-2762025.6191034824587404727935791015625000000000
-2058479.4931129280012100934982299804687500000000
762839.4436952291289344429969787597656250000000
-715498.7514099833788350224494934082031250000000
-731553.7999613092979416251182556152343750000000
1388006.0703984308056533336639404296875000000000
131130.3180728856532368808984756469726562500000
2019019.1556205011438578367233276367187500000000
1317704.0715585891157388687133789062500000000000
2101806.3726395713165402412414550781250000000000
-1391861.8763143359683454036712646484375000000000
-653114.1336741383420303463935852050781250000000
-21966.3752074817821267060935497283935546875000
-1591375.5243383343331515789031982421875000000000
-644093.5917201448464766144752502441406250000000
-77687.1705658758874051272869110107421875000000
-897312.1619498886866495013236999511718750000000
1059327.4292832061182707548141479492187500000000
-896253.5305465415585786104202270507812500000000
336036.9494751727906987071037292480468750000000
-467978.7727996148169040679931640625000000000000
1410129.3377254835795611143112182617187500000000
-436836.0757996002794243395328521728515625000000
-2301486.1123928753659129142761230468750000000000
524878.9026465320494025945663452148437500000000
-1485736.3659721151925623416900634765625000000000
-96419.2423453445226186886429786682128906250000
-3598319.1972446558065712451934814453125000000000
1839104.8436511708423495292663574218750000000000
-1707876.7219966687262058258056640625000000000000
1772669.1499383978080004453659057617187500000000
-1119954.6300927489064633846282958984375000000000
1798017.8764462124090641736984252929687500000000
2045894.0915824177209287881851196289062500000000
-471982.6973507173825055360794067382812500000000
-2006908.8506550001911818981170654296875000000000
-938131.0442948599811643362045288085937500000000
62006.8619962214143015444278717041015625000000
248192.0526988578494638204574584960937500000000
-624912.1003117453074082732200622558593750000000
-877366.2088325631339102983474731445312500000000
768763.6869443005416542291641235351562500000000
-1393976.9833045138511806726455688476562500000000
1991619.6738631553016602993011474609375000000000
-1513252.7865198387298732995986938476562500000000
3730073.7931381543166935443878173828125000000000
965516.9155834286939352750778198242187500000000
-2588934.5115603352896869182586669921875000000000
-1791148.9821587195619940757751464843750000000000
-2315792.1211597057990729808807373046875000000000
-1536898.1880830919835716485977172851562500000000
-837659.5885653980076313018798828125000000000000
45523.7494410296858404763042926788330078125000
-102107.9714681544428458437323570251464843750000
441229.8234536579693667590618133544921875000000
-36935.1431549488843302242457866668701171875000
-89010.7650303156115114688873291015625000000000
-2474309.5520657757297158241271972656250000000000
205078.4581978899368550628423690795898437500000
-4141595.1054726457223296165466308593750000000000
77698.3761756607855204492807388305664062500000
-1007715.0324256661115214228630065917968750000000
-306399.5315579891321249306201934814453125000000
332109.5885310940211638808250427246093750000000
-273321.6242384882061742246150970458984375000000
97652.0467058779322542250156402587890625000000
471585.8558521838858723640441894531250000000000
-923405.0518193478928878903388977050781250000000
1322.9812476393312863365281373262405395507812
-850753.0767338868463411927223205566406250000000
1182432.6243611075915396213531494140625000000000
-210339.7900609982607420533895492553710937500000
-136629.9584200268145650625228881835937500000000
-491428.5456308376742526888847351074218750000000
903118.2849302851827815175056457519531250000000
915546.8503360856557264924049377441406250000000
-1200644.2239190358668565750122070312500000000000
754274.6754758385941386222839355468750000000000
3393756.9149104608222842216491699218750000000000
-90453.3286344169609947130084037780761718750000
1095315.1151483564171940088272094726562500000000
708741.2652407934656366705894470214843750000000
-2617910.7435732986778020858764648437500000000000
-1060613.0126042361371219158172607421875000000000
-1443614.4632404395379126071929931640625000000000
-571732.9984274486778303980827331542968750000000
-802642.9748292696895077824592590332031250000000
217468.9846035742084495723247528076171875000000
-1029200.7641058452427387237548828125000000000000
138086.5480561614967882633209228515625000000000
2008376.7545840772800147533416748046875000000000
1622105.0775553374551236629486083984375000000000
179537.1491046715527772903442382812500000000000
1266445.2360155947972089052200317382812500000000
1631167.9851929764263331890106201171875000000000
-902665.3826746316626667976379394531250000000000
1118940.5128506296314299106597900390625000000000
1092667.0082411663606762886047363281250000000000
1115264.5965058521833270788192749023437500000000
-2254016.5148163749836385250091552734375000000000
671375.3482158052502200007438659667968750000000
279004.5928438901901245117187500000000000000000
-858256.3451770721003413200378417968750000000000
1098452.3525746972300112247467041015625000000000
-1796194.2091005207039415836334228515625000000000
-162486.1597477139439433813095092773437500000000
311940.8730438557104207575321197509765625000000
-2044752.4592243812512606382369995117187500000000
852602.0043084993958473205566406250000000000000
-494072.9639332537772133946418762207031250000000
-259909.5966376136057078838348388671875000000000
720120.9775734848808497190475463867187500000000
1835353.0381394091527909040451049804687500000000
-525140.6405014748452231287956237792968750000000
-675464.6516076310072094202041625976562500000000
-389565.8066606044885702431201934814453125000000
436860.2499306156532838940620422363281250000000
1337593.9624807666987180709838867187500000000000
387435.8866272382438182830810546875000000000000
-678260.0901184513932093977928161621093750000000
276686.5465094589162617921829223632812500000000
396835.4344577963929623365402221679687500000000
1301152.2891275952570140361785888671875000000000
-291009.5398008966585621237754821777343750000000
1125205.9623641355428844690322875976562500000000
-43706.8223962475749431177973747253417968750000
-299095.7976124956039711833000183105468750000000
-886899.0668540879851207137107849121093750000000
-382444.7856365811312571167945861816406250000000
1471447.1896229614503681659698486328125000000000
872186.7674644048092886805534362792968750000000
783922.1946815279079601168632507324218750000000
1486190.1681383212562650442123413085937500000000
1631965.2348076663911342620849609375000000000000
231444.9016184152860660105943679809570312500000
-429630.6303534090984612703323364257812500000000
70252.2455575466301525011658668518066406250000
1956738.2584512487519532442092895507812500000000
-1511769.7386523615568876266479492187500000000000
491861.0910863678436726331710815429687500000000
193240.4325479369435925036668777465820312500000
-944235.7015571685042232275009155273437500000000
-890392.0067038296256214380264282226562500000000
-390527.4585985356825403869152069091796875000000
1781643.7607739239465445280075073242187500000000
-1204985.7360236740205436944961547851562500000000
917913.1120794647140428423881530761718750000000
-332145.1121714787441305816173553466796875000000
783354.9797349352156743407249450683593750000000
-973171.9313809714512899518013000488281250000000
224195.8927504831226542592048645019531250000000
1017565.0331146215321496129035949707031250000000
-1822577.7335466684307903051376342773437500000000
380453.0769269514130428433418273925781250000000
-1189220.3185491701588034629821777343750000000000
1004944.1183179538929834961891174316406250000000
-1045402.0297188063850626349449157714843750000000
-257542.0144136476446874439716339111328125000000
793757.3479357503820210695266723632812500000000
-743397.0863736370811238884925842285156250000000
377836.0664133293903432786464691162109375000000
190808.0412848850537557154893875122070312500000
185158.3425876384135335683822631835937500000000
643210.4167451027315109968185424804687500000000
2301759.9782747556455433368682861328125000000000
-172969.7425076779909431934356689453125000000000
-903884.2237927378155291080474853515625000000000
739292.2032728475751355290412902832031250000000
431640.3766253447975032031536102294921875000000
830305.9616875249193981289863586425781250000000
1588366.0010614709462970495223999023437500000000
1064158.8526145475916564464569091796875000000000
48851.2601934719932614825665950775146484375000
1842175.8897588183172047138214111328125000000000
-1091198.2749231443740427494049072265625000000000
-280952.9096678099595010280609130859375000000000
1127641.7220266128424555063247680664062500000000
-719762.9979155383771285414695739746093750000000
-643278.7277193537447601556777954101562500000000
-989535.9606127153383567929267883300781250000000
568156.2558614631416276097297668457031250000000
-1607518.5549201273825019598007202148437500000000
180448.7999010632920544594526290893554687500000
-1649635.4195906494278460741043090820312500000000
200626.0286469838174525648355484008789062500000
-606600.3810545544838532805442810058593750000000
1791931.2760260279756039381027221679687500000000
289074.4785883611766621470451354980468750000000
626317.5180616258876398205757141113281250000000
-107648.3876247152657015249133110046386718750000
-296501.7746112918830476701259613037109375000000
721259.8367996184388175606727600097656250000000
482844.0538645329652354121208190917968750000000
-734421.5527156775351613759994506835937500000000
227700.6452614597510546445846557617187500000000
467103.0059638657839968800544738769531250000000
274141.5078985226573422551155090332031250000000
-258078.8121367925195954740047454833984375000000
-124312.3856444861448835581541061401367187500000
1127762.7887221423443406820297241210937500000000
-382091.3044181475997902452945709228515625000000
912733.2048266391502693295478820800781250000000
-1086481.7443951899185776710510253906250000000000
418701.8176697349990718066692352294921875000000
-143884.9424928088847082108259201049804687500000
35933.4908432661322876811027526855468750000000
1750759.7292581240180879831314086914062500000000
-200000.0251844331796746701002120971679687500000
-130978.5506021633773343637585639953613281250000
-359130.8617463377886451780796051025390625000000
-395962.2467000049073249101638793945312500000000
-69656.3089131899614585563540458679199218750000
720992.4788375967182219028472900390625000000000
73828.8437708216515602543950080871582031250000
-278721.1073484054068103432655334472656250000000
-296464.4565332005731761455535888671875000000000
1838070.6733947151806205511093139648437500000000
68628.8048495461989659816026687622070312500000
-1182766.7889700236264616250991821289062500000000
-71929.5348596526891924440860748291015625000000
-104920.0641980888467514887452125549316406250000
595283.8858865720685571432113647460937500000000
300475.4350089576910249888896942138671875000000
-312252.4261451729689724743366241455078125000000
653520.6848053372232243418693542480468750000000
603235.5689791180193424224853515625000000000000
-265399.0014661084860563278198242187500000000000
-667529.5048354030586779117584228515625000000000
-633553.1668401926290243864059448242187500000000
5283.4575405347413834533654153347015380859375
85140.3689886431093327701091766357421875000000
438814.6394097111769951879978179931640625000000
-607439.1938263387419283390045166015625000000000
-326054.9980376983876340091228485107421875000000
-679623.6920353104360401630401611328125000000000
-517198.5239498946466483175754547119140625000000
894309.5338531548622995615005493164062500000000
440515.5036586055648513138294219970703125000000
-683399.4709536379668861627578735351562500000000
-352184.4370017909677699208259582519531250000000
251160.6488670757389627397060394287109375000000
-1212051.0085660309996455907821655273437500000000
177438.1360072773823048919439315795898437500000
-608586.3268129946663975715637207031250000000000
-177443.1659456753113772720098495483398437500000
-889625.2803993754787370562553405761718750000000
-761028.8113699316745623946189880371093750000000
-494280.8844446747680194675922393798828125000000
-937757.3362115581985563039779663085937500000000
505616.5554126600036397576332092285156250000000
-103171.7743106018606340512633323669433593750000
-1217678.5841724162455648183822631835937500000000
-502492.1572582098306156694889068603515625000000
-92809.6320173299027374014258384704589843750000
-271052.4457038459368050098419189453125000000000
352365.7614644547575153410434722900390625000000
10104.0091405487819429254159331321716308593750
419355.1093640397884882986545562744140625000000
1012784.2913007918978109955787658691406250000000
78915.9331708117388188838958740234375000000000
779846.6331062278477475047111511230468750000000
-376015.8559617050923407077789306640625000000000
-1319920.9519088815432041883468627929687500000000
-319101.9937228334601968526840209960937500000000
-877854.9180564305279403924942016601562500000000
15330.5654836527082807151600718498229980468750
136032.8039694284379947930574417114257812500000
406020.8005982429604046046733856201171875000000
670702.5903410249156877398490905761718750000000
989926.6806498902151361107826232910156250000000
-612368.5211477135308086872100830078125000000000
-358259.2203233070904389023780822753906250000000
686499.6932645203778520226478576660156250000000
-1017663.2222420667530968785285949707031250000000
600697.9217902646632865071296691894531250000000
-236584.9647954400279559195041656494140625000000
-160127.1345441855664830654859542846679687500000
-713279.1400311291217803955078125000000000000000
488664.3731362983235158026218414306640625000000
540206.3709102972643449902534484863281250000000
85058.2542667293309932574629783630371093750000
-189320.0656889863021206110715866088867187500000
801522.5786488841986283659934997558593750000000
-286688.0316024413332343101501464843750000000000
-31483.0695705426951462868601083755493164062500
355440.7438686213572509586811065673828125000000
-1075112.2747678542509675025939941406250000000000
-823371.6077938724774867296218872070312500000000
-614498.5128599987365305423736572265625000000000
1310555.2549059898592531681060791015625000000000
1011545.2230035620741546154022216796875000000000
1043381.4816439979476854205131530761718750000000
-337142.4673826819052919745445251464843750000000
154534.2329140556685160845518112182617187500000
766092.5625459548318758606910705566406250000000
-279086.2238361858180724084377288818359375000000
-933150.4455447316868230700492858886718750000000
-52480.6704241588959121145308017730712890625000
-535304.9886360991513356566429138183593750000000
411534.6903082329663448035717010498046875000000
916715.2543231280287727713584899902343750000000
184441.7778291797148995101451873779296875000000
-881139.5879926132038235664367675781250000000000
-739972.9736363715492188930511474609375000000000
-146276.4123957174888346344232559204101562500000
-113611.5349756990763125941157341003417968750000
-111040.1056654722779057919979095458984375000000
1113625.5463348028715699911117553710937500000000
956734.5109123561996966600418090820312500000000
497479.2239058392588049173355102539062500000000
141348.0559802335919812321662902832031250000000
337663.4875010769465006887912750244140625000000
-463331.4824677887954749166965484619140625000000
-154713.6797326482192147523164749145507812500000
683866.0064686137484386563301086425781250000000
343794.2436635493068024516105651855468750000000
71514.4485984930361155420541763305664062500000
-235160.5137995583063457161188125610351562500000
967683.5532582770101726055145263671875000000000
169468.8029032456688582897186279296875000000000
-495312.5494205191498622298240661621093750000000
43714.0725222503751865588128566741943359375000
310130.0115833285963162779808044433593750000000
161396.9641469691123347729444503784179687500000
-1001719.8212391125271096825599670410156250000000
614443.6257517810445278882980346679687500000000
917118.9542821216164156794548034667968750000000
182546.3423283892625477164983749389648437500000
220009.5326284375332761555910110473632812500000
-613878.8508977256715297698974609375000000000000
-1363845.3881455678492784500122070312500000000000
-286685.6932087938184849917888641357421875000000
-59900.6287901503746979869902133941650390625000
106616.7428920412930892780423164367675781250000
263026.3995360708213411271572113037109375000000
-370060.8958174939034506678581237792968750000000
-110287.7885521375428652390837669372558593750000
292486.4890417121350765228271484375000000000000
725057.4098390748258680105209350585937500000000
-59431.0779553210450103506445884704589843750000
-373723.8280942959245294332504272460937500000000
333118.3774716433836147189140319824218750000000
56852.9943217863765312358736991882324218750000
-39572.4152431592156062833964824676513671875000
444081.7993539024610072374343872070312500000000
-83523.1811076364538166671991348266601562500000
88404.5120634775375947356224060058593750000000
-169257.2161640862177591770887374877929687500000
144149.9465242647856939584016799926757812500000
330339.3686498404131270945072174072265625000000
-400216.0078047952265478670597076416015625000000
-248542.3418507528549525886774063110351562500000
-194372.7198528329317923635244369506835937500000
-6639.8238711760168371256440877914428710937500
752502.9528112091356888413429260253906250000000
29504.2594521007486036978662014007568359375000
-196696.8949799050460569560527801513671875000000
-691056.8632723453920334577560424804687500000000
460525.6751814824528992176055908203125000000000
97404.7803003693261416628956794738769531250000
376645.7699328864691779017448425292968750000000
-77169.6916431947756791487336158752441406250000
-488562.2156175945419818162918090820312500000000
16481.0122281322182971052825450897216796875000
-8355.0096760604410519590601325035095214843750
-381209.8740164546761661767959594726562500000000
-306506.9555281258071772754192352294921875000000
282400.6705868406570516526699066162109375000000
289021.3234107386670075356960296630859375000000
-801213.9707988605368882417678833007812500000000
-336212.4522954853018745779991149902343750000000
57879.1645609376500942744314670562744140625000
-298911.1754448895226232707500457763671875000000
262734.8316300816950388252735137939453125000000
458844.0775337344384752213954925537109375000000
587884.4212790247984230518341064453125000000000
-287072.3093726425431668758392333984375000000000
-462969.0732795939547941088676452636718750000000
-52437.9192058486951282247900962829589843750000
-456239.8887130458024330437183380126953125000000
76363.2651060580537887290120124816894531250000
-533464.2647582604549825191497802734375000000000
7781.1295770407778036314994096755981445312500
-715953.3954321698984131217002868652343750000000
60495.6860961705751833505928516387939453125000
-129632.8146632143907481804490089416503906250000
386756.6251245967578142881393432617187500000000
70808.2273178512114100158214569091796875000000
277846.0026153621147386729717254638671875000000
-1216659.6142434445209801197052001953125000000000
-189759.0084248539060354232788085937500000000000
-624125.9608536200830712914466857910156250000000
-148044.0981926901149563491344451904296875000000
-258369.7939830528339371085166931152343750000000
-115999.9381401689461199566721916198730468750000
-160509.0231601968698669224977493286132812500000
105019.8892680137942079454660415649414062500000
-344989.1423112537013366818428039550781250000000
576339.7137067160801962018013000488281250000000
783907.6602843794971704483032226562500000000000
526723.6589036899385973811149597167968750000000
48014.7176900476406444795429706573486328125000
537198.3872804816346615552902221679687500000000
68678.2358084287116071209311485290527343750000
-258889.6501978736196178942918777465820312500000
-41639.4270403310147230513393878936767578125000
-122090.1852879176294663920998573303222656250000
-305133.9886093788663856685161590576171875000000
9841.3476398621369298780336976051330566406250
128437.8349302076676394790410995483398437500000
-217980.2078730662178713828325271606445312500000
-169249.9022264642990194261074066162109375000000
61253.5959659856380312703549861907958984375000
-324329.1353025577263906598091125488281250000000
-416331.3632601880235597491264343261718750000000
-369729.6038847333402372896671295166015625000000
-77651.8896365140099078416824340820312500000000
418195.6219894470996223390102386474609375000000
-88103.4499206054606474936008453369140625000000
127413.9075000822776928544044494628906250000000
-472352.1598109793267212808132171630859375000000
212173.9004712852474767714738845825195312500000
-238846.0929086225514765828847885131835937500000
466345.3997962384601123631000518798828125000000
305811.0449274728889577090740203857421875000000
-227819.7175872809602878987789154052734375000000
473823.9547189840232022106647491455078125000000
-17124.5451443829006166197359561920166015625000
300872.2982095801853574812412261962890625000000
-270565.3926529422751627862453460693359375000000
-513505.4049147685291245579719543457031250000000
-749640.3994673590641468763351440429687500000000
120087.5715749144292203709483146667480468750000
90333.3805718796356813982129096984863281250000
281933.3109844272257760167121887207031250000000
-325396.8875255939201451838016510009765625000000
233437.9288524955627508461475372314453125000000
332983.8685749785508960485458374023437500000000
354228.4882138665416277945041656494140625000000
-418819.3378003817633725702762603759765625000000
-523934.3203935513738542795181274414062500000000
468737.0962021042942069470882415771484375000000
149011.5728481036203447729349136352539062500000
426982.1515299444436095654964447021484375000000
103261.6293189761490793898701667785644531250000
58590.6042418990255100652575492858886718750000
-165955.1022874906193464994430541992187500000000
-119848.4031698168109869584441184997558593750000
-391963.7661194836837239563465118408203125000000
-25445.0494195657047384884208440780639648437500
69890.4391618676163488999009132385253906250000
-71849.9112189786974340677261352539062500000000
-185777.3548878740402869880199432373046875000000
-229307.9989540848473552614450454711914062500000
-125301.9054407300718594342470169067382812500000
308404.5464694692054763436317443847656250000000
-226551.9084689932933542877435684204101562500000
-78836.7068705932615557685494422912597656250000
-660584.4340745521476492285728454589843750000000
380505.4200201844214461743831634521484375000000
248673.0880447824019938707351684570312500000000
-152053.1663695727183949202299118041992187500000
110326.9955532887979643419384956359863281250000
-269425.9748931831563822925090789794921875000000
336824.0801229201024398207664489746093750000000
88968.4211370875273132696747779846191406250000
405619.4565210936707444489002227783203125000000
43064.4552933025624952279031276702880859375000
-65111.5855629346187924966216087341308593750000
236586.2443277041893452405929565429687500000000
276993.2091781192575581371784210205078125000000
495700.9699146241182461380958557128906250000000
77285.9114823341224109753966331481933593750000
-322686.2456216626451350748538970947265625000000
234914.5710982238233555108308792114257812500000
123462.1759085437952307984232902526855468750000
-290634.9580469918437302112579345703125000000000
-56517.7523522421688539907336235046386718750000
237199.5430442826764192432165145874023437500000
117590.9479892162344185635447502136230468750000
-204398.7638445316115394234657287597656250000000
-198089.0313282271672505885362625122070312500000
98241.7936829508107621222734451293945312500000
-279490.0743798166513442993164062500000000000000
-267689.8424708783277310431003570556640625000000
10044.5294574867984920274466276168823242187500
214138.1768067220400553196668624877929687500000
-105552.2895495966658927500247955322265625000000
-490162.7476704132859595119953155517578125000000
143152.8064640162629075348377227783203125000000
520117.0042818957008421421051025390625000000000
-170238.9693300468788947910070419311523437500000
-24013.4024389614278334192931652069091796875000
-81172.9293980727816233411431312561035156250000
372743.6199952436145395040512084960937500000000
-362847.1970022599562071263790130615234375000000
-623855.1623338996432721614837646484375000000000
-114647.2947183554788352921605110168457031250000
154061.8460291525116190314292907714843750000000
-84035.8648570787190692499279975891113281250000
25666.7783047873708710540086030960083007812500
117177.1596799692197237163782119750976562500000
-268714.4935670731356367468833923339843750000000
-403738.1445950094494037330150604248046875000000
-156218.9410824631922878324985504150390625000000
-108412.2547663948207627981901168823242187500000
61613.9346519808968878351151943206787109375000
-19670.4946894390777742955833673477172851562500
-73340.6808187920833006501197814941406250000000
41351.6334491299130604602396488189697265625000
-76437.4924628572189249098300933837890625000000
310454.0438439255813136696815490722656250000000
-403660.0048356754705309867858886718750000000000
216581.8986768543545622378587722778320312500000
-171102.2574208228033967316150665283203125000000
-249824.4260792157729156315326690673828125000000
-97464.7606334437150508165359497070312500000000
-73549.7600374196626944467425346374511718750000
-167426.3895750076917465776205062866210937500000
575891.4800856246147304773330688476562500000000
19809.8786581104177457746118307113647460937500
-67111.3233343737083487212657928466796875000000
341291.0594462310546077787876129150390625000000
18000.0638978786992083769291639328002929687500
222139.6484415925806388258934020996093750000000
117485.1085908507957356050610542297363281250000
531810.2388961149845272302627563476562500000000
-148354.0198905725264921784400939941406250000000
-63559.6258632530370960012078285217285156250000
165820.7655537347600329667329788208007812500000
-111048.6317912521481048315763473510742187500000
-289811.2713271388784050941467285156250000000000
116798.4375034958065953105688095092773437500000
-79834.7448475938435876742005348205566406250000
-9172.1344617492268298519775271415710449218750
123331.3393184377782745286822319030761718750000
235236.6007146711053792387247085571289062500000
-207128.6442918397369794547557830810546875000000
-363436.9059764396515674889087677001953125000000
-89919.5270796792465262115001678466796875000000
-257378.4352483644906897097826004028320312500000
149249.0107427171897143125534057617187500000000
-9489.1202242423914867686107754707336425781250
-113577.1124225647799903526902198791503906250000
486005.9929915117681957781314849853515625000000
71953.6931554638285888358950614929199218750000
116244.7625591708347201347351074218750000000000
-79542.6509145417367108166217803955078125000000
-187431.6107236534880939871072769165039062500000
117892.6483390601788414642214775085449218750000
-266881.2172922255704179406166076660156250000000
437606.4572275864193215966224670410156250000000
-70091.9719465637754183262586593627929687500000
203034.5711813170055393129587173461914062500000
-51019.8089943951854365877807140350341796875000
-68587.4609618821705225855112075805664062500000
-43132.7838055077154422178864479064941406250000
2.4683514025773840572242079360876232385635
-304827.5453331553144380450248718261718750000000
116242.1957648748793872073292732238769531250000
78524.4641214423318160697817802429199218750000
-73445.9576879255473613739013671875000000000000
146181.7832087939314078539609909057617187500000
391972.3443545103073120117187500000000000000000
-143463.0054176309204194694757461547851562500000
-180749.1398229329206515103578567504882812500000
137035.9344493361131753772497177124023437500000
98203.3279554390028351917862892150878906250000
165817.4898214341956190764904022216796875000000
260644.6935316585295367985963821411132812500000
281746.0445178791997022926807403564453125000000
190745.9098795405006967484951019287109375000000
-119849.0964590272342320531606674194335937500000
121167.8866337293438846245408058166503906250000
-38297.2281291620965930633246898651123046875000
-218979.8765616412856616079807281494140625000000
186241.3172156301734503358602523803710937500000
251555.5059828621160704642534255981445312500000
-252108.2657762829621788114309310913085937500000
-102110.1751354755979264155030250549316406250000
-113657.4700452812539879232645034790039062500000
-390765.3549002227373421192169189453125000000000
-159075.6469118583190720528364181518554687500000
29222.7343742983211996033787727355957031250000
407026.6324123446247540414333343505859375000000
-177595.6919447654800023883581161499023437500000
54947.4390397550887428224086761474609375000000
-9167.4718666530679911375045776367187500000000
-220244.6215069357713218778371810913085937500000
-16442.7394614562108472455292940139770507812500
161264.4460114419925957918167114257812500000000
178906.4221575122210197150707244873046875000000
114474.3629379940539365634322166442871093750000
272224.8186482958844862878322601318359375000000
174257.3003289889602456241846084594726562500000
9673.9853285351127851754426956176757812500000
39215.7370842191812698729336261749267578125000
58870.0142334228658000938594341278076171875000
224436.4453582674905192106962203979492187500000
-295944.9524957310059107840061187744140625000000
31200.6151167007483309134840965270996093750000
205944.8730824594094883650541305541992187500000
-5395.1588462432218875619582831859588623046875
412041.1836328446515835821628570556640625000000
86582.7589659264922374859452247619628906250000
122688.1118294060142943635582923889160156250000
-229900.8043285000603646039962768554687500000000
122394.8527667897433275356888771057128906250000
-209448.4924996630288660526275634765625000000000
121627.4994443027680972591042518615722656250000
-98240.0842717486812034621834754943847656250000
-126183.4203095215489156544208526611328125000000
-211656.0821536523872055113315582275390625000000
-115756.7165780439099762588739395141601562500000
88932.9846636083238990977406501770019531250000
37549.9636425844801124185323715209960937500000
230044.2633737366413697600364685058593750000000
-236560.2197453029220923781394958496093750000000
-16509.0161708647538034711033105850219726562500
256576.9864279511093627661466598510742187500000
110858.1933246200060239061713218688964843750000
-336200.7196051160572096705436706542968750000000
-225540.2992345771635882556438446044921875000000
491464.4425042310031130909919738769531250000000
-140194.4190926108276471495628356933593750000000
-45943.5417589577991748228669166564941406250000
-55886.0064517083592363633215427398681640625000
218240.9339530241850297898054122924804687500000
-50881.8984536540156113915145397186279296875000
77147.2188235781068215146660804748535156250000
-79289.0727479367633350193500518798828125000000
-130882.9739439158729510381817817687988281250000
-84451.6706149096862645819783210754394531250000
-46783.1083775872539263218641281127929687500000
40225.0186145662155468016862869262695312500000
219761.5462939983990509063005447387695312500000
-74403.4930950539419427514076232910156250000000
64249.3572496563356253318488597869873046875000
47931.3290779644812573678791522979736328125000
-140588.5862880575587041676044464111328125000000
13196.7435177567313075996935367584228515625000
19954.0964149991268641315400600433349609375000
-337.9297466971801213730941526591777801513672
-203964.4213771714712493121623992919921875000000
-173266.7776935960282571613788604736328125000000
34195.5595445758517598733305931091308593750000
222028.0464406405517365783452987670898437500000
838.0667132994321946171112358570098876953125
-116215.7083493191021261736750602722167968750000
-230689.0097381235973443835973739624023437500000
-41918.8818605888955062255263328552246093750000
103561.9808509460272034630179405212402343750000
68947.2701128188491566106677055358886718750000
184957.9749069996469188481569290161132812500000
-37304.7070922280108788982033729553222656250000
-13342.0195509338718693470582365989685058593750
-98166.8299652780260657891631126403808593750000
-164405.0779819106392096728086471557617187500000
-74340.2410592156229540705680847167968750000000
328486.5973346212413161993026733398437500000000
54437.5825032142311101779341697692871093750000
-50721.2252979476106702350080013275146484375000
172656.7504256201791577041149139404296875000000
170749.4076309748634230345487594604492187500000
-94981.6979840835556387901306152343750000000000
-61176.2208161343733081594109535217285156250000
-70944.5919744802376953884959220886230468750000
48870.3392721932686981745064258575439453125000
-237716.5460563927190378308296203613281250000000
22455.1439176379317359533160924911499023437500
7196.7303273838142558815889060497283935546875
39611.0304344288815627805888652801513671875000
25396.7910578057344537228345870971679687500000
85461.9806506207969505339860916137695312500000
147513.9242298210447188466787338256835937500000
-242997.6627414198592305183410644531250000000000
-119494.4403345113241812214255332946777343750000
309023.6274114219122566282749176025390625000000
-8647.3818105954978818772360682487487792968750
-44917.4612175176152959465980529785156250000000
-31002.3654886905387684237211942672729492187500
-54710.9235215573498862795531749725341796875000
-2888.7573584714291428099386394023895263671875
-127721.6082409004593500867486000061035156250000
-61220.0599616960171260870993137359619140625000
-69218.1072446583420969545841217041015625000000
23886.5874612376828736159950494766235351562500
236111.7094306762155611068010330200195312500000
-55651.1101556688299751840531826019287109375000
101404.9796620536508271470665931701660156250000
177267.9462949365261010825634002685546875000000
-132253.7880690838210284709930419921875000000000
-28616.8930694141236017458140850067138671875000
165548.5171518138376995921134948730468750000000
-92612.0363397078035632148385047912597656250000
-1884.1170993656467089749639853835105895996094
63729.9508253114763647317886352539062500000000
-41615.8495120837469585239887237548828125000000
-86120.2696032820385880768299102783203125000000
-98687.6680011294229188933968544006347656250000
-24046.6831425478558230679482221603393554687500
-358975.0932070571579970419406890869140625000000
203328.8136054032656829804182052612304687500000
-100039.9340302834316389635205268859863281250000
14745.2672407429981831228360533714294433593750
-27140.6459046840973314829170703887939453125000
68326.7404868483863538131117820739746093750000
-55343.9400315309394500218331813812255859375000
115112.9728072377620264887809753417968750000000
-193417.7395249951514415442943572998046875000000
-140945.2125371112779248505830764770507812500000
-44407.9045374477063887752592563629150390625000
193621.4889386470022145658731460571289062500000
1382.8656723521985441038850694894790649414062
-60765.8920489550146157853305339813232421875000
18401.3325826223153853788971900939941406250000
73169.5136427826219005510210990905761718750000
-71193.9312309629603987559676170349121093750000
34337.6101337732034153304994106292724609375000
86330.2230400022235698997974395751953125000000
-63005.6648154278518632054328918457031250000000
-157874.4133280950482003390789031982421875000000
54882.1385467308282386511564254760742187500000
15047.7141030807779316091910004615783691406250
-52415.9469105027892510406672954559326171875000
132925.4652837665926199406385421752929687500000
163818.7663118267664685845375061035156250000000
3673.4963128783424508583266288042068481445312
-34863.0433399727116920985281467437744140625000
-438.6597958139207662497938144952058792114258
8905.2721167085164779564365744590759277343750
-92726.8278664426325121894478797912597656250000
194642.7587090558372437953948974609375000000000
-138882.5657016518234740942716598510742187500000
-32195.6232073902720003388822078704833984375000
4896.4607283826271668658591806888580322265625
89690.6202029162668623030185699462890625000000
-115638.4166407749580685049295425415039062500000
-3826.0537990880839060992002487182617187500000
-159803.7713471525348722934722900390625000000000
-71406.1369266075635096058249473571777343750000
59437.6158007951962645165622234344482421875000
-397.4727935569309806851379107683897018432617
24748.2027674423516145907342433929443359375000
-40225.1650315580773167312145233154296875000000
-4782.3926711819776755874045193195343017578125
112741.5799724360258551314473152160644531250000
68884.3662483658990822732448577880859375000000
13019.5886519397154188482090830802917480468750
7246.4830723401710201869718730449676513671875
23972.0994452789818751625716686248779296875000
50929.5534087498017470352351665496826171875000
-20732.3184642993765010032802820205688476562500
-184315.5378045022080186754465103149414062500000
83192.4146551925805397331714630126953125000000
33922.5113253223971696570515632629394531250000
-37771.9480365407289355061948299407958984375000
33192.5920606514700921252369880676269531250000
-60757.8111263583414256572723388671875000000000
-103705.7310697634675307199358940124511718750000
64967.3579347984559717588126659393310546875000
89215.7037951561505906283855438232421875000000
-20726.5328049994823231827467679977416992187500
11350.0081286006079608341678977012634277343750
-15278.0718799005117034539580345153808593750000
61300.8818605041815317235887050628662109375000
57551.6031886652126559056341648101806640625000
-28623.5768559320858912542462348937988281250000
-113547.8747301940311444923281669616699218750000
96374.2092628087266348302364349365234375000000
-98408.6056273013819009065628051757812500000000
93677.7233464764285599812865257263183593750000
198600.4172537837293930351734161376953125000000
-9405.4841480737904930720105767250061035156250
64922.8922969235500204376876354217529296875000
23353.6285810859444609377533197402954101562500
-76806.9315924880065722391009330749511718750000
-49887.9834434364238404668867588043212890625000
39414.4391998906939988955855369567871093750000
-68333.0304344260948710143566131591796875000000
-28747.5983081691847473848611116409301757812500
-44983.6438048248965060338377952575683593750000
-69649.3294604315306060016155242919921875000000
171003.4120646174415014684200286865234375000000
-126011.2430764373275451362133026123046875000000
108593.0718537276407005265355110168457031250000
133871.3881543087190948426723480224609375000000
-51314.3619096969778183847665786743164062500000
-9890.7161893075899570249021053314208984375000
30810.7149643286393256857991218566894531250000
-61434.4415132220965460874140262603759765625000
-7261.8941310786658505094237625598907470703125
18658.2694882408541161566972732543945312500000
76292.6957466032181400805711746215820312500000
-23684.1333042862024740315973758697509765625000
-106254.8587110341904917731881141662597656250000
25571.0583646511586266569793224334716796875000
-19652.6698651279657497070729732513427734375000
-33097.6976290571983554400503635406494140625000
66198.8411680696153780445456504821777343750000
67805.3379276175692211836576461791992187500000
83770.6330890300887404009699821472167968750000
30646.1883061847584031056612730026245117187500
112413.8787050968821858987212181091308593750000
17914.2848591568217671010643243789672851562500
-84757.5179632460058201104402542114257812500000
-143913.3483441427524667233228683471679687500000
-30242.7614431877700553741306066513061523437500
13821.6994982124706439208239316940307617187500
52429.7248444371361983940005302429199218750000
-45108.8004932354451739229261875152587890625000
-381.1934252603233517220360226929187774658203
9423.4023893810390291037037968635559082031250
-98735.1502484101220034062862396240234375000000
49224.0912167682108702138066291809082031250000
67367.5238738189800642430782318115234375000000
6391.9283672959727482520975172519683837890625
13249.2116311448844498954713344573974609375000
172945.4203711577574722468852996826171875000000
39718.9081170711287995800375938415527343750000
-77645.3104854689154308289289474487304687500000
116836.8827140556822996586561203002929687500000
-27536.6383781656622886657714843750000000000000
36697.2345345297944732010364532470703125000000
410.5631084901990561775164678692817687988281
-39841.5426113772336975671350955963134765625000
79684.4475804849353153258562088012695312500000
-78978.9146399244345957413315773010253906250000
-19370.7538761762953072320669889450073242187500
-73658.2284890189475845545530319213867187500000
-46875.0389696250713313929736614227294921875000
76839.8983103534264955669641494750976562500000
-14303.3139423853044718271121382713317871093750
45838.3175284485478186979889869689941406250000
-7820.3240601566458281013183295726776123046875
3220.2491180681854530121199786663055419921875
28364.7832900205576152075082063674926757812500
45821.8832288956546108238399028778076171875000
54312.7988771331220050342381000518798828125000
-67064.4623207488766638562083244323730468750000
-72863.6612784586322959512472152709960937500000
-115033.0426377882686210796236991882324218750000
23874.3282640756951877847313880920410156250000
-27097.6919783148441638331860303878784179687500
-111359.3504144539474509656429290771484375000000
-80186.1657535705744521692395210266113281250000
40352.5875388920758268795907497406005859375000
-60258.7810943999575101770460605621337890625000
-169633.4465141854307148605585098266601562500000
-87936.5987281772540882229804992675781250000000
84928.6430938073608558624982833862304687500000
-40845.3354138669892563484609127044677734375000
-35657.6980913484367192722856998443603515625000
-99903.0671068346855463460087776184082031250000
21750.3045284872714546509087085723876953125000
-81613.4373583201231667771935462951660156250000
-151694.9311230575840454548597335815429687500000
-57464.0994430879654828459024429321289062500000
164769.6671927475254051387310028076171875000000
-5867.6366496850150724640116095542907714843750
-53603.7317752013987046666443347930908203125000
18714.5031634717852284666150808334350585937500
55072.6897959403067943640053272247314453125000
41060.0257401596682029776275157928466796875000
68348.8093403178936569020152091979980468750000
108038.1894660481048049405217170715332031250000
-110669.6486631305451737716794013977050781250000
-27882.2881588345408090390264987945556640625000
19239.6153376911424857098609209060668945312500
-70405.9192832782136974856257438659667968750000
-3558.4095314698938636865932494401931762695312
-167171.8427676784049253910779953002929687500000
-42265.6350347238112590275704860687255859375000
-62470.2604459263966418802738189697265625000000
-22476.7858528471224417444318532943725585937500
82061.0691127235040767118334770202636718750000
-78964.8638470982841681689023971557617187500000
29629.6784296973746677394956350326538085937500
10476.2974881122772785602137446403503417968750
5284.9081190142778723384253680706024169921875
32795.6688320198227302171289920806884765625000
-8970.3861449074429401662200689315795898437500
12115.2165979507371957879513502120971679687500
-16265.4918565830594161525368690490722656250000
-45545.1926660625977092422544956207275390625000
120235.4043715228472137823700904846191406250000
-28847.4848060327385610435158014297485351562500
-45829.4604348939028568565845489501953125000000
6829.8074035940135217970237135887145996093750
54849.1335034195435582660138607025146484375000
35739.8116780335476505570113658905029296875000
62162.7713663138783886097371578216552734375000
-4432.8099380341654978110454976558685302734375
45470.0514019336842466145753860473632812500000
16227.0337425184297899249941110610961914062500
-61639.4485546398645965382456779479980468750000
-25153.9643060564703773707151412963867187500000
76230.9485529175872216001152992248535156250000
-16162.5760544627646595472469925880432128906250
78036.1537920265545835718512535095214843750000
28309.9421045835515542421489953994750976562500
8294.7621140280425606761127710342407226562500
-14347.1151257744659233139827847480773925781250
134358.4727100802410859614610671997070312500000
21716.1298075862141558900475502014160156250000
-18969.4407612115828669629991054534912109375000
8105.6918220772631684667430818080902099609375
-7153.6135196787172390031628310680389404296875
-53011.9735394606032059527933597564697265625000
55771.5240968333309865556657314300537109375000
82766.7069550801243167370557785034179687500000
13734.2658710159976180875673890113830566406250
-58660.3730645238101715222001075744628906250000
-15247.0481615774497186066582798957824707031250
25673.3094778626473271287977695465087890625000
-9507.1282245890924968989565968513488769531250
20749.5494363559882913250476121902465820312500
87159.0149563400191254913806915283203125000000
-3224.1738514609537560318130999803543090820312
52310.6501335867724264971911907196044921875000
-38087.9563316094572655856609344482421875000000
83755.9330730388610390946269035339355468750000
-65130.7390591734001645818352699279785156250000
-9931.9705333270994742633774876594543457031250
17034.9199088202694838400930166244506835937500
-3548.4190505281767400447279214859008789062500
15497.6708513133871747413650155067443847656250
44527.2921207316976506263017654418945312500000
-2992.0620251871810069133061915636062622070312
6388.8155224177562558907084167003631591796875
-90410.5612609074159990996122360229492187500000
-24402.8982869951396423857659101486206054687500
-57906.9226328293516417033970355987548828125000
-11577.6148812156552594387903809547424316406250
50853.7999404656075057573616504669189453125000
-3916.9087463076625681424047797918319702148438
-16824.4024555382020480465143918991088867187500
-38819.2549548794268048368394374847412109375000
-12731.4259034461410919902846217155456542968750
11515.6479330026304523926228284835815429687500
