2.4934714173515293289540295518236234784126
-245.3555116983243635786493541672825813293457
5983.3774960894033938529901206493377685546875
-59951.5338697122933808714151382446289062500000
281651.7389007501769810914993286132812500000000
-535898.1460981947602704167366027832031250000000
-317471.7929595529567450284957885742187500000000
2745076.3239408442750573158264160156250000000000
-2667283.1704175085760653018951416015625000000000
-1681400.8757798282895237207412719726562500000000
-78080.9138074493530439212918281555175781250000
9174768.7611059807240962982177734375000000000000
-7592634.9611257482320070266723632812500000000000
-1853753.5351791970897465944290161132812500000000
3431365.4649551948532462120056152343750000000000
-1679331.1453554327599704265594482421875000000000
-1911601.0304340559523552656173706054687500000000
3612105.8965129321441054344177246093750000000000
-449528.4218023589928634464740753173828125000000
339774.4163856118102557957172393798828125000000
765387.4648379191057756543159484863281250000000
859639.1657266444526612758636474609375000000000
-4534978.1483989218249917030334472656250000000000
6403582.3555751116946339607238769531250000000000
-4427183.6048320345580577850341796875000000000000
-4869454.5598859488964080810546875000000000000000
2522539.9190531098283827304840087890625000000000
4579772.1879323627799749374389648437500000000000
-1524254.5487405769526958465576171875000000000000
-3701292.4742470453493297100067138671875000000000
1446926.0915860242675989866256713867187500000000
1110311.8947000917978584766387939453125000000000
-2514211.6600138884969055652618408203125000000000
1509656.5638505232054740190505981445312500000000
-269823.4065902763395570218563079833984375000000
9114257.1145653221756219863891601562500000000000
3568002.6761714885942637920379638671875000000000
-4769232.3944940138608217239379882812500000000000
-116592.7206826324400026351213455200195312500000
-4771663.5151919554919004440307617187500000000000
-1966415.6035738224163651466369628906250000000000
-878402.4924994013272225856781005859375000000000
-2427098.1806617146357893943786621093750000000000
-1267621.8976145784836262464523315429687500000000
-441942.6435625698068179190158843994140625000000
333171.2962356873904354870319366455078125000000
6643639.6945886211469769477844238281250000000000
-7808891.6969619961455464363098144531250000000000
640963.8709386164555326104164123535156250000000
1563603.8254365618340671062469482421875000000000
-746984.6667557620676234364509582519531250000000
217632.0905007782566826790571212768554687500000
4462473.9846508139744400978088378906250000000000
8440126.5833494421094655990600585937500000000000
-1578072.0990564718376845121383666992187500000000
-3530209.2293470688164234161376953125000000000000
-3304334.4271356379613280296325683593750000000000
4379305.5292661273851990699768066406250000000000
4525655.1612170841544866561889648437500000000000
-224449.4632153105339966714382171630859375000000
1873064.9910489616449922323226928710937500000000
-1598354.2416591274086385965347290039062500000000
1607442.4928745580837130546569824218750000000000
-254266.4976826552592683583498001098632812500000
-1472265.3342088954523205757141113281250000000000
-7070536.2222632747143507003784179687500000000000
-5720864.2783052911981940269470214843750000000000
-1333603.5300668515264987945556640625000000000000
-1533660.3712343361694365739822387695312500000000
-2220786.3018101607449352741241455078125000000000
2666019.6494041937403380870819091796875000000000
168674.6094124903611373156309127807617187500000
606177.3335594350937753915786743164062500000000
-1302546.8782801025081425905227661132812500000000
-21215.2260990301438141614198684692382812500000
-516319.5431570742512121796607971191406250000000
45622.2785879902803571894764900207519531250000
-5017028.9907902637496590614318847656250000000000
2827946.8942768038250505924224853515625000000000
-142785.8293253072188235819339752197265625000000
680680.5367215563310310244560241699218750000000
3886418.3983011515811085700988769531250000000000
4786817.2607229296118021011352539062500000000000
622128.4966747788712382316589355468750000000000
3812796.6871240516193211078643798828125000000000
2334584.6378896804526448249816894531250000000000
969136.0089194593019783496856689453125000000000
8572898.4174768310040235519409179687500000000000
-304725.4331559819984249770641326904296875000000
4780928.7800928018987178802490234375000000000000
-2957397.7394851935096085071563720703125000000000
-1126543.7319765663705766201019287109375000000000
-5729642.1526822969317436218261718750000000000000
-3857106.3595411488786339759826660156250000000000
-2751735.6850805804133415222167968750000000000000
2040888.1737409022171050310134887695312500000000
-6076534.7122725406661629676818847656250000000000
-2818280.2438742816448211669921875000000000000000
781976.8090731672709807753562927246093750000000
3805394.4149805544875562191009521484375000000000
-5149253.6083712885156273841857910156250000000000
5009141.2397178150713443756103515625000000000000
1139540.5731558511033654212951660156250000000000
-1343979.7578208467457443475723266601562500000000
-2154941.1870784945785999298095703125000000000000
2438483.7522953706793487071990966796875000000000
-2828118.9291591970250010490417480468750000000000
1144216.7491814063396304845809936523437500000000
-6426214.4098683046177029609680175781250000000000
1321663.3869528453797101974487304687500000000000
1572537.0302068484015762805938720703125000000000
-429033.8846592016052454710006713867187500000000
-4490310.1272694589570164680480957031250000000000
-2382099.6672038296237587928771972656250000000000
52740.3975834324737661518156528472900390625000
304516.7180218103458173573017120361328125000000
3286395.2520795031450688838958740234375000000000
9236237.9497589673846960067749023437500000000000
-3874452.8931651483289897441864013671875000000000
5575282.1964599862694740295410156250000000000000
-2879439.9770546993240714073181152343750000000000
316379.2959111487725749611854553222656250000000
-4510820.3270876696333289146423339843750000000000
-2737416.7600992089137434959411621093750000000000
-1075757.4405485945753753185272216796875000000000
3048705.6714146696031093597412109375000000000000
5207024.7804368473589420318603515625000000000000
-1090859.3865733689162880182266235351562500000000
1406133.9170955098234117031097412109375000000000
5555149.5464496836066246032714843750000000000000
780188.5729104592464864253997802734375000000000
-2205551.2143384502269327640533447265625000000000
1182760.7524938615970313549041748046875000000000
-1757540.5036391639150679111480712890625000000000
-2195759.6884154644794762134552001953125000000000
-6011020.1278159869834780693054199218750000000000
2825372.8331478224135935306549072265625000000000
1233096.5559804069343954324722290039062500000000
1993948.7192930909804999828338623046875000000000
-4016704.6827091560699045658111572265625000000000
4386188.0932959774509072303771972656250000000000
-2826807.7845993852242827415466308593750000000000
-10257.9554528399858099874109029769897460937500
4733408.8726477622985839843750000000000000000000
-2069560.1958137254696339368820190429687500000000
159510.5709763079066760838031768798828125000000
3905911.9306212184019386768341064453125000000000
-5589707.1682769069448113441467285156250000000000
79052.2679534535418497398495674133300781250000
3090506.7062415741384029388427734375000000000000
2259691.1365853492170572280883789062500000000000
-1669071.6349434936419129371643066406250000000000
1022882.6798096039565280079841613769531250000000
-2845305.8401917880401015281677246093750000000000
-4479204.2930536204949021339416503906250000000000
-4034036.2775902170687913894653320312500000000000
4053285.8142836415208876132965087890625000000000
-1285399.5587484647985547780990600585937500000000
-1250795.5178277643863111734390258789062500000000
1413299.6215751261916011571884155273437500000000
-4132668.6792669841088354587554931640625000000000
-1254168.3623697045259177684783935546875000000000
2511397.8383731297217309474945068359375000000000
3897681.4819966214708983898162841796875000000000
-320541.1782028474262915551662445068359375000000
667185.7728555694920942187309265136718750000000
4135358.6501013529486954212188720703125000000000
1037511.6871292208088561892509460449218750000000
413727.6305731151369400322437286376953125000000
-539517.8959733003284782171249389648437500000000
273598.4016397336381487548351287841796875000000
-450744.7441531369695439934730529785156250000000
-699196.9755176216131076216697692871093750000000
912141.3446543136378750205039978027343750000000
2695175.9064066414721310138702392578125000000000
-496333.1164191055577248334884643554687500000000
439954.2810142994858324527740478515625000000000
2511335.9857905381359159946441650390625000000000
-7238762.0556150926277041435241699218750000000000
1307047.9154545154888182878494262695312500000000
-2149797.2971942424774169921875000000000000000000
275949.4347957614809274673461914062500000000000
-3565491.4421623912639915943145751953125000000000
4350379.4123196396976709365844726562500000000000
-2042807.5948141377884894609451293945312500000000
-1769010.2420594266150146722793579101562500000000
-2526823.9630687083117663860321044921875000000000
1043568.2261899854056537151336669921875000000000
551413.7606295830337330698966979980468750000000
6037213.3509178347885608673095703125000000000000
-2310276.7809167620725929737091064453125000000000
46359.3655170094571076333522796630859375000000
-1392511.4787197557743638753890991210937500000000
-141349.7769760483352001756429672241210937500000
49022.6633858976565534248948097229003906250000
-4090257.2174378591589629650115966796875000000000
-286962.5179686244227923452854156494140625000000
1086038.2764235450886189937591552734375000000000
60563.3555082685052184388041496276855468750000
-377962.5939459141227416694164276123046875000000
-1620026.1610198700800538063049316406250000000000
-3082650.6510944827459752559661865234375000000000
-2061919.2786953144241124391555786132812500000000
-1499184.7682444457896053791046142578125000000000
106442.9315990762552246451377868652343750000000
2689631.3104073619470000267028808593750000000000
104653.1756318307598121464252471923828125000000
1528306.9242822728119790554046630859375000000000
4298672.5500379921868443489074707031250000000000
1785905.8770246910862624645233154296875000000000
2077578.1781514915637671947479248046875000000000
-732263.5127809140831232070922851562500000000000
3742942.8736600782722234725952148437500000000000
455276.4871817305102013051509857177734375000000
1832599.3171317616943269968032836914062500000000
-4031217.3245167611166834831237792968750000000000
117621.4913334526791004464030265808105468750000
1150726.3449948458001017570495605468750000000000
-818284.9918833241099491715431213378906250000000
263.2674764174434471897257026284933090209961
-566542.4935154969571158289909362792968750000000
1397007.8394430542830377817153930664062500000000
-678494.8042112734401598572731018066406250000000
-750219.4441671789390966296195983886718750000000
876877.6819737649057060480117797851562500000000
-3402000.2573694824241101741790771484375000000000
3527563.4873644988983869552612304687500000000000
1756022.5706055315677076578140258789062500000000
1537112.4613557874690741300582885742187500000000
3207222.8185165682807564735412597656250000000000
590208.8764884333359077572822570800781250000000
-3988907.8513785153627395629882812500000000000000
-3796100.6317326324060559272766113281250000000000
-181095.3642166074132546782493591308593750000000
-3705711.5918635101988911628723144531250000000000
2551374.9308626577258110046386718750000000000000
595447.0165506370831280946731567382812500000000
-1096468.3422588000539690256118774414062500000000
-628503.6839735115645453333854675292968750000000
2332998.4855129015631973743438720703125000000000
-830522.8033115103607997298240661621093750000000
-3150466.8424062984995543956756591796875000000000
1593011.7624159750994294881820678710937500000000
-333498.3706982953008264303207397460937500000000
2594593.0073228171095252037048339843750000000000
-1154415.9000030120369046926498413085937500000000
2418133.0273647131398320198059082031250000000000
2256719.7687672376632690429687500000000000000000
-224367.3934968890098389238119125366210937500000
-4475539.3645283142104744911193847656250000000000
-468748.4299867363879457116127014160156250000000
-496873.8585333333467133343219757080078125000000
1783234.5494794647675007581710815429687500000000
-517955.0111710001365281641483306884765625000000
2343087.1728818845003843307495117187500000000000
-1182709.9998504584655165672302246093750000000000
-3725953.6589363962411880493164062500000000000000
802713.0540784331969916820526123046875000000000
217301.7142123159719631075859069824218750000000
4682903.0267346277832984924316406250000000000000
2452143.6010800995863974094390869140625000000000
-1100195.8156566028483211994171142578125000000000
-2083939.6759187052957713603973388671875000000000
-232090.3437242424115538597106933593750000000000
-1303599.1322759687900543212890625000000000000000
-656490.4592679347842931747436523437500000000000
-189940.6696965528244618326425552368164062500000
922350.4681797918165102601051330566406250000000
-1200998.9385783281177282333374023437500000000000
863372.2527862740680575370788574218750000000000
-2360819.2308698771521449089050292968750000000000
1740811.9988891137763857841491699218750000000000
-1953144.8921539050061255693435668945312500000000
2714862.5782617167569696903228759765625000000000
1215565.0403332964051514863967895507812500000000
-784466.9921140725491568446159362792968750000000
-774552.3111385386437177658081054687500000000000
-223200.1337737975991331040859222412109375000000
-2292929.3196379714645445346832275390625000000000
1788346.0309537756256759166717529296875000000000
706377.4530154885724186897277832031250000000000
611843.2749720058636739850044250488281250000000
-2076722.4297760708723217248916625976562500000000
1170840.9008607824798673391342163085937500000000
-1540794.7443102116230875253677368164062500000000
-1463451.9376936703920364379882812500000000000000
-1625460.1188011777121573686599731445312500000000
-931382.6050969054922461509704589843750000000000
-1186711.0288392514921724796295166015625000000000
-1965167.1384515778627246618270874023437500000000
-214199.4192570085870102047920227050781250000000
1305375.3460609035100787878036499023437500000000
1032131.8753878382267430424690246582031250000000
1564648.7438372324686497449874877929687500000000
1007259.1063439414137974381446838378906250000000
3805124.8988334145396947860717773437500000000000
-1530532.6803866445552557706832885742187500000000
570268.3989069871604442596435546875000000000000
-220331.2990409892809111624956130981445312500000
-530213.3297037999145686626434326171875000000000
1196441.7431248109787702560424804687500000000000
2480225.1589838461950421333312988281250000000000
-1142559.4928199949208647012710571289062500000000
-351209.3597991078859195113182067871093750000000
-75755.3852461922069778665900230407714843750000
-1604623.1856146305799484252929687500000000000000
-1141007.1841788089368492364883422851562500000000
-13713.4517606294302822789177298545837402343750
-1497905.3502915033604949712753295898437500000000
-820954.2486864186357706785202026367187500000000
1719802.0373491439968347549438476562500000000000
1540591.5221558157354593276977539062500000000000
933738.7678085421212017536163330078125000000000
-2299601.6744542275555431842803955078125000000000
-2999546.8360574771650135517120361328125000000000
1184096.9276788956485688686370849609375000000000
372915.5783206894993782043457031250000000000000
117404.8899806805857224389910697937011718750000
1324653.2567002403084188699722290039062500000000
1872376.0053443603683263063430786132812500000000
2380033.0262519191019237041473388671875000000000
-485782.1173283784883096814155578613281250000000
-3777202.0759594892151653766632080078125000000000
-2497405.2437886483967304229736328125000000000000
1930603.2315456999931484460830688476562500000000
1256861.1803724293131381273269653320312500000000
-83122.7624376946187112480401992797851562500000
2361789.2800232395529747009277343750000000000000
-233119.9239664164488203823566436767578125000000
1091673.8686681606341153383255004882812500000000
1703455.9349882642272859811782836914062500000000
-187165.6897691179474350064992904663085937500000
1672054.0572509472258388996124267578125000000000
-1864440.5909761062357574701309204101562500000000
-257620.9555972920497879385948181152343750000000
2588615.9102787924930453300476074218750000000000
47741.6861644334712764248251914978027343750000
698098.7289899906609207391738891601562500000000
435309.6777743598795495927333831787109375000000
-131309.9692378906183876097202301025390625000000
-326305.6243227579398080706596374511718750000000
-1856369.5468283777590841054916381835937500000000
-470060.2920313879149034619331359863281250000000
-193614.6015446090023033320903778076171875000000
1273061.1620530819054692983627319335937500000000
-1380634.3693853269796818494796752929687500000000
-504384.5359432102413848042488098144531250000000
-821262.7226338272448629140853881835937500000000
2091442.3658402718137949705123901367187500000000
21145.5906605493510141968727111816406250000000
-680278.2640345930121839046478271484375000000000
-1663364.6070515515748411417007446289062500000000
-700057.1573050123406574130058288574218750000000
-2430357.9525806214660406112670898437500000000000
1654020.9973191642202436923980712890625000000000
270783.6658376874984242022037506103515625000000
-246589.5932143037789501249790191650390625000000
1246456.2111654961481690406799316406250000000000
2263519.7948010722175240516662597656250000000000
2487228.8786783968098461627960205078125000000000
-1543947.7271472266875207424163818359375000000000
128018.0258436699368758127093315124511718750000
138324.2449266927433200180530548095703125000000
-40700.9392861310407170094549655914306640625000
-59876.4555452334025176241993904113769531250000
-132409.2249534558213781565427780151367187500000
855161.4940506247803568840026855468750000000000
299099.6967559935292229056358337402343750000000
-1126864.2275029025040566921234130859375000000000
-2614535.7402385412715375423431396484375000000000
-356383.3578239191556349396705627441406250000000
-931119.0782471895217895507812500000000000000000
-1416917.2227301886305212974548339843750000000000
-1463536.0654797214083373546600341796875000000000
-869339.4369692844338715076446533203125000000000
-1324852.2440468138083815574645996093750000000000
-392162.1074728809762746095657348632812500000000
663027.9532824755879119038581848144531250000000
1996850.3056459063664078712463378906250000000000
556252.0513529323507100343704223632812500000000
-1550426.5030947169288992881774902343750000000000
983111.6901909547159448266029357910156250000000
43853.0821324780263239517807960510253906250000
513233.2194629738223738968372344970703125000000
-1199673.9968069782480597496032714843750000000000
1759011.8556424917187541723251342773437500000000
749483.6965823516948148608207702636718750000000
-1004001.6847369676688686013221740722656250000000
-1605142.3454847070388495922088623046875000000000
820645.9627161343814805150032043457031250000000
-1680391.1329938417766243219375610351562500000000
31261.5787345462122175376862287521362304687500
1019669.5274100052192807197570800781250000000000
-311875.9108579963794909417629241943359375000000
250729.2754252577142324298620223999023437500000
-2047354.3777590633835643529891967773437500000000
1591053.9092431021854281425476074218750000000000
110278.2064328331325668841600418090820312500000
-1639588.9735083996783941984176635742187500000000
1494882.4095245224889367818832397460937500000000
141525.3763737234112340956926345825195312500000
888760.3573332703672349452972412109375000000000
-161926.2434254118998069316148757934570312500000
401701.0293149286299012601375579833984375000000
208562.8210614601557608693838119506835937500000
388745.2620975070749409496784210205078125000000
1189249.0719804896507412195205688476562500000000
695184.5499477838166058063507080078125000000000
-1126463.6453342987224459648132324218750000000000
-1657148.5431044746655970811843872070312500000000
-315621.8387860647635534405708312988281250000000
-375931.3640254535712301731109619140625000000000
817895.9989826943492516875267028808593750000000
1236212.4865352062042802572250366210937500000000
6034.4853119538702230784110724925994873046875
1951596.4796509395819157361984252929687500000000
-810198.1668406659737229347229003906250000000000
-1930727.7171474024653434753417968750000000000000
-940163.4284916771575808525085449218750000000000
-40119.2589534171711420640349388122558593750000
802284.5021211092825978994369506835937500000000
-149347.0358625303488224744796752929687500000000
-856614.7815202348865568637847900390625000000000
-836011.6833395784487947821617126464843750000000
-428755.8082724334090016782283782958984375000000
2075832.9729407555423676967620849609375000000000
-395163.4119132114574313163757324218750000000000
201627.0906738866760861128568649291992187500000
2370201.5998932295478880405426025390625000000000
97123.2454128639365080744028091430664062500000
-380727.8720430240500718355178833007812500000000
-1339461.4414500971324741840362548828125000000000
996862.1318155180197209119796752929687500000000
-147760.2029531313746701925992965698242187500000
158558.2438153551483992487192153930664062500000
10119.5277175341416295850649476051330566406250
322226.4157500133151188492774963378906250000000
-1941672.4242624086327850818634033203125000000000
104634.8027588257682509720325469970703125000000
-1007566.8732018060982227325439453125000000000000
-120996.6250623590603936463594436645507812500000
-1727152.1543484167195856571197509765625000000000
840968.6553169033722952008247375488281250000000
795085.3683129888959228992462158203125000000000
1121681.5616574154701083898544311523437500000000
1546265.5457827865611761808395385742187500000000
1526155.7272680278401821851730346679687500000000
-2951628.0352613301947712898254394531250000000000
23478.6082222535733308177441358566284179687500
37331.4964772664679912850260734558105468750000
247102.8143733003817033022642135620117187500000
-194096.0703918958315625786781311035156250000000
-119953.9747455168399028480052947998046875000000
431379.4636319675482809543609619140625000000000
580892.3590106768533587455749511718750000000000
1247738.6275067625101655721664428710937500000000
1196375.2394926643464714288711547851562500000000
434328.7209724970743991434574127197265625000000
633261.8071183844003826379776000976562500000000
263689.4995584613061510026454925537109375000000
1091375.4509847403969615697860717773437500000000
-448053.9847280629328452050685882568359375000000
513031.8597121489583514630794525146484375000000
549114.4207022072514519095420837402343750000000
-72096.4265962660283548757433891296386718750000
-320713.5129686199361458420753479003906250000000
-1499006.5698454845696687698364257812500000000000
-91904.5146674869611160829663276672363281250000
431967.3616500569623894989490509033203125000000
-215441.1961362302827183157205581665039062500000
1273940.5847680298611521720886230468750000000000
-441897.1182645409717224538326263427734375000000
-866486.4874237515032291412353515625000000000000
-1036762.8650082204258069396018981933593750000000
804974.4133037161082029342651367187500000000000
-634617.5737093628849834203720092773437500000000
1496081.7207395415753126144409179687500000000000
-140619.3325677452085074037313461303710937500000
1630756.3592536139767616987228393554687500000000
-452009.8273441870696842670440673828125000000000
-119245.0460732584033394232392311096191406250000
481896.6422552522271871566772460937500000000000
-297083.3815126142580993473529815673828125000000
279924.6405268061789683997631072998046875000000
114090.2425812969013350084424018859863281250000
-272410.2703177775838412344455718994140625000000
246325.9973448770469985902309417724609375000000
-989569.8660847340943291783332824707031250000000
330121.2989038781379349529743194580078125000000
-636203.6711985393194481730461120605468750000000
3438.2577364515009321621619164943695068359375
-175917.4063209837186150252819061279296875000000
-133224.3843546496937051415443420410156250000000
-621311.4660561534110456705093383789062500000000
-1416167.5953427741769701242446899414062500000000
-949425.9584636018844321370124816894531250000000
216875.8750528098316863179206848144531250000000
459624.8774868182954378426074981689453125000000
195181.0051553159137256443500518798828125000000
154238.0068735998356714844703674316406250000000
33948.3706817678685183636844158172607421875000
-813692.5580759182339534163475036621093750000000
-1012769.7464572923490777611732482910156250000000
307149.4267780744121409952640533447265625000000
679230.0730201472761109471321105957031250000000
180715.7272730134136509150266647338867187500000
589598.0861757476814091205596923828125000000000
-985997.5168154648272320628166198730468750000000
-750850.3472124530235305428504943847656250000000
-477.0923479363540877784544136375188827514648
-307430.9574407247127965092658996582031250000000
-637306.0579372470965608954429626464843750000000
487909.7937215406564064323902130126953125000000
-915746.2485805093310773372650146484375000000000
611805.3840530253946781158447265625000000000000
447618.0823797068442218005657196044921875000000
-152374.7052188235975336283445358276367187500000
362605.4490068537998013198375701904296875000000
20324.2512456366712285671383142471313476562500
-554286.4718914709519594907760620117187500000000
225074.1534184760239440947771072387695312500000
307723.8033796799718402326107025146484375000000
-474747.8630181141779758036136627197265625000000
-600327.7854914278723299503326416015625000000000
449108.4970818072324618697166442871093750000000
115577.2394819362234557047486305236816406250000
-199123.6881988002860452979803085327148437500000
753920.5761727980570867657661437988281250000000
38372.9804338958056177943944931030273437500000
193260.7954819705628324300050735473632812500000
-172670.2896748250641394406557083129882812500000
1156273.7457515182904899120330810546875000000000
-763607.6546786224935203790664672851562500000000
-300415.2626545108505524694919586181640625000000
436778.3540166867314837872982025146484375000000
-77153.9298553141561569646000862121582031250000
-103451.7544037461630068719387054443359375000000
259515.1463893717445898801088333129882812500000
-777340.5264043119968846440315246582031250000000
-110964.1774917642469517886638641357421875000000
33865.3864010090983356349170207977294921875000
-370652.0164277762523852288722991943359375000000
-618751.2246488170931115746498107910156250000000
316559.9772868280997499823570251464843750000000
-343976.3947477630572393536567687988281250000000
963682.3998969638487324118614196777343750000000
63517.4609069286525482311844825744628906250000
-800772.7234394777333363890647888183593750000000
-300963.4526906396495178341865539550781250000000
786604.9658903442323207855224609375000000000000
-457378.4315237459377385675907135009765625000000
-329636.8539329682243987917900085449218750000000
-427292.8404902230831794440746307373046875000000
-398455.4364658610429614782333374023437500000000
-30152.4495719845072017051279544830322265625000
-287334.1691611477872356772422790527343750000000
96220.0368299848050810396671295166015625000000
-412953.6581642323872074484825134277343750000000
189997.1415843666472937911748886108398437500000
1012492.6093054811935871839523315429687500000000
557237.1015063268132507801055908203125000000000
506433.8766037636669352650642395019531250000000
-643193.4394242980051785707473754882812500000000
-144489.0636910059547517448663711547851562500000
48346.1629928523616399616003036499023437500000
-644921.1857045640936121344566345214843750000000
-486740.3326207483187317848205566406250000000000
140718.9531244370446074753999710083007812500000
700643.2343423046404495835304260253906250000000
731439.3914057506481185555458068847656250000000
-553458.2799647803185507655143737792968750000000
622096.8514281867537647485733032226562500000000
30915.6976344176873681135475635528564453125000
12404.3384466473435168154537677764892578125000
-86869.9505435601604403927922248840332031250000
191237.9831019250268582254648208618164062500000
525994.5061398689867928624153137207031250000000
92827.7433744717855006456375122070312500000000
523584.4841426864149980247020721435546875000000
259461.2835713439271785318851470947265625000000
-593587.3841509043704718351364135742187500000000
-413430.2404202019679360091686248779296875000000
121160.5591622110950993373990058898925781250000
385723.0286230188212357461452484130859375000000
298158.2352953199879266321659088134765625000000
159420.2630621519347187131643295288085937500000
314662.3066162656759843230247497558593750000000
653832.6844541168538853526115417480468750000000
71601.1748622096783947199583053588867187500000
120913.7170741268491838127374649047851562500000
497186.3264087695861235260963439941406250000000
-160805.5128213046409655362367630004882812500000
-494803.9353922591544687747955322265625000000000
-591499.1104371887631714344024658203125000000000
-357956.4582922072149813175201416015625000000000
278021.8042764006531797349452972412109375000000
900493.0155393958557397127151489257812500000000
15099.6208126759029255481436848640441894531250
-86835.3779008725250605493783950805664062500000
-528094.6659358486067503690719604492187500000000
50039.9961825592399691231548786163330078125000
85595.1201882928144186735153198242187500000000
-345749.8478017372544854879379272460937500000000
-296304.6037852131994441151618957519531250000000
496819.9757817666977643966674804687500000000000
24776.0535560740208893548697233200073242187500
-521440.2413470662431791424751281738281250000000
467082.6646083868690766394138336181640625000000
-462846.0606709099956788122653961181640625000000
530548.3783434444339945912361145019531250000000
210578.2226730693364515900611877441406250000000
-606431.3745009402045980095863342285156250000000
-46422.9006613956153159961104393005371093750000
29021.2435478761362901423126459121704101562500
50527.0404986271023517474532127380371093750000
575914.5764476879267022013664245605468750000000
-528551.8032103722216561436653137207031250000000
-73547.1052460186328971758484840393066406250000
94739.2003055243985727429389953613281250000000
-392141.0940645745722576975822448730468750000000
56611.2196622874325839802622795104980468750000
454197.6875540600740350782871246337890625000000
492195.4340576007380150258541107177734375000000
-909839.8228735144948586821556091308593750000000
256058.1613815767632331699132919311523437500000
-42017.2484008898463798686861991882324218750000
222216.3109185305074788630008697509765625000000
-29724.3377343203646887559443712234497070312500
205292.6844617852475494146347045898437500000000
464727.2516343765310011804103851318359375000000
39163.8095956360120908357203006744384765625000
-332095.5124649354838766157627105712890625000000
-502269.8756541559705510735511779785156250000000
70577.5932905955996830016374588012695312500000
456702.3614127922337502241134643554687500000000
374230.9292154872091487050056457519531250000000
-169122.3166238803532905876636505126953125000000
7056.2951865427476150216534733772277832031250
374871.7219780022860504686832427978515625000000
-668555.2292845272459089756011962890625000000000
-91681.7823782517807558178901672363281250000000
182432.1206232463591732084751129150390625000000
-422448.9591601847205311059951782226562500000000
77985.2672472012927755713462829589843750000000
-221923.7086436171957757323980331420898437500000
-273611.5794709124020300805568695068359375000000
193584.1848783484310843050479888916015625000000
-497612.3512024347437545657157897949218750000000
-360142.8634418409783393144607543945312500000000
-461882.3156414374825544655323028564453125000000
-246230.0759496141108684241771697998046875000000
856238.7758835942950099706649780273437500000000
-380739.8747948114760220050811767578125000000000
291905.3372870914754457771778106689453125000000
-128580.7330935915961163118481636047363281250000
108732.2277716771204723045229911804199218750000
-131795.2297119686263613402843475341796875000000
202378.1743426590692251920700073242187500000000
369200.4818215885898098349571228027343750000000
363682.4889717500191181898117065429687500000000
-144270.6643922572256997227668762207031250000000
-164217.7851444636180531233549118041992187500000
-449390.4230289331171661615371704101562500000000
-819424.8064384764293208718299865722656250000000
-299396.6661537537584081292152404785156250000000
-413619.8151064829435199499130249023437500000000
-98474.2686853186605731025338172912597656250000
142237.8202422554604709148406982421875000000000
312888.5836365084978751838207244873046875000000
400939.5756521016010083258152008056640625000000
-332407.2884135422063991427421569824218750000000
-672110.1230122698470950126647949218750000000000
167247.8212074914772529155015945434570312500000
69566.0456570726819336414337158203125000000000
267686.9969040451687760651111602783203125000000
-251951.3877364757645409554243087768554687500000
308634.5319733350770547986030578613281250000000
390369.2282239370979368686676025390625000000000
-377253.4670874773873947560787200927734375000000
-240826.7219330444640945643186569213867187500000
-562699.7730354595696553587913513183593750000000
-80713.5650488134269835427403450012207031250000
137229.7793732450809329748153686523437500000000
130867.6618089212861377745866775512695312500000
1022925.8375541424611583352088928222656250000000
674728.4671471128240227699279785156250000000000
668758.7804584256373345851898193359375000000000
-179891.4475777902698609977960586547851562500000
-781678.0827507755020633339881896972656250000000
303568.9389582173316739499568939208984375000000
330298.1482197670848108828067779541015625000000
-102127.0482099963119253516197204589843750000000
-458197.1865119182039052248001098632812500000000
-40634.6926629267618409357964992523193359375000
151257.2401590991648845374584197998046875000000
411319.0580361134489066898822784423828125000000
-344563.6679364986484870314598083496093750000000
-176500.9152642243425361812114715576171875000000
213147.6610494959168136119842529296875000000000
-336426.8978123319102451205253601074218750000000
177410.4390399839030578732490539550781250000000
352275.4049279576283879578113555908203125000000
-31638.4155190258425136562436819076538085937500
-408426.5157730184146203100681304931640625000000
-212701.6760779321775771677494049072265625000000
-101584.4812004200648516416549682617187500000000
97993.7759336952440207824110984802246093750000
20858.6346586106265021953731775283813476562500
348835.4748868474853225052356719970703125000000
190583.2401894313225056976079940795898437500000
14072.7988775039284519152715802192687988281250
-694460.9613949399208649992942810058593750000000
99456.2755135623883688822388648986816406250000
-134252.0617452313308604061603546142578125000000
-53893.3047980826158891431987285614013671875000
-462110.7643318268819712102413177490234375000000
495637.5830317715881392359733581542968750000000
-376666.9208211188670247793197631835937500000000
212122.6836594450869597494602203369140625000000
-232058.3003946046810597181320190429687500000000
198323.9750141547410748898983001708984375000000
543635.6748592868680134415626525878906250000000
287082.1632081771967932581901550292968750000000
-37322.0901763120418763719499111175537109375000
-17688.8377785740231047384440898895263671875000
191837.7653794405050575733184814453125000000000
811428.4033902607625350356101989746093750000000
383184.8640065161162056028842926025390625000000
263142.1832613293663598597049713134765625000000
-57316.4502736664580879732966423034667968750000
216270.4051993989269249141216278076171875000000
341634.4967776507837697863578796386718750000000
-25781.1277480165226734243333339691162109375000
-526593.6352097761118784546852111816406250000000
91197.2148153476155130192637443542480468750000
-310728.3073996042949147522449493408203125000000
279605.7226428896537981927394866943359375000000
44264.0044348880037432536482810974121093750000
929.1226506426255582482554018497467041015625
-90350.7030330528505146503448486328125000000000
-33015.7383980395243270322680473327636718750000
-537061.8057569114025682210922241210937500000000
58759.4859118367385235615074634552001953125000
-257183.7633519050141330808401107788085937500000
-133737.8467922618438024073839187622070312500000
-51723.0926070311834337189793586730957031250000
194665.0214265928661916404962539672851562500000
189195.2705826102755963802337646484375000000000
494697.2947815010556951165199279785156250000000
71986.7807555077597498893737792968750000000000
306980.3122507092193700373172760009765625000000
-226001.0697456452471669763326644897460937500000
-347657.7327666601631790399551391601562500000000
-502818.4105038600973784923553466796875000000000
-58502.5151876090021687559783458709716796875000
-199920.8917525424913037568330764770507812500000
319591.7814403487136587500572204589843750000000
160344.1970158031908795237541198730468750000000
-254873.3992300128156784921884536743164062500000
219898.9614489393425174057483673095703125000000
370791.6819776206393726170063018798828125000000
247271.3515934249153360724449157714843750000000
503209.3652000233414582908153533935546875000000
-272499.5876739447703585028648376464843750000000
-67221.1786660745565313845872879028320312500000
-287628.0884385081008076667785644531250000000000
77029.5321045503369532525539398193359375000000
-224958.5210175242391414940357208251953125000000
-270714.7625926956534385681152343750000000000000
213708.9307170078100170940160751342773437500000
464188.8763412212720140814781188964843750000000
-179043.3781852121464908123016357421875000000000
-99460.1635190169326961040496826171875000000000
-149474.4011903972714208066463470458984375000000
27053.6609694135040626861155033111572265625000
-87461.7454231515730498358607292175292968750000
-23565.7695437669062812346965074539184570312500
429734.7677663670037873089313507080078125000000
-44691.0129590167343849316239356994628906250000
-450785.7633911423617973923683166503906250000000
-128867.4865766755974618718028068542480468750000
445205.6405175880645401775836944580078125000000
-92850.7479426264035282656550407409667968750000
-375978.4296601976384408771991729736328125000000
128554.0193384998856345191597938537597656250000
-393488.9263532658223994076251983642578125000000
110065.2612877914216369390487670898437500000000
159125.0326608585892245173454284667968750000000
150938.1355124315596185624599456787109375000000
15348.3324015835642057936638593673706054687500
-90566.8140477902925340458750724792480468750000
18075.4504173724963038694113492965698242187500
-100303.5051239704043837264180183410644531250000
-191087.0669445643725339323282241821289062500000
226647.4043175179976969957351684570312500000000
-141487.7649939114053267985582351684570312500000
103464.6919105270208092406392097473144531250000
-97222.7117426538607105612754821777343750000000
-93743.3973149445082526654005050659179687500000
-243880.5642045187123585492372512817382812500000
-2661.7713702778114566172007471323013305664062
698894.6180836805142462253570556640625000000000
102289.7946402265806682407855987548828125000000
21472.8819904590673104394227266311645507812500
-95131.4834598149318480864167213439941406250000
25934.6408144014167191926389932632446289062500
-342610.1115861874422989785671234130859375000000
-281814.9388178494409658014774322509765625000000
-237471.9927005375211592763662338256835937500000
490056.5336706252419389784336090087890625000000
-115514.6645657858898630365729331970214843750000
87889.8834644762828247621655464172363281250000
-111070.1164043226162903010845184326171875000000
-134470.9358478190551977604627609252929687500000
-148632.6608687108964659273624420166015625000000
223512.1470558751898352056741714477539062500000
52893.6904685303597943857312202453613281250000
-326678.6116220011026598513126373291015625000000
247215.9739318129140883684158325195312500000000
-118816.7686019733373541384935379028320312500000
361723.2231615874334238469600677490234375000000
16387.7989414063522417563945055007934570312500
-376231.5100286738015711307525634765625000000000
146137.3187774127582088112831115722656250000000
65141.2950821830600034445524215698242187500000
-356432.2258337069069966673851013183593750000000
-162703.9965035494242329150438308715820312500000
-28412.4250106119870906695723533630371093750000
12859.8429115887047373689711093902587890625000
90431.2738978421839419752359390258789062500000
41105.5800962972789420746266841888427734375000
-248644.6596292313479352742433547973632812500000
161543.0959745080908760428428649902343750000000
-9567.2417132919290452264249324798583984375000
-131224.2216834432620089501142501831054687500000
-471240.2500400387216359376907348632812500000000
16460.3277912954545172397047281265258789062500
112532.4956676957081072032451629638671875000000
-6908.8456096049430925631895661354064941406250
-139911.7890040299971587955951690673828125000000
23218.3337663064085063524544239044189453125000
48314.4318367312444024719297885894775390625000
-13876.2267281348940741736441850662231445312500
-147556.3399740860040765255689620971679687500000
263354.1797013937612064182758331298828125000000
135159.0108384587219916284084320068359375000000
-197944.5376419870590325444936752319335937500000
-54145.7954385676566744223237037658691406250000
-95834.2959223457146435976028442382812500000000
11493.7020712938465294428169727325439453125000
-200543.0017714018176775425672531127929687500000
-106486.6682721240504179149866104125976562500000
34151.2815749212313676252961158752441406250000
8797.4494940428667177911847829818725585937500
-7020.3600824795848893700167536735534667968750
137233.8209720649756491184234619140625000000000
92824.4729128566978033632040023803710937500000
-44037.4518678635140531696379184722900390625000
-8445.3672650434109527850523591041564941406250
145513.8575023485464043915271759033203125000000
-53893.7871961450437083840370178222656250000000
137159.0424765694187954068183898925781250000000
-137077.6762207534920889884233474731445312500000
204865.4754334978060796856880187988281250000000
-124737.6580786194826941937208175659179687500000
-77672.3280357526964507997035980224609375000000
122682.9821320928458590060472488403320312500000
345253.0811377323116175830364227294921875000000
100107.9480239012191304937005043029785156250000
51494.5384410326514625921845436096191406250000
-11117.9973700644659402314573526382446289062500
7273.4069115710954065434634685516357421875000
54437.3083048448388581164181232452392578125000
-164727.2467984153772704303264617919921875000000
-295459.1591356229619123041629791259765625000000
245906.3388770058518275618553161621093750000000
-138998.6954037604446057230234146118164062500000
302020.8955669101560488343238830566406250000000
-12835.2962989472798653878271579742431640625000
-19902.2782392618391895666718482971191406250000
-51849.3546440911159152165055274963378906250000
-91552.9121214304177556186914443969726562500000
32575.1845901840533770155161619186401367187500
26501.9468707435662508942186832427978515625000
-115705.4410255961993243545293807983398437500000
235231.0689869956113398075103759765625000000000
71805.2628940233553294092416763305664062500000
-215329.3020208932284731417894363403320312500000
333595.9148296916973777115345001220703125000000
-212682.3196084756928030401468276977539062500000
-387116.5128408326418139040470123291015625000000
149882.3634847793437074869871139526367187500000
-126913.9032953698770143091678619384765625000000
30028.1409741158713586628437042236328125000000
44356.5782204809947870671749114990234375000000
6109.5993663009476222214289009571075439453125
205526.4607774489268194884061813354492187500000
108149.8242634357156930491328239440917968750000
134681.4858680803445167839527130126953125000000
32711.8617350353379151783883571624755859375000
-16553.2383269461570307612419128417968750000000
-249889.0185755135025829076766967773437500000000
-89785.5137825922865886241197586059570312500000
-50514.9624709130875999107956886291503906250000
159352.5669923065870534628629684448242187500000
-151229.1410620191018097102642059326171875000000
132090.2041614727058913558721542358398437500000
-119231.5284997537964954972267150878906250000000
6180.5045587885551867657341063022613525390625
91008.5506884924106998369097709655761718750000
-118977.5987925669032847508788108825683593750000
231576.1033674504142254590988159179687500000000
86337.5149926418962422758340835571289062500000
-175066.8568760910420678555965423583984375000000
-210927.7628845544531941413879394531250000000000
-369.5540887950057822308735921978950500488281
10257.3676726529829466016963124275207519531250
30865.7531968671137292403727769851684570312500
-31986.4752525596850318834185600280761718750000
8832.0048666373895684955641627311706542968750
-34700.3472597834988846443593502044677734375000
118713.2137280606839340180158615112304687500000
57789.2689093539738678373396396636962890625000
61081.9264118601349764503538608551025390625000
110565.7322921225713798776268959045410156250000
-11102.4109148892021039500832557678222656250000
14913.4045780164778989274054765701293945312500
211354.4857994764170143753290176391601562500000
14102.5557257901145931100472807884216308593750
212422.9431921296054497361183166503906250000000
187019.9662706605449784547090530395507812500000
-94957.8315444225590908899903297424316406250000
8102.1480867374857552931644022464752197265625
102935.0141423729510279372334480285644531250000
-111453.2751715841150144115090370178222656250000
-95216.3158168884983751922845840454101562500000
-139193.2049119071452878415584564208984375000000
98757.9180524501571198925375938415527343750000
-11808.2278775134745956165716052055358886718750
97757.7133435575815383344888687133789062500000
-136952.3494901640224270522594451904296875000000
-47946.0413008814866770990192890167236328125000
-32134.0645472424439503811299800872802734375000
84758.3987379451282322406768798828125000000000
-4350.2626798107994545716792345046997070312500
-30512.5576407558255596086382865905761718750000
138806.8041582504229154437780380249023437500000
-14804.5767184446012834087014198303222656250000
21189.1352955226102494634687900543212890625000
-43051.6641250411412329412996768951416015625000
-66920.3985510577040258795022964477539062500000
-49946.2387403778775478713214397430419921875000
-103402.0756668004905804991722106933593750000000
17995.5861181503205443732440471649169921875000
-29289.6159492594742914661765098571777343750000
72543.5439523874811129644513130187988281250000
-10183.8519748305061511928215622901916503906250
-78778.8038397178897866979241371154785156250000
-32930.2755627556107356213033199310302734375000
-42260.9042278001506929285824298858642578125000
-291844.3598116207285784184932708740234375000000
53257.1415924633693066425621509552001953125000
-4874.6105382175592239946126937866210937500000
105710.6379153285088250413537025451660156250000
-40449.2045653174063772894442081451416015625000
-7267.3397369500753484317101538181304931640625
-23610.5423889884659729432314634323120117187500
33614.8795147329656174406409263610839843750000
42432.2240782478911569342017173767089843750000
27879.4470873770442267414182424545288085937500
-74692.3077748923096805810928344726562500000000
66432.6337416822061641141772270202636718750000
202410.9942048134689684957265853881835937500000
96093.6442105993628501892089843750000000000000
-30414.5697179851485998369753360748291015625000
-84628.2980927437165519222617149353027343750000
-55990.2441909407134517095983028411865234375000
-125119.8159691019245656207203865051269531250000
76013.6325746593356598168611526489257812500000
15386.6056672334143513580784201622009277343750
59240.4473137267341371625661849975585937500000
-23127.6190440631471574306488037109375000000000
32523.4182038362341700121760368347167968750000
60540.9701855605599121190607547760009765625000
27509.7878036376496311277151107788085937500000
-16194.1010545103963522706180810928344726562500
-14961.3763468512115650810301303863525390625000
-14169.9012894907045847503468394279479980468750
56030.3815376595957786776125431060791015625000
-31163.0039769391041772905737161636352539062500
63867.3821008975210133939981460571289062500000
-67064.3771341957763070240616798400878906250000
-4944.8604442911637306679040193557739257812500
-8177.1716768202559251221828162670135498046875
135472.1332637046580202877521514892578125000000
-58066.2053146421894780360162258148193359375000
-42928.7711568936138064600527286529541015625000
98446.5173102804837981238961219787597656250000
-62800.7756816418987000361084938049316406250000
7083.8876711336579319322481751441955566406250
-52775.5513869169299141503870487213134765625000
-93981.4022225698572583496570587158203125000000
-87708.9819148855167441070079803466796875000000
36721.6194445027504116296768188476562500000000
58128.1066362424098770134150981903076171875000
-147143.4982312372885644435882568359375000000000
-12044.8819113516583456657826900482177734375000
64006.0663010090211173519492149353027343750000
72046.9667658942344132810831069946289062500000
-52736.7136891166228451766073703765869140625000
36507.3575192836069618351757526397705078125000
-42168.6160618905050796456634998321533203125000
-52863.9276454756836756132543087005615234375000
-27713.9494389415340265259146690368652343750000
64637.2684905336209340021014213562011718750000
64026.7504826892618439160287380218505859375000
-50554.9498082713835174217820167541503906250000
-417.3823495034853294782806187868118286132812
88303.3253060997667489573359489440917968750000
45296.3710035650728968903422355651855468750000
32611.3650106168242928106337785720825195312500
57363.1535883450851542875170707702636718750000
-69921.8854978537128772586584091186523437500000
-107157.0037716099614044651389122009277343750000
37012.2106990401516668498516082763671875000000
34753.5651146602685912512242794036865234375000
125424.4928663715545553714036941528320312500000
-24507.6383379682411032263189554214477539062500
-51577.1522849051762023009359836578369140625000
32105.0049113897039205767214298248291015625000
81615.5876500908925663679838180541992187500000
-66498.8743731491558719426393508911132812500000
-62959.8088926576674566604197025299072265625000
-16127.2974128741498134331777691841125488281250
20237.0231572970151319168508052825927734375000
-15699.7811115655913454247638583183288574218750
45120.2273206061581731773912906646728515625000
64916.2714919946010923013091087341308593750000
-17602.1480021113784459885209798812866210937500
-105135.0267531120334751904010772705078125000000
45510.6464873711884138174355030059814453125000
69452.5537868262326810508966445922851562500000
-45534.3671551657753298059105873107910156250000
13164.9196780880047299433499574661254882812500
-26291.5072086752770701423287391662597656250000
58091.5576786479359725490212440490722656250000
86064.9920101903990143910050392150878906250000
-14834.1012064840906532481312751770019531250000
6531.1628335276127472752705216407775878906250
99259.0310731409263098612427711486816406250000
67811.1565589930833084508776664733886718750000
-85925.5274685490585397928953170776367187500000
-53089.0616790787244099192321300506591796875000
-28916.3386876785480126272886991500854492187500
-42446.5186331330478424206376075744628906250000
35808.8547085176760447211563587188720703125000
-83567.4110066709108650684356689453125000000000
24862.7256639820407144725322723388671875000000
30261.7550109603434975724667310714721679687500
-835.4232798733144136349437758326530456542969
-157222.8772708928736392408609390258789062500000
-1408.2657182018788262212183326482772827148438
55435.8995823050936451181769371032714843750000
-96180.1002298875246196985244750976562500000000
128079.9907177143031731247901916503906250000000
-22793.8953103345920681022107601165771484375000
30070.5133019356799195520579814910888671875000
-38356.7996744275806122459471225738525390625000
-27096.1185794064185756724327802658081054687500
-51764.7945400509051978588104248046875000000000
3650.8521649042622811975888907909393310546875
-106788.5254135695431614294648170471191406250000
-103857.2248797886568354442715644836425781250000
85459.6793202004628255963325500488281250000000
-13531.3881201452331879409030079841613769531250
17633.1270510594258666969835758209228515625000
47856.8835299236743594519793987274169921875000
34611.0918384666947531513869762420654296875000
-10918.8762451450820663012564182281494140625000
-11372.9897361169241776224225759506225585937500
-28315.1290078388119582086801528930664062500000
14269.8179252594563877210021018981933593750000
15938.8243469660937989829108119010925292968750
51741.9835629900699132122099399566650390625000
36090.2162208151057711802423000335693359375000
114473.1083516465005232021212577819824218750000
-38438.7537689283853978849947452545166015625000
8379.6412442647324496647343039512634277343750
37239.6959012536317459307610988616943359375000
6472.4655656387085400638170540332794189453125
35735.5935549002242623828351497650146484375000
-74849.4801269577292259782552719116210937500000
31942.2332645771057286765426397323608398437500
-53523.0297409362101461738348007202148437500000
83152.4352676494308980181813240051269531250000
-45122.4644347861976712010800838470458984375000
-83179.4771126827545231208205223083496093750000
22439.8102503963200433645397424697875976562500
-85677.9057511779101332649588584899902343750000
36141.6423103842389537021517753601074218750000
79048.4159925120038678869605064392089843750000
24091.6192888701771153137087821960449218750000
-28661.4235741610100376419723033905029296875000
-59350.8541468860858003608882427215576171875000
-21401.6092909121834964025765657424926757812500
65152.2290336268852115608751773834228515625000
62785.7927915054315235465764999389648437500000
-59491.5638034427392994984984397888183593750000
-18263.4347729828223236836493015289306640625000
-3669.1153262300126698391977697610855102539062
-47926.0066753019345924258232116699218750000000
-63167.1370647850271780043840408325195312500000
40932.8885568743498879484832286834716796875000
-50797.0559024250542279332876205444335937500000
-157182.8421365522954147309064865112304687500000
7959.4376714430809443001635372638702392578125
3832.6972161695962313388008624315261840820312
-135441.0507924921112135052680969238281250000000
-15350.0756846974236395908519625663757324218750
-56075.5641317961708409711718559265136718750000
29281.5917101230734260752797126770019531250000
6658.3892682994355709524825215339660644531250
-22537.4019555870509066153317689895629882812500
20611.9217383553987019695341587066650390625000
-57788.9677976390594267286360263824462890625000
32952.0263403147910139523446559906005859375000
-2624.2549822031483017781283706426620483398438
22722.2820846294052898883819580078125000000000
-32629.5921707810302905272692441940307617187500
11382.2930632179431995609775185585021972656250
46218.8992912025278201326727867126464843750000
81001.4636076758470153436064720153808593750000
137123.0750034165394026786088943481445312500000
-51977.9799722996322088874876499176025390625000
20228.7356201749244064558297395706176757812500
-46046.6358754829998360946774482727050781250000
-48644.7387498055104515515267848968505859375000
-67901.2924230040080146864056587219238281250000
-71506.0946826879953732714056968688964843750000
-5308.0032793878426673472858965396881103515625
28590.9325210105525911785662174224853515625000
-80131.3212243503949139267206192016601562500000
22289.8114361730149539653211832046508789062500
-2613.1406050992591190151870250701904296875000
97194.2093812466337112709879875183105468750000
53989.2570112496250658296048641204833984375000
12888.8427559679348632926121354103088378906250
-60926.5785067937322310172021389007568359375000
-18376.9854563658409460913389921188354492187500
-54430.7891592735977610573172569274902343750000
2261.8111750782431954576168209314346313476562
51434.3992109719329164363443851470947265625000
18873.0655978457944002002477645874023437500000
-20669.5488617868504661601036787033081054687500
3940.9765974168467437266372144222259521484375
8423.9705260278478817781433463096618652343750
28646.8604312161733105313032865524291992187500
-50315.6096553031311486847698688507080078125000
-38242.8102723811607575044035911560058593750000
10775.8689440596099302638322114944458007812500
13198.2427272111035563284531235694885253906250
-20905.4437009125831536948680877685546875000000
35653.6146552693389821797609329223632812500000
18334.7839773053819953929632902145385742187500
-756.0055179505567366504692472517490386962891
9386.1313125655615294817835092544555664062500
-35762.0797524141307803802192211151123046875000
-7953.4104172560328152030706405639648437500000
-30747.6401501664549869019538164138793945312500
-7589.2667278348862964776344597339630126953125
18642.3194023017276776954531669616699218750000
15083.3015129480590985622256994247436523437500
48279.3235888869094196707010269165039062500000
11443.8011972705862717702984809875488281250000
-35823.8167015317740151658654212951660156250000
-28502.4620714610464347060769796371459960937500
26275.2129525925156485754996538162231445312500
96085.1986051549320109188556671142578125000000
46267.9029325699157197959721088409423828125000
49779.1114949831680860370397567749023437500000
1299.5090686434141389327123761177062988281250
103249.2609301308257272467017173767089843750000
766.0680643805872023222036659717559814453125
67955.3951640904851956292986869812011718750000
-12533.3985157169645390240475535392761230468750
-14922.2843545031628309516236186027526855468750
24195.7094493340773624368011951446533203125000
-36713.3581500584332388825714588165283203125000
-45417.2957011056641931645572185516357421875000
-18123.2887699831517238635569810867309570312500
27697.5871808333577064331620931625366210937500
56376.8964167712838388979434967041015625000000
12106.0463048024594172602519392967224121093750
-19659.5060791648065787740051746368408203125000
-1427.7582645058253092429367825388908386230469
24883.5758154283794283401221036911010742187500
73587.2134855637996224686503410339355468750000
6399.6525937874002920580096542835235595703125
-24356.8237444532496738247573375701904296875000
-24827.5732817403077206108719110488891601562500
71081.9811631584016140550374984741210937500000
-54164.6835411566426046192646026611328125000000
-33172.3314838252990739420056343078613281250000
-34518.4075461609609192237257957458496093750000
-5897.8136600071984503301791846752166748046875
108485.9481610688671935349702835083007812500000
43258.4064302921615308150649070739746093750000
-22357.0314767779782414436340332031250000000000
-1259.2404129581295819662045687437057495117188
58111.0571108777076005935668945312500000000000
21675.6445145094548934139311313629150390625000
-76467.6672245594090782105922698974609375000000
-48079.0879313900441047735512256622314453125000
-57731.4170806308466126210987567901611328125000
17582.3373761409748112782835960388183593750000
7751.1048467888422237592749297618865966796875
-10728.7158352294354699552059173583984375000000
-63527.0939062633988214656710624694824218750000
-2209.9614636863580017234198749065399169921875
47920.6500073938586865551769733428955078125000
44977.1775666851244750432670116424560546875000
18947.1696369470155332237482070922851562500000
33906.5133365373476408421993255615234375000000
29156.5211136268808331806212663650512695312500
-15783.7707103721459134249016642570495605468750
-23394.1170727528042334597557783126831054687500
-28599.8799534868303453549742698669433593750000
10889.1284344841769780032336711883544921875000
-71499.4526177528023254126310348510742187500000
52.9945848558509240433522791136056184768677
-5250.6401417178476549452170729637145996093750
48916.9018317371665034443140029907226562500000
60452.1473682445357553660869598388671875000000
-93732.1149832097144098952412605285644531250000
-41893.8723868029992445372045040130615234375000
-33908.4000959149561822414398193359375000000000
39257.6694294370172428898513317108154296875000
-17938.7784561870503239333629608154296875000000
63291.9147065278448280878365039825439453125000
11336.1748567709018971072509884834289550781250
-16717.4150749032924068160355091094970703125000
-38388.0574939982616342604160308837890625000000
5723.6860121860236176871694624423980712890625
8831.9202194302233692724257707595825195312500
-33023.1372949675715062767267227172851562500000
-5067.3188163394534058170393109321594238281250
16436.5451594707956246566027402877807617187500
8007.3378094727449933998286724090576171875000
-19924.8681576707240310497581958770751953125000
-29733.9354708268983813468366861343383789062500
67742.4791679926129290834069252014160156250000
63160.3085369287146022543311119079589843750000
-53593.4253690529731102287769317626953125000000
-2416.1380155863553227391093969345092773437500
-9211.8907705790334148332476615905761718750000
69452.3794098348589614033699035644531250000000
61567.5487881387307425029575824737548828125000
-3557.1806448215593263739719986915588378906250
-36806.9566187887394335120916366577148437500000
-11636.4508885241120879072695970535278320312500
32521.2103090931595943402498960494995117187500
-26884.2712213384220376610755920410156250000000
-4730.0251915905710120568983256816864013671875
3817.2551158348019271215889602899551391601562
-21680.0689354828173236455768346786499023437500
43381.6354651856090640649199485778808593750000
-62965.5170174855811637826263904571533203125000
50586.7843628193440963514149188995361328125000
-13116.7659810326822480419650673866271972656250
49203.9790685497573576867580413818359375000000
52294.7835091146116610616445541381835937500000
1748.2798357544943428365513682365417480468750
12307.2008782586653978796675801277160644531250
-28010.3244266644433082547038793563842773437500
37252.2100078730363748036324977874755859375000
-16458.6013566049550718162208795547485351562500
-9663.1761835784327558940276503562927246093750
28649.1683346203753899317234754562377929687500
1558.7356991389528957370202988386154174804688
-11145.8450660477465135045349597930908203125000
3306.4717202632086809899192303419113159179688
-5925.5520725108353872201405465602874755859375
-3837.6434686492902983445674180984497070312500
11366.2801723458978813141584396362304687500000
-29645.0394427075298153795301914215087890625000
1332.7485837710264604538679122924804687500000
5378.9392594448299860232509672641754150390625
25402.0271744384845078457146883010864257812500
-18092.7245873137617309112101793289184570312500
-54052.1169948551396373659372329711914062500000
2733.4055673148682217288296669721603393554688
-12434.0234173704611748689785599708557128906250
-20454.4171641532811918295919895172119140625000
-27414.6585561280735419131815433502197265625000
24877.6152449950022855773568153381347656250000
-8924.3325618427206791238859295845031738281250
-881.7684767442503925849450752139091491699219
39455.9812816965859383344650268554687500000000
2264.9771571520495854201726615428924560546875
-238.3533034439402626958326436579227447509766
17910.1107425915979547426104545593261718750000
4443.0561723516148049384355545043945312500000
32037.9350164228162611834704875946044921875000
-13113.9371474956678866874426603317260742187500
8267.4829669030605145962908864021301269531250
-24440.5244361915429180953651666641235351562500
-14672.2101318025506770936772227287292480468750
3892.3672907626878441078588366508483886718750
-24088.2810087043362727854400873184204101562500
-45599.6533846025631646625697612762451171875000
-10334.2189577631852444028481841087341308593750
-14227.6507726410327450139448046684265136718750
22599.8464452464977512136101722717285156250000
-15814.1408405499023501761257648468017578125000
24326.1902947180788032710552215576171875000000
16113.2413290434978989651426672935485839843750
-18097.8340679971297504380345344543457031250000
-30782.2808288559463107958436012268066406250000
-2812.2581352346855965151917189359664916992188
23331.1316035158852173481136560440063476562500
-17670.0916187820293998811393976211547851562500
43469.1111657611108967103064060211181640625000
4024.1449725679894982022233307361602783203125
-7995.3464611798026453470811247825622558593750
12929.0670204042980913072824478149414062500000
-9203.0043398502093623392283916473388671875000
15365.4889694323337607784196734428405761718750
14921.6695388170701335184276103973388671875000
-34801.6698598815128207206726074218750000000000
3918.8202714464605378452688455581665039062500
18955.4585241757667972706258296966552734375000
-6918.0180506172946479637175798416137695312500
38203.6640564463959890417754650115966796875000
28841.7309845460586075205355882644653320312500
-7143.6813610505232645664364099502563476562500
-2430.3993653392412852554116398096084594726562
-2836.3822711660855020454619079828262329101562
27787.6197691220113483723253011703491210937500
-16439.1683689092387794516980648040771484375000
-30242.0121725930366665124893188476562500000000
-21307.8898972029855940490961074829101562500000
-23560.5465488987101707607507705688476562500000
16381.6020423503196070669218897819519042968750
-25688.0350344604084966704249382019042968750000
-41523.8919258596724830567836761474609375000000
-32134.8990712120721582323312759399414062500000
3137.9398066535413818201050162315368652343750
7004.7366645663660165155306458473205566406250
-29304.4107918567206070292741060256958007812500
23784.4067368412033829372376203536987304687500
-15959.4326686524291289970278739929199218750000
-8328.8288378061170078581199049949645996093750
-21097.9315826374549942556768655776977539062500
-10881.9239773243880335940048098564147949218750
-31751.7291586681531043723225593566894531250000
4284.4557653757256048265844583511352539062500
-56095.5035294616754981689155101776123046875000
15799.5464319835809874348342418670654296875000
-1224.6113876989720665733329951763153076171875
157.3169518810957185905863298103213310241699
-30595.7499425421156047377735376358032226562500
15236.2214019129969528876245021820068359375000
-13161.6512738308574625989422202110290527343750
-1410.9424019858090559864649549126625061035156
-14567.7136334356782754184678196907043457031250
7439.7437028967324295081198215484619140625000
22722.7130108447927341330796480178833007812500
44388.1954629633546574041247367858886718750000
-17823.7260431313552544452250003814697265625000
4146.2677444578575887135230004787445068359375
2508.8235094944207048683892935514450073242188
12781.6292007288866443559527397155761718750000
-36895.6461013446460128761827945709228515625000
3823.2637827940898205270059406757354736328125
12068.9627473009932145942002534866333007812500
-10314.5772439070460677612572908401489257812500
11609.5475740692218096228316426277160644531250
2856.2654677079831344599369913339614868164062
-869.9800784659289547562366351485252380371094
13225.7241469494310877053067088127136230468750
-2808.2591351599917288694996386766433715820312
-29964.7470621219217719044536352157592773437500
-2069.0674397530515307153109461069107055664062
18801.3549761921312892809510231018066406250000
1618.0877915761825533991213887929916381835938
-10434.1161799103956582257524132728576660156250
5608.1814247811316818115301430225372314453125
1348.2224728898552257305709645152091979980469
-12265.1412852860685234190896153450012207031250
-25301.7680523058152175508439540863037109375000
6407.1288191541743799461983144283294677734375
418.6169827528648852421611081808805465698242
29391.4326816931315988767892122268676757812500
6586.6847614969938149442896246910095214843750
11271.6598089318194979568943381309509277343750
-9392.2472629610310832504183053970336914062500
-12339.9670068863670167047530412673950195312500
13890.6778555590026371646672487258911132812500
-10373.1296349361018656054511666297912597656250
13135.4637210607234010240063071250915527343750
-23856.2168514966178918257355690002441406250000
122.4180364886340157681843265891075134277344
6860.8130085084439997444860637187957763671875
5309.4672411905885383021086454391479492187500
17266.6924644977734715212136507034301757812500
32027.0347407895205833483487367630004882812500
936.2143520001129672891693189740180969238281
15749.6307954538369813235476613044738769531250
19074.4658826358645455911755561828613281250000
-18300.4837491890466480981558561325073242187500
-9521.8251327556990872835740447044372558593750
-23654.5853176685341168195009231567382812500000
-11810.8577494391829532105475664138793945312500
-14901.8474242507145390845835208892822265625000
5751.6616192507153755286708474159240722656250
-399.4075280618575334301567636430263519287109
24556.1253825424355454742908477783203125000000
-4878.4178813549315236741676926612854003906250
13180.5259313941387517843395471572875976562500
-5684.0401467652382052619941532611846923828125
11040.1563963403823436237871646881103515625000
-5362.3524314808892086148262023925781250000000
-9163.9027972447838692460209131240844726562500
18425.0947383257625915575772523880004882812500
19387.6924145838238473515957593917846679687500
-7210.4967492831256095087155699729919433593750
5407.7199107170808929367922246456146240234375
898.1743445082735206597135402262210845947266
-26691.8860887088740128092467784881591796875000
-7999.9051264591753351851366460323333740234375
-1186.7816521704894512367900460958480834960938
4126.0941415533070539822801947593688964843750
-18857.4017962423968128859996795654296875000000
-5065.7328392793569946661591529846191406250000
3608.5882350021020101848989725112915039062500
-27182.9422971072381187696009874343872070312500
6578.7352052766573251574300229549407958984375
-6735.4391565022106078686192631721496582031250
12033.9287537250165769364684820175170898437500
-1012.5503263712431589738116599619388580322266
-5726.1757795810317475115880370140075683593750
-20606.7448367045726627111434936523437500000000
14709.2545565799282485386356711387634277343750
9497.4263249185696622589603066444396972656250
4298.7023707354383077472448348999023437500000
-9283.4950504955431824782863259315490722656250
1464.1032276523137625190429389476776123046875
-29475.8820823559581185691058635711669921875000
-21937.4991193645910243503749370574951171875000
-124.2962991283117020202553248964250087738037
-4287.7132725995743385283276438713073730468750
1493.0680956168716875254176557064056396484375
-20233.9047854871714662294834852218627929687500
148.8431793997604017931735143065452575683594
7586.4529828264476236654445528984069824218750
63.6652062082786400765144207980483770370483
-13846.4675850786115915980190038681030273437500
10847.2241691285780689213424921035766601562500
-8212.5008717440105101559311151504516601562500
-5012.7846345180651042028330266475677490234375
-12072.6990244204080227063968777656555175781250
13736.4919552982846653321757912635803222656250
10862.9894758616519538918510079383850097656250
146.8638574604667041967331897467374801635742
-9627.2388430880982923554256558418273925781250
17464.3173783088714117184281349182128906250000
7662.7661137599952780874446034431457519531250
-6895.4013606380704004550352692604064941406250
-17845.7676701149539439938962459564208984375000
207.6888850012508669351518619805574417114258
8166.0928472118530407897196710109710693359375
-2490.2081545470596211089286953210830688476562
14062.7462560090934857726097106933593750000000
-7874.6821977843046624911949038505554199218750
25693.7533554522051417734473943710327148437500
10351.7350198376680054934695363044738769531250
6821.2324547340494973468594253063201904296875
-8785.7575098721481481334194540977478027343750
7722.9116734000926953740417957305908203125000
5229.9762535889040009351447224617004394531250
7354.4683917310148899559862911701202392578125
8433.9667175923295872053131461143493652343750
248.9844507029390854313533054664731025695801
12371.3857338448924565454944968223571777343750
9010.5594281955272890627384185791015625000000
-16792.1595557392538466956466436386108398437500
6062.5210101089624004089273512363433837890625
12873.2501467003567086067050695419311523437500
-12448.3368127426383580313995480537414550781250
14275.7812874466817447682842612266540527343750
-8738.0823150308187905466184020042419433593750
2127.3024765879135884460993111133575439453125
9692.1393238895725517068058252334594726562500
-2331.6737991392787989752832800149917602539062
-3733.4392217588774656178429722785949707031250
-16461.1681799786420015152543783187866210937500
-466.4999483106690831846208311617374420166016
162.8909009534637277738511329516768455505371
-17464.0899319975942489691078662872314453125000
-13474.3207987280457018641754984855651855468750
3341.0607939140431881241966038942337036132812
-13435.4109014712867065099999308586120605468750
12535.2827075246405001962557435035705566406250
-2103.6975652864061885338742285966873168945312
14623.8120287057499808724969625473022460937500
-12258.6383098636561044258996844291687011718750
1249.1369201301963585137855261564254760742188
7670.3989934557394008152186870574951171875000
12387.5175087149655155371874570846557617187500
-5399.6988437545478518586605787277221679687500
4019.5360997680663786013610661029815673828125
13329.8836744686304882634431123733520507812500
-3846.3227643090694982674904167652130126953125
11911.2240081104300770675763487815856933593750
-14193.9242859788191708503291010856628417968750
10854.9190852182164235273376107215881347656250
23028.4204916948474419768899679183959960937500
1082.1807956899262990191346034407615661621094
11501.2317541212942160200327634811401367187500
-2353.9056539702069130726158618927001953125000
446.1142176901306584113626740872859954833984
16971.3457191387315106112509965896606445312500
-2867.7587480932247672171797603368759155273438
-9641.0173483569051313679665327072143554687500
4461.1717322934237017761915922164916992187500
-18844.2951033423451008275151252746582031250000
236.7710790063988497422542423009872436523438
15413.8370862670617498224601149559020996093750
-42.4445755647251345976656011771410703659058
-3107.6304863212735654087737202644348144531250
-6545.1670205312057078117504715919494628906250
18968.8915541252026741858571767807006835937500
4005.5680767154944987851195037364959716796875
-3772.4288960077642514079343527555465698242188
7309.0382689028047025203704833984375000000000
-6388.1674185598694748478010296821594238281250
-7314.7908228119576961034908890724182128906250
-19048.9439943730321829207241535186767578125000
-6400.0109936089147595339454710483551025390625
10453.0181917169138614553958177566528320312500
6294.2888720819255468086339533329010009765625
13449.0641750014237914001569151878356933593750
5289.4853989384073429391719400882720947265625
-5269.9606370306628377875313162803649902343750
6793.9079577725042327074334025382995605468750
-345.5723488399409006888163276016712188720703
3054.7181343157394621812272816896438598632812
6559.1490499507999629713594913482666015625000
51.6533870289715153489851218182593584060669
-2777.9251363384523756394628435373306274414062
-1710.3842547554479551763506606221199035644531
-6025.1724753822918501100502908229827880859375
7314.1112692308797704754397273063659667968750
-6638.3960849075529040419496595859527587890625
8889.1011602533344557741656899452209472656250
4214.3172064807977221789769828319549560546875
-3824.5445525085096960538066923618316650390625
-904.8250187914198932048748247325420379638672
13514.2169493834553577471524477005004882812500
7710.9046282699528092052787542343139648437500
17595.0150513662119919899851083755493164062500
5025.5270905919323922717012465000152587890625
10031.5496710739898844622075557708740234375000
2153.7621704123075687675736844539642333984375
1063.1372483800691952637862414121627807617188
-3589.4377553423760218720417469739913940429688
-1935.4592549858332404255634173750877380371094
185.3196342374885432491282699629664421081543
-12307.1104652632348006591200828552246093750000
-7241.8610617343128978973254561424255371093750
-241.4960803379979665805876720696687698364258
3165.9768712007926296791993081569671630859375
7839.9607916800023303949274122714996337890625
5031.9059364112072216812521219253540039062500
-12526.1260620736902637872844934463500976562500
-10796.0254222015482810093089938163757324218750
12606.2118585992866428568959236145019531250000
-1677.1655600586582295363768935203552246093750
10742.5559612340166495414450764656066894531250
1649.4611749595846958982292562723159790039062
207.9819817415428815365885384380817413330078
7054.9198424503983915201388299465179443359375
2402.6065571891981562657747417688369750976562
8149.9399364569171666516922414302825927734375
-9640.2569008617228973889723420143127441406250
4392.0322909575506855617277324199676513671875
1328.3354235476490430301055312156677246093750
-660.1686955115527553061838261783123016357422
-15741.7241601912392070516943931579589843750000
-6393.2173916529764028382487595081329345703125
-2312.5284470866877200023736804723739624023438
4141.6188418552937946515157818794250488281250
293.7440262233484418175066821277141571044922
-1937.5363856367398511792998760938644409179688
22306.5014341399873956106603145599365234375000
-592.4403751276591947316774167120456695556641
-13365.5423272635089233517646789550781250000000
-5017.5643772112953229225240647792816162109375
-7290.4993961157815647311508655548095703125000
-4088.7399706065002646937500685453414916992188
-10197.4768062190214550355449318885803222656250
1206.1832327892122975754318758845329284667969
359.9448025792477778850297909229993820190430
2896.6812967614546323602553457021713256835938
10318.5474571143731736810877919197082519531250
-8880.4587566383688681526109576225280761718750
4722.6226370070544362533837556838989257812500
5944.4880052416792750591412186622619628906250
-5864.0970580967086789314635097980499267578125
-5614.3985473711263693985529243946075439453125
-5595.4494514800026081502437591552734375000000
-4952.8375184200731382588855922222137451171875
959.4992885711752705901744775474071502685547
4056.7234573120890672726090997457504272460938
-3757.9772659567211121611762791872024536132812
10834.1282452869581902632489800453186035156250
-2410.6123659819609201804269105195999145507812
-4491.6925221875399074633605778217315673828125
-6530.4248213358378052362240850925445556640625
3414.5630207457716096541844308376312255859375
4523.8351923261616320814937353134155273437500
8223.0696866764919832348823547363281250000000
6990.3293614399553916882723569869995117187500
-8642.6386374713183613494038581848144531250000
-1359.1141802726131118106422945857048034667969
-1688.2392236314046840561786666512489318847656
-7312.4172007788356495439074933528900146484375
-6540.7456507325450729695148766040802001953125
-1422.3387371926085052109556272625923156738281
-10725.4201257564418483525514602661132812500000
1798.6467480411890846880851313471794128417969
-258.7113651693980500567704439163208007812500
-9751.2296188338477804791182279586791992187500
-2127.6088421152917362633161246776580810546875
1716.4246270489243215706665068864822387695312
433.9166232977045751795230899006128311157227
-11861.1437475729217112530022859573364257812500
-2204.3622950185322224569972604513168334960938
-5550.6543376087283832021057605743408203125000
-1221.0654705269714668247615918517112731933594
2654.6543541167093280819244682788848876953125
-10109.3443988920425908872857689857482910156250
1340.7289970118529254250461235642433166503906
6718.3063530355448165209963917732238769531250
1848.4741779218916235549841076135635375976562
3799.7761497905457872548140585422515869140625
391.0783927770853551919572055339813232421875
3543.9209855336584951146505773067474365234375
-3795.3406013675144095032010227441787719726562
-6494.4211386384267825633287429809570312500000
4911.3653150142163212876766920089721679687500
1137.8607567964866120746592059731483459472656
5550.6382239544709591427817940711975097656250
6189.7315398232840379932895302772521972656250
6901.3553101497718671453185379505157470703125
-3028.7805158414898869523312896490097045898438
9412.2400798723119805799797177314758300781250
-13091.9508238829239417100325226783752441406250
-978.1661802659416480310028418898582458496094
-697.2236086012748046414344571530818939208984
1331.4419771354873773816507309675216674804688
-2143.6005150360765583172906190156936645507812
222.6796065306639036407432286068797111511230
-118.4897159675298468073378899134695529937744
-8169.6476392204394869622774422168731689453125
-79.0563080915466258602464222349226474761963
9008.3676231862464192090556025505065917968750
1254.5661673659697044058702886104583740234375
4130.9827274208673770772293210029602050781250
795.6301102299511285309563390910625457763672
8012.0891863395700056571513414382934570312500
-1815.0103029874976527935359627008438110351562
1136.1795971177932642603991553187370300292969
6478.0156968586261427844874560832977294921875
-6088.5704563505651094601489603519439697265625
2120.4587170178529049735516309738159179687500
-4745.6034302204925552359782159328460693359375
1093.8258516013938788091763854026794433593750
-5938.4041039221883693244308233261108398437500
-4190.3547678661298050428740680217742919921875
5220.2236791766117676161229610443115234375000
2213.6366207233509157958906143903732299804688
-1272.6039880752884982939576730132102966308594
1019.6183329691567678310093469917774200439453
-950.5427470776832024057512171566486358642578
9076.1721740234552271431311964988708496093750
-10573.2741110068400303134694695472717285156250
-740.2965437818584177875891327857971191406250
1719.1711270171574597043218091130256652832031
6590.5738353743627158110029995441436767578125
-1559.8030162563229623629013076424598693847656
-7088.4142852893000963376834988594055175781250
-3881.8098007139228684536647051572799682617188
1797.0738882527107307396363466978073120117188
943.6090761832266480269026942551136016845703
4949.9853101533499284414574503898620605468750
2334.1236333229785486764740198850631713867188
5277.8423922450110694626346230506896972656250
-4763.8562991731560032349079847335815429687500
12631.3127218785884906537830829620361328125000
-3551.2940280308439469081349670886993408203125
-4058.9230773218027934490237385034561157226562
-1307.8781359507829620270058512687683105468750
2982.9979148694005743891466408967971801757812
-2439.5642367615751027187798172235488891601562
3238.1485534404282589093782007694244384765625
3649.0606675944891321705654263496398925781250
728.5643749149478480831021443009376525878906
-1838.0656047294178279116749763488769531250000
-5078.0042031413904624059796333312988281250000
-2117.4385442906150274211540818214416503906250
2977.2831952639407973038032650947570800781250
-2115.3977646992420886817853897809982299804688
530.9258314087169310369063168764114379882812
1311.9485209622093861980829387903213500976562
-4440.6430841542978669167496263980865478515625
6907.1402558857507756329141557216644287109375
1792.2116747571062660426832735538482666015625
-8259.3440532609292858978733420372009277343750
-143.6058993004368176116258837282657623291016
4879.7145071269251275225542485713958740234375
-958.0741382410843698380631394684314727783203
3610.5308231356980286363977938890457153320312
1577.5511981424870100454427301883697509765625
-1560.3544329083124466706067323684692382812500
3794.3137287822382859303615987300872802734375
4114.4746998723358046845532953739166259765625
-3099.2284748636648146202787756919860839843750
-4431.1650977002091167378239333629608154296875
-5853.2245784016649849945679306983947753906250
-4332.5046190452549126348458230495452880859375
719.0240422664685411291429772973060607910156
7566.6886757226957342936657369136810302734375
247.3696312873875342575047397986054420471191
1145.4216162348313901020446792244911193847656
-2735.2886381464131773100234568119049072265625
92.5980588640349253637396031990647315979004
-2263.0133145806994434678927063941955566406250
-3242.7240516769957139331381767988204956054688
1493.4830032777015276224119588732719421386719
-446.6808751214820745190081652253866195678711
-715.3540650925518775693490169942378997802734
-2678.1894171644971720525063574314117431640625
-4059.3180041267555679951328784227371215820312
-201.7077114564027624510345049202442169189453
632.3729105742777392151765525341033935546875
1730.3299610446301812771707773208618164062500
-1927.4831104128998049418441951274871826171875
-927.2105664150078609964111819863319396972656
-6497.6171582558263253304176032543182373046875
1570.0022710432165240490576252341270446777344
-1728.2847632959394559293286874890327453613281
-2105.5664717922340969380456954240798950195312
1315.0294050172481092886300757527351379394531
9550.2300215154045872623100876808166503906250
-2253.7371171907075222407002002000808715820312
-6182.8041684080517370603047311305999755859375
-2262.9216857536389397864695638418197631835938
2833.9811669676109886495396494865417480468750
-879.5752533519781763970968313515186309814453
3423.8036683065042780071962624788284301757812
-347.8910473320648293338308576494455337524414
1164.4236470748542160436045378446578979492188
2821.8646779823370707163121551275253295898438
982.7712256500435614725574851036071777343750
1627.6368728215209102927474305033683776855469
3197.3851371769310389936435967683792114257812
-2260.0504274801719475362915545701980590820312
2054.5850634968637677957303822040557861328125
-1300.1887804752452666434692218899726867675781
4375.0647983264634603983722627162933349609375
991.7336848486024791782256215810775756835938
5805.1228057184653152944520115852355957031250
2339.3297495017836808983702212572097778320312
2372.3734994108940554724540561437606811523438
-1386.4356957552467974892351776361465454101562
-2501.6665627196503010054584592580795288085938
-1793.1683638937279283709358423948287963867188
-3319.8035368473319977056235074996948242187500
1163.8743442948377833090489730238914489746094
-3204.0626947645428117539267987012863159179688
6667.8865041937551723094657063484191894531250
-2153.7028514864805401884950697422027587890625
2433.8096871011557595920749008655548095703125
-3862.8619789882518489321228116750717163085938
329.7103497114396191136620473116636276245117
-7465.9442039073946943972259759902954101562500
1675.4432404223173307400429621338844299316406
3034.6435510848914418602362275123596191406250
6933.1793783798466392909176647663116455078125
-5100.2653061396631528623402118682861328125000
1789.1599467611986256088130176067352294921875
-2657.3194220148457134200725704431533813476562
-4973.7557029717945624724961817264556884765625
-2338.8578118140867445617914199829101562500000
-3610.4163126805769934435375034809112548828125
1047.3879015140714727749582380056381225585938
-716.7962858291944030497688800096511840820312
-1568.2051501777339126419974491000175476074219
-234.6844453342908707327296724542975425720215
4145.2415201414223702158778905868530273437500
-1941.7384976718899451952893286943435668945312
-4361.7517398874242644524201750755310058593750
-5454.4042235963943312526680529117584228515625
-2026.2740143705957507336279377341270446777344
1915.7036197723080022115027531981468200683594
573.1984240026971519910148344933986663818359
4410.1033036889812137815169990062713623046875
2905.2551158492701688373927026987075805664062
-1212.9667208786233913997421041131019592285156
-1090.7205659760934395308140665292739868164062
-3397.7617129393479444843251258134841918945312
4167.3025494140656519448384642601013183593750
331.3404740034961832861881703138351440429688
159.6518820477551230396784376353025436401367
633.0466163751655130909057334065437316894531
1617.3900050879715308838058263063430786132812
5215.6429270939743219059891998767852783203125
-3765.2935157242013701761607080698013305664062
-2466.0113756641935651714447885751724243164062
152.2338366092204182677960488945245742797852
-662.1881721501227957560331560671329498291016
-376.6629443732160211766313295811414718627930
237.1940804300543845783977303653955459594727
969.1931411760905348273809067904949188232422
3055.0227303311967261834070086479187011718750
-1910.6815629155978513153968378901481628417969
-1213.5132247318954341608332470059394836425781
-3233.4786681518203295127023011445999145507812
-482.4531794569095382030354812741279602050781
462.0638316071619442482187878340482711791992
933.1538888275571252961526624858379364013672
239.8701794540809260070091113448143005371094
-5990.5482789017869436065666377544403076171875
1029.6809703599103613669285550713539123535156
-1110.1474004394140138174407184123992919921875
-2397.1865098248435970162972807884216308593750
4994.4526679277778384857811033725738525390625
-3611.3347582084984424000140279531478881835938
-1266.3314570240313514659646898508071899414062
1949.6836639276345977123128250241279602050781
-1706.7991056013763682130957022309303283691406
3473.2874748030935734277591109275817871093750
-6304.8173553656442891224287450313568115234375
-2810.4240764570567989721894264221191406250000
-950.8226799241122080275090411305427551269531
-5816.6768968144506288808770477771759033203125
3916.1306217990131699480116367340087890625000
3785.8043269602217151259537786245346069335938
-140.8581547257107047244062414392828941345215
-1467.0363258754573507758323103189468383789062
-1103.9360258367037204152438789606094360351562
936.0601422649255027863546274602413177490234
769.9536371677528450163663364946842193603516
588.8835852147705054449033923447132110595703
1907.6970677555354996002279222011566162109375
-2316.0393181392219048575498163700103759765625
3302.6865633777447328611742705106735229492188
3654.5958818346721272973809391260147094726562
-3407.6212871775442181387916207313537597656250
1889.9419892962914673262275755405426025390625
197.1246142831124643635121174156665802001953
-5287.7349767942023390787653625011444091796875
-1508.7329501593492295796750113368034362792969
-853.4756339146546224583289586007595062255859
-2645.3084318333981173054780811071395874023438
1211.9660414861286881205160170793533325195312
-1612.3974713125448943173978477716445922851562
2469.0604008927707582188304513692855834960938
-1489.4910670173637754487572237849235534667969
-2754.6835966223866307700518518686294555664062
1548.0684385280210335622541606426239013671875
961.1381434675532773326267488300800323486328
-3395.1609963279342991882003843784332275390625
1428.4452964885442725062603130936622619628906
946.6896943559212331820162944495677947998047
4329.2519989905476904823444783687591552734375
-455.3697297344581329525681212544441223144531
1710.9174663539922676136484369635581970214844
-396.7591302729975950569496490061283111572266
-659.2758485722625891867210157215595245361328
-1327.9830442758163826511008664965629577636719
-825.4799327156664503490901552140712738037109
-1182.0244451826411022921092808246612548828125
-1408.1084568284109082014765590429306030273438
172.2014962544130298738309647887945175170898
650.3740711593790138067561201751232147216797
670.6414517249941127374768257141113281250000
952.9049455085993258762755431234836578369141
-723.8307957087279191910056397318840026855469
708.1155296374262206882121972739696502685547
773.8704368996038738259812816977500915527344
1771.6454156314632655266905203461647033691406
-547.0301886661156913760351017117500305175781
23.6699894019973342551566020119935274124146
4337.0486608187320598517544567584991455078125
1013.7579419246090992601239122450351715087891
-532.9959711187010498179006390273571014404297
1785.7535754170557993347756564617156982421875
2226.3412435199629726412240415811538696289062
-1575.4393641722090251278132200241088867187500
-2508.8303615253225871128961443901062011718750
1477.2172892950306959392037242650985717773438
1000.5472712521026323884143494069576263427734
2346.2086030051195848500356078147888183593750
396.1997682813237702248443383723497390747070
-1484.2771349967733840458095073699951171875000
3714.8954124979886728397104889154434204101562
2134.9851956998454625136218965053558349609375
-258.7330926152544634533114731311798095703125
-3480.1402752031199270277284085750579833984375
-2067.6917550296720946789719164371490478515625
827.5669926388170551945222541689872741699219
-471.3736794713012727697787340730428695678711
1663.7563503255714749684557318687438964843750
3358.0689964524331116990651935338973999023438
1588.5817653137685283581959083676338195800781
-406.6170585774375467735808342695236206054688
3697.2488198544947408663574606180191040039062
-575.1177835698761100502451881766319274902344
370.7343681245414472869015298783779144287109
-4750.4088327844237937824800610542297363281250
1923.3269084245810063293902203440666198730469
-293.7303327873288480986957438290119171142578
1050.2029736848860466125188395380973815917969
5357.2164217831341375131160020828247070312500
-2761.3247280984778626589104533195495605468750
-842.7056605945874707686016336083412170410156
-1532.2327984632127026998205110430717468261719
-881.2209547156330700090620666742324829101562
-756.5914598528306669322773814201354980468750
-1013.6564544416206672394764609634876251220703
-649.0057142731153589920722879469394683837891
3000.5427636218005318369250744581222534179688
-368.1204806929635537926515098661184310913086
-805.1727811053591494783177040517330169677734
513.6072810923709539565606974065303802490234
3139.7294587704641344316769391298294067382812
-1020.9668997137412134179612621665000915527344
-3580.9298808747457769641187041997909545898438
-2421.3733914509916758106555789709091186523438
3273.6631558462809152842964977025985717773438
-1212.0853345215939498302759602665901184082031
2574.6358086164404994633514434099197387695312
-1164.7280747441120638541178777813911437988281
1211.3709654970887186209438368678092956542969
1585.3734373315419361460953950881958007812500
-698.8571505107371422127471305429935455322266
1656.4180005371426886995323002338409423828125
-3192.3487519475775116006843745708465576171875
-1665.9824496504306807764805853366851806640625
1174.7102489726671592507045716047286987304688
262.9206275694631926853617187589406967163086
2142.9551007526306420913897454738616943359375
1451.2896580835420081712072715163230895996094
875.2051810924851906747790053486824035644531
1266.8991544254686232306994497776031494140625
-2393.7086412396683954284526407718658447265625
1021.6629060746188315533800050616264343261719
852.2454683973387545847799628973007202148438
1067.1350891612769373750779777765274047851562
157.1132265077804959219065494835376739501953
-104.0771580308646946377848507836461067199707
-2241.6010982347474964626599103212356567382812
-607.0905719807467448845272883772850036621094
817.4992382383136373391607776284217834472656
-170.4436818240679656355496263131499290466309
-592.3719193975204007074353285133838653564453
-1038.7320359602497319428948685526847839355469
-1723.4532401905771621386520564556121826171875
182.7275719177189614583767252042889595031738
2280.8669288407477324653882533311843872070312
-171.0748471721356054331408813595771789550781
-752.4937786078321551030967384576797485351562
-1036.6449547380648255057167261838912963867188
349.5953277872129660863720346242189407348633
1797.1742089058911915344651788473129272460938
-160.8539170087528020758327329531311988830566
-714.2695880762697697718976996839046478271484
1292.9400786200328639097278937697410583496094
1299.4134183917067275615409016609191894531250
-112.1632162775593997139367274940013885498047
1162.1468125910819253476802259683609008789062
711.5855910539689830329734832048416137695312
-344.8351317028945004494744352996349334716797
-1020.9939430895526584208710119128227233886719
-87.6201948444100793267352855764329433441162
1293.7936164513087078375974670052528381347656
2026.8671674075146711402339860796928405761719
387.5467672769258911102951969951391220092773
-613.5737045473814532670076005160808563232422
-3138.2662663641499420918989926576614379882812
559.1451626691181218120618723332881927490234
279.4855662450573845489998348057270050048828
-2637.7315263876575954782310873270034790039062
-237.5749109332167279262648662552237510681152
-2411.0403954382504707609768956899642944335938
1764.8804626005323825665982440114021301269531
-1033.4458356247673691541422158479690551757812
-886.2616568523626483511179685592651367187500
-1338.1803766155576340679544955492019653320312
