1.1555994019961619567737898250925354659557
-148.5003471235577308107167482376098632812500
5386.6527620610368103371001780033111572265625
-88847.6938389185233972966670989990234375000000
787858.0212394155096262693405151367187500000000
-4007332.3596192547120153903961181640625000000000
11618699.5646040085703134536743164062500000000000
-16869147.9335900470614433288574218750000000000000
4563836.1656010206788778305053710937500000000000
11383884.4856228902935981750488281250000000000000
15173203.3264980204403400421142578125000000000000
-47503154.2265911325812339782714843750000000000000
-21465404.2473799996078014373779296875000000000000
116672032.8689654618501663208007812500000000000000
-53934604.1307186186313629150390625000000000000000
-82178889.5618887692689895629882812500000000000000
64311135.8695845976471900939941406250000000000000
66570502.6822173818945884704589843750000000000000
-92731767.1209154874086380004882812500000000000000
37259276.6205501928925514221191406250000000000000
-29262639.3356842473149299621582031250000000000000
-16536722.8330504205077886581420898437500000000000
36421684.7191815152764320373535156250000000000000
39803405.9700563251972198486328125000000000000000
-26224444.7179532423615455627441406250000000000000
-25297323.5931186974048614501953125000000000000000
15140686.2719427831470966339111328125000000000000
538945.6946228914894163608551025390625000000000
11152555.7397649548947811126708984375000000000000
-17334552.3485126458108425140380859375000000000000
-1550398.1442811049055308103561401367187500000000
-23400739.7198274247348308563232421875000000000000
19989558.8724895752966403961181640625000000000000
-10982402.4436569996178150177001953125000000000000
15902707.0063103828579187393188476562500000000000
8353007.5107822148129343986511230468750000000000
-5110535.5948586659505963325500488281250000000000
18353453.7167230658233165740966796875000000000000
-3535874.8490263596177101135253906250000000000000
-16807779.0620199143886566162109375000000000000000
-2725820.7562126684933900833129882812500000000000
-2298799.6876706532202661037445068359375000000000
5810278.4965028241276741027832031250000000000000
-11377158.8079448584467172622680664062500000000000
3705613.8165367878973484039306640625000000000000
17062736.3107590787112712860107421875000000000000
-1946006.5488515449687838554382324218750000000000
17202150.6023851744830608367919921875000000000000
-5131651.2398310163989663124084472656250000000000
-11471026.4104515649378299713134765625000000000000
-3616152.6784470239654183387756347656250000000000
481323.2179568592691794037818908691406250000000
-11266945.9049311298877000808715820312500000000000
1374596.3433093784842640161514282226562500000000
-13459026.4465021379292011260986328125000000000000
-453158.3966536351945251226425170898437500000000
-20876736.7684528939425945281982421875000000000000
7985658.8352879462763667106628417968750000000000
13724327.9552560467272996902465820312500000000000
16334574.2577169854193925857543945312500000000000
1879029.1231021459680050611495971679687500000000
1104315.8851201259531080722808837890625000000000
7304043.7182537494227290153503417968750000000000
11867690.1688524316996335983276367187500000000000
-32267786.6694985069334506988525390625000000000000
20820898.6762942634522914886474609375000000000000
3469233.6293382821604609489440917968750000000000
-12074034.4107670933008193969726562500000000000000
12603311.6211690846830606460571289062500000000000
2630751.3186137652955949306488037109375000000000
10177793.4362569227814674377441406250000000000000
7923678.3869319744408130645751953125000000000000
-12612752.4669075515121221542358398437500000000000
4898263.3807246694341301918029785156250000000000
-12138797.5902479719370603561401367187500000000000
3865543.2322346256114542484283447265625000000000
-10945397.6756383702158927917480468750000000000000
4993690.9268191885203123092651367187500000000000
-11072637.0705136787146329879760742187500000000000
-23641135.4371568709611892700195312500000000000000
-27088058.0508822612464427947998046875000000000000
22519985.3534698151051998138427734375000000000000
-4370242.2431388627737760543823242187500000000000
9831307.1962871477007865905761718750000000000000
13686016.7935467232018709182739257812500000000000
-17137095.5758025534451007843017578125000000000000
-12735814.2750937920063734054565429687500000000000
6776121.5653668120503425598144531250000000000000
14970374.5802590660750865936279296875000000000000
28496956.4502186998724937438964843750000000000000
7753516.8982029566541314125061035156250000000000
9217968.0666808430105447769165039062500000000000
-3685536.5479489071294665336608886718750000000000
5093523.1686321208253502845764160156250000000000
-21662865.5750740207731723785400390625000000000000
8475627.3494162559509277343750000000000000000000
-17039238.2045188508927822113037109375000000000000
-1992361.3442119660321623086929321289062500000000
-22182919.1786721758544445037841796875000000000000
15013304.9981458168476819992065429687500000000000
8083148.0847316654399037361145019531250000000000
1598844.9058903087861835956573486328125000000000
-6642560.0200987877324223518371582031250000000000
8683271.3885816987603902816772460937500000000000
4680098.1059376746416091918945312500000000000000
4031465.4753590631298720836639404296875000000000
-27187205.2044671289622783660888671875000000000000
11443615.3354795947670936584472656250000000000000
-7226358.1326415054500102996826171875000000000000
10855338.7449549753218889236450195312500000000000
4647969.1330160060897469520568847656250000000000
-4453737.4521692832931876182556152343750000000000
7102019.8248309269547462463378906250000000000000
5390116.6998865045607089996337890625000000000000
-18881968.1103388704359531402587890625000000000000
3988110.5941621237434446811676025390625000000000
8804486.0059070326387882232666015625000000000000
2012944.4166297139599919319152832031250000000000
14118215.2730695828795433044433593750000000000000
-7264395.2236551344394683837890625000000000000000
4517523.2740663764998316764831542968750000000000
-15181377.3708864878863096237182617187500000000000
13823714.8994505107402801513671875000000000000000
-25298648.1235795952379703521728515625000000000000
8299506.6304231761023402214050292968750000000000
-2284339.1701854248531162738800048828125000000000
566373.7977040936239063739776611328125000000000
9075023.4143860507756471633911132812500000000000
1633884.3951884834095835685729980468750000000000
-2462874.6146768210455775260925292968750000000000
8025629.1235197195783257484436035156250000000000
-24034735.7853252477943897247314453125000000000000
-24486740.1830680705606937408447265625000000000000
11564708.0024246461689472198486328125000000000000
8241908.2147663179785013198852539062500000000000
-1661523.0657355468720197677612304687500000000000
3493488.2289721444249153137207031250000000000000
271364.5352725725388154387474060058593750000000
12148329.4011752437800168991088867187500000000000
-3369094.8476411267183721065521240234375000000000
8418221.7358278017491102218627929687500000000000
-869803.8967541110469028353691101074218750000000
18771603.3276319056749343872070312500000000000000
-538179.0998750157887116074562072753906250000000
5341419.6441066563129425048828125000000000000000
-25316677.2672722563147544860839843750000000000000
10445481.3058208674192428588867187500000000000000
-12734720.7555886004120111465454101562500000000000
-6405571.4447676679119467735290527343750000000000
-23768858.7197949588298797607421875000000000000000
7245517.8939549997448921203613281250000000000000
2205348.6821976844221353530883789062500000000000
10100756.7448110319674015045166015625000000000000
17726848.3034939914941787719726562500000000000000
-10939051.7392397448420524597167968750000000000000
14024763.7791645005345344543457031250000000000000
4825549.6979694114997982978820800781250000000000
-12052753.9825344849377870559692382812500000000000
-27068852.9590264260768890380859375000000000000000
-926527.7511888704029843211174011230468750000000
9406662.6606846917420625686645507812500000000000
-4508926.9493699064478278160095214843750000000000
-7309466.8192253299057483673095703125000000000000
2756358.0865521701052784919738769531250000000000
16665868.4333648048341274261474609375000000000000
9087064.9946254752576351165771484375000000000000
16061997.7544149998575448989868164062500000000000
17933802.6099319420754909515380859375000000000000
-9547474.8231596853584051132202148437500000000000
-5992260.7026743097230792045593261718750000000000
-9887456.3637505080550909042358398437500000000000
-14087527.6688090562820434570312500000000000000000
-3050799.5947883767075836658477783203125000000000
-802936.0304641281254589557647705078125000000000
-4121895.8543547582812607288360595703125000000000
11607139.3058230709284543991088867187500000000000
-20291176.9086291640996932983398437500000000000000
-9107219.1970567088574171066284179687500000000000
-195831.1960355827177409082651138305664062500000
-15386709.8028342872858047485351562500000000000000
6336588.4367748741060495376586914062500000000000
-3165249.6861808369867503643035888671875000000000
17305525.0549021698534488677978515625000000000000
-1187335.4863763253670185804367065429687500000000
-3592819.1834712633863091468811035156250000000000
23162287.2144756317138671875000000000000000000000
18463019.6208365298807621002197265625000000000000
-3464080.4053679201751947402954101562500000000000
5230328.2120982166379690170288085937500000000000
-4980105.1079299757257103919982910156250000000000
6597971.4630007762461900711059570312500000000000
5286581.1884852657094597816467285156250000000000
13182604.5359616875648498535156250000000000000000
-6969872.4643518403172492980957031250000000000000
-6832116.7001938661560416221618652343750000000000
7050456.6566389426589012145996093750000000000000
1259522.6485018886160105466842651367187500000000
4423021.8007435789331793785095214843750000000000
13275040.7331016734242439270019531250000000000000
3354761.1096320403739809989929199218750000000000
5786259.4038878567516803741455078125000000000000
429043.8531588918413035571575164794921875000000
-2433067.9859949871897697448730468750000000000000
-6251103.8813348598778247833251953125000000000000
-32735177.4500191584229469299316406250000000000000
-5953094.4592123720794916152954101562500000000000
2116397.3387933191843330860137939453125000000000
-4161329.2507708687335252761840820312500000000000
-2392518.4500973001122474670410156250000000000000
-11185192.0994069855660200119018554687500000000000
-4824751.4842707114294171333312988281250000000000
5264032.0242022499442100524902343750000000000000
7031616.7227478502318263053894042968750000000000
-12072615.9270674567669630050659179687500000000000
2982503.8418967989273369312286376953125000000000
3956487.3466664450243115425109863281250000000000
11443457.5262306779623031616210937500000000000000
-35242568.9682440757751464843750000000000000000000
-6292280.1502823550254106521606445312500000000000
4014579.1857214127667248249053955078125000000000
1756432.2348358696326613426208496093750000000000
-727609.2785983522189781069755554199218750000000
-6773148.8492294866591691970825195312500000000000
-10652484.3584119882434606552124023437500000000000
12703107.3792093172669410705566406250000000000000
1612289.4269750260282307863235473632812500000000
-5069622.4574224269017577171325683593750000000000
10996279.0840381905436515808105468750000000000000
-8247780.9512572651728987693786621093750000000000
39256305.7174430787563323974609375000000000000000
7384101.1459143329411745071411132812500000000000
1733627.1451305330265313386917114257812500000000
2908391.4712727586738765239715576171875000000000
-10569482.5222004819661378860473632812500000000000
13303402.9792816005647182464599609375000000000000
-3879997.5865425798110663890838623046875000000000
12419163.4823885653167963027954101562500000000000
6434347.2491506021469831466674804687500000000000
-5273502.4613853665068745613098144531250000000000
-10405942.4111226424574851989746093750000000000000
2621533.0176261537708342075347900390625000000000
-341098.2220500871771946549415588378906250000000
5366718.2380854357033967971801757812500000000000
-10690020.9447828251868486404418945312500000000000
9641393.7530782707035541534423828125000000000000
-15669689.1576918978244066238403320312500000000000
-4592282.8461291017010807991027832031250000000000
-6368190.9267143635079264640808105468750000000000
-5402724.4075846336781978607177734375000000000000
9134828.2696070186793804168701171875000000000000
193885.0296780336357187479734420776367187500000
302059.9272158211097121238708496093750000000000
1385272.8063966459594666957855224609375000000000
-501689.8334748045308515429496765136718750000000
2132775.3334120744839310646057128906250000000000
9668270.6233228836208581924438476562500000000000
-20235750.7177504971623420715332031250000000000000
-5428622.2199362358078360557556152343750000000000
9514961.1158956680446863174438476562500000000000
-22934726.0543038100004196166992187500000000000000
-5624232.0534585416316986083984375000000000000000
8400101.1242576781660318374633789062500000000000
-18689345.4014317654073238372802734375000000000000
-9204660.2558358237147331237792968750000000000000
-13399674.6791036222130060195922851562500000000000
9860974.0014380346983671188354492187500000000000
7350670.4082389324903488159179687500000000000000
-887972.4486865971703082323074340820312500000000
2124880.9958819397725164890289306640625000000000
-2189752.7407618728466331958770751953125000000000
16206473.3274111617356538772583007812500000000000
3187411.7391099571250379085540771484375000000000
-3556703.1629254990257322788238525390625000000000
9392354.7676964327692985534667968750000000000000
2651410.8438249356113374233245849609375000000000
-179944.5001239352277480065822601318359375000000
-10879821.2649467214941978454589843750000000000000
16300581.8040835279971361160278320312500000000000
5851817.6970259882509708404541015625000000000000
-484966.4599468866945244371891021728515625000000
-18738694.3404470644891262054443359375000000000000
-75480.0989721541700419038534164428710937500000
-5473201.9195737382397055625915527343750000000000
14483601.7953867483884096145629882812500000000000
4266311.6799826957285404205322265625000000000000
-3551545.4064147500321269035339355468750000000000
-2823543.1146200350485742092132568359375000000000
11818177.4718267694115638732910156250000000000000
2845414.7697804961353540420532226562500000000000
-1256320.9527449514716863632202148437500000000000
3108984.3916823226027190685272216796875000000000
2202939.2164959446527063846588134765625000000000
29099364.9555952176451683044433593750000000000000
5273131.3683273587375879287719726562500000000000
-8391342.2977642081677913665771484375000000000000
-1540742.5098379557020962238311767578125000000000
14305671.0401974171400070190429687500000000000000
9739060.9065742399543523788452148437500000000000
-2328363.4510882617905735969543457031250000000000
9391932.2237241603434085845947265625000000000000
-11266071.3205587603151798248291015625000000000000
-6470720.3928321152925491333007812500000000000000
-3080186.2575263697654008865356445312500000000000
-787656.7250566491857171058654785156250000000000
412958.1576873802114278078079223632812500000000
6870481.1540715694427490234375000000000000000000
5260746.5936911804601550102233886718750000000000
12342398.9883863516151905059814453125000000000000
4855036.6389125604182481765747070312500000000000
-5244025.3469648826867341995239257812500000000000
-4922608.5604387875646352767944335937500000000000
2530287.0942707532085478305816650390625000000000
8679848.7245716154575347900390625000000000000000
-12938101.9947466738522052764892578125000000000000
-2670930.6358430292457342147827148437500000000000
4829021.4320492316037416458129882812500000000000
-17071202.4554046057164669036865234375000000000000
697520.7307657483033835887908935546875000000000
-3368318.3551091994158923625946044921875000000000
-4457413.0084173930808901786804199218750000000000
-4711084.5611595995724201202392578125000000000000
-7058274.4644211139529943466186523437500000000000
-4625021.6587285958230495452880859375000000000000
-3648063.2683957847766578197479248046875000000000
-1113787.4420954545494168996810913085937500000000
-15492038.3775579258799552917480468750000000000000
-7380180.8738463269546627998352050781250000000000
8860269.1564878541976213455200195312500000000000
-3279491.4727629707194864749908447265625000000000
2571642.6848076512105762958526611328125000000000
-4050144.5090771806426346302032470703125000000000
5109187.1592425908893346786499023437500000000000
-3651826.6308740768581628799438476562500000000000
-3000002.4734243392013013362884521484375000000000
-2385951.5345895746722817420959472656250000000000
5202040.6813391493633389472961425781250000000000
-103516.7861717125342693179845809936523437500000
-14494454.0981287639588117599487304687500000000000
-3847078.0262495721690356731414794921875000000000
6586993.2432316718623042106628417968750000000000
-4703754.9960743840783834457397460937500000000000
-4215132.0500314971432089805603027343750000000000
4184362.1359437354840338230133056640625000000000
2011560.6964462427422404289245605468750000000000
3074300.0050816866569221019744873046875000000000
1348576.9050036955159157514572143554687500000000
601916.9328711087582632899284362792968750000000
6531815.3275589356198906898498535156250000000000
-4117158.2294216789305210113525390625000000000000
-5684830.9776600860059261322021484375000000000000
3435805.3382286196574568748474121093750000000000
1568792.8690858250483870506286621093750000000000
675480.9731271510245278477668762207031250000000
-5826676.1806387286633253097534179687500000000000
11877258.6856406647711992263793945312500000000000
340860.0747689679265022277832031250000000000000
-4822409.7882774062454700469970703125000000000000
4293042.6831879792734980583190917968750000000000
5237559.4957812940701842308044433593750000000000
733091.3697826171992346644401550292968750000000
2301417.4088496305048465728759765625000000000000
3748428.0203836383298039436340332031250000000000
-2997878.3707664734683930873870849609375000000000
-14702639.6185687500983476638793945312500000000000
1845381.3642013627104461193084716796875000000000
-1636602.9045929140411317348480224609375000000000
3598849.5546356714330613613128662109375000000000
-1003915.9551245609764009714126586914062500000000
9336765.4874697085469961166381835937500000000000
1261638.5295326462946832180023193359375000000000
-8362026.7343558659777045249938964843750000000000
-10551603.8104886598885059356689453125000000000000
-458990.4538166050915606319904327392578125000000
4750241.8072730172425508499145507812500000000000
-4312348.9221148425713181495666503906250000000000
-15210081.7251688800752162933349609375000000000000
2879966.0891849105246365070343017578125000000000
-6176689.8041843110695481300354003906250000000000
-2202481.0272564697079360485076904296875000000000
5003596.2054663524031639099121093750000000000000
-1644002.3292256018612533807754516601562500000000
5004481.8150479858741164207458496093750000000000
6445690.5201061218976974487304687500000000000000
-917902.0319971101125702261924743652343750000000
1579949.2802162789739668369293212890625000000000
8528256.3198446054011583328247070312500000000000
11324201.8533589690923690795898437500000000000000
-1742950.4444975347723811864852905273437500000000
10304717.9127072673290967941284179687500000000000
4593798.2669838452711701393127441406250000000000
-2812216.3070733058266341686248779296875000000000
5473996.8006012393161654472351074218750000000000
3772983.2790051386691629886627197265625000000000
6129463.3710846677422523498535156250000000000000
2955561.1308941878378391265869140625000000000000
-1340320.9212286032270640134811401367187500000000
-14346388.1000253930687904357910156250000000000000
-3094377.6259775185026228427886962890625000000000
4429296.7046329788863658905029296875000000000000
-10208741.7703668493777513504028320312500000000000
2932682.9485287112183868885040283203125000000000
-2993895.7832118743099272251129150390625000000000
-4720401.0765951704233884811401367187500000000000
-635426.3964843548601493239402770996093750000000
-1457987.7333104687277227640151977539062500000000
6676397.6719535086303949356079101562500000000000
2335402.4686912954784929752349853515625000000000
-537079.7961502941325306892395019531250000000000
-422713.1369188348180614411830902099609375000000
12108452.5314012505114078521728515625000000000000
1901182.2255862406454980373382568359375000000000
-3942157.0437804944813251495361328125000000000000
-436067.4507894548005424439907073974609375000000
-1089627.6590375527739524841308593750000000000000
2178550.8286328329704701900482177734375000000000
6360245.2312417887151241302490234375000000000000
2187715.2519178516231477260589599609375000000000
5381256.6578515395522117614746093750000000000000
4320699.5833257436752319335937500000000000000000
-6292153.1450716778635978698730468750000000000000
-6275.7459291407712953514419496059417724609375
-530902.2836344947572797536849975585937500000000
-407912.1877850964665412902832031250000000000000
1892275.3068999403622001409530639648437500000000
-5170728.9473703484982252120971679687500000000000
-3965945.5763619281351566314697265625000000000000
-316363.6965126998838968575000762939453125000000
-9505030.0293565336614847183227539062500000000000
46479.8014226919258362613618373870849609375000
-7025592.6867416622117161750793457031250000000000
10326558.7652999181300401687622070312500000000000
4991197.2059952290728688240051269531250000000000
-206422.4773313017503824084997177124023437500000
-3580698.3056436213664710521697998046875000000000
3469154.5002358388155698776245117187500000000000
-7523957.3942363979294896125793457031250000000000
-7662189.4361105905845761299133300781250000000000
3324209.2874366934411227703094482421875000000000
3868176.1613024761900305747985839843750000000000
5407145.0148725565522909164428710937500000000000
8194585.1795315472409129142761230468750000000000
7555301.7523597897961735725402832031250000000000
3128469.8599006459116935729980468750000000000000
-3630902.5095068323425948619842529296875000000000
1748542.6876918694470077753067016601562500000000
3784737.3886037450283765792846679687500000000000
-7593595.1876068422570824623107910156250000000000
1110596.1476248342078179121017456054687500000000
2231320.7802922511473298072814941406250000000000
713059.3188546299934387207031250000000000000000
-1102711.1493974144104868173599243164062500000000
-4516529.9315220965072512626647949218750000000000
-11532522.9193910695612430572509765625000000000000
7117223.9612810285761952400207519531250000000000
-2392929.2679509092122316360473632812500000000000
-159083.8909367645101156085729598999023437500000
2165761.5842726151458919048309326171875000000000
-6703168.4372083712369203567504882812500000000000
-6275001.2061528507620096206665039062500000000000
-3641173.6169889303855597972869873046875000000000
6098076.5021939715370535850524902343750000000000
-4288866.1243851250037550926208496093750000000000
5519554.1484690280631184577941894531250000000000
4660584.1673139100894331932067871093750000000000
-1250816.0164573842193931341171264648437500000000
-7827991.0677565066143870353698730468750000000000
-2025191.5762363846879452466964721679687500000000
-1524256.4723333297297358512878417968750000000000
1188061.3178474518936127424240112304687500000000
5630875.4263687105849385261535644531250000000000
-878682.7685281353769823908805847167968750000000
-2323005.6778934481553733348846435546875000000000
-4193279.3818656546063721179962158203125000000000
6753868.9216301729902625083923339843750000000000
399463.2823131484328769147396087646484375000000
1721861.4446799459401518106460571289062500000000
-4998280.2647624574601650238037109375000000000000
-3603584.1317163859494030475616455078125000000000
-1061796.0778356459923088550567626953125000000000
6820801.1170421512797474861145019531250000000000
-5948475.6123226396739482879638671875000000000000
5561956.6896312851458787918090820312500000000000
-2397701.0667322142980992794036865234375000000000
1132917.4245742736384272575378417968750000000000
-11075729.9005748741328716278076171875000000000000
2611805.8253559190779924392700195312500000000000
3409234.6054601594805717468261718750000000000000
-2023578.1945785589050501585006713867187500000000
3519044.3492219173349440097808837890625000000000
-3059225.7217239858582615852355957031250000000000
-2306483.2438444280996918678283691406250000000000
-3889036.4164723777212202548980712890625000000000
6028498.6581883067265152931213378906250000000000
-10652997.7329806797206401824951171875000000000000
-4730689.4222995154559612274169921875000000000000
6335577.6702798409387469291687011718750000000000
499303.2933650853228755295276641845703125000000
-1466912.3855167999863624572753906250000000000000
187762.1279955470527056604623794555664062500000
4949807.2823698911815881729125976562500000000000
-492154.4667538856738246977329254150390625000000
-133177.5953142267535440623760223388671875000000
6918026.6708513731136918067932128906250000000000
784915.9396524215117096900939941406250000000000
5460619.8267847383394837379455566406250000000000
-750332.1402418778743594884872436523437500000000
-397048.6395945762051269412040710449218750000000
-1017263.0206497963517904281616210937500000000000
-7277736.2038028622046113014221191406250000000000
-640200.5544323651120066642761230468750000000000
6460771.8493966022506356239318847656250000000000
-6607384.7006867146119475364685058593750000000000
-6101734.9626358058303594589233398437500000000000
2263452.2777316123247146606445312500000000000000
877182.4793818655889481306076049804687500000000
-7474424.4746415670961141586303710937500000000000
-3984165.8624424277804791927337646484375000000000
103813.7161815693980315700173377990722656250000
4697274.1727766338735818862915039062500000000000
1810539.0663778805173933506011962890625000000000
-331605.7517923581763170659542083740234375000000
3504964.5593453031033277511596679687500000000000
-7991181.8632178902626037597656250000000000000000
2357329.8956291261129081249237060546875000000000
8848769.2979388292878866195678710937500000000000
-6445799.0743647813796997070312500000000000000000
5638987.8214242886751890182495117187500000000000
-681781.5995298975612968206405639648437500000000
-3987350.0939589519985020160675048828125000000000
-1253759.0640882358420640230178833007812500000000
-907598.0380307745654135942459106445312500000000
4772646.1655199918895959854125976562500000000000
261926.5347275710373651236295700073242187500000
1794482.7899622188415378332138061523437500000000
-165022.2624515962379518896341323852539062500000
98722.7299326408101478591561317443847656250000
1828295.9036870102863758802413940429687500000000
3401474.8697707979008555412292480468750000000000
52877.1491316132087376900017261505126953125000
4454250.1976879183202981948852539062500000000000
1043245.1675068167969584465026855468750000000000
-3921216.5975581309758126735687255859375000000000
-286232.5793423678260296583175659179687500000000
-4191525.9764347216114401817321777343750000000000
-1344932.5776026854291558265686035156250000000000
-2814119.1654741945676505565643310546875000000000
3567412.8126886109821498394012451171875000000000
5445066.7770268628373742103576660156250000000000
-3050866.6867528520524501800537109375000000000000
4268498.1705805519595742225646972656250000000000
4974749.8389870645478367805480957031250000000000
3615600.7222657497040927410125732421875000000000
-466266.9531169174006208777427673339843750000000
1428596.9571148618124425411224365234375000000000
-939958.3972176264505833387374877929687500000000
-2459543.8801320111379027366638183593750000000000
-4712461.2795801209285855293273925781250000000000
-1167763.3878263116348534822463989257812500000000
3900898.4057853869162499904632568359375000000000
2168939.6815791367553174495697021484375000000000
3007006.1701696235686540603637695312500000000000
2426453.5526152243837714195251464843750000000000
1076650.0860619598533958196640014648437500000000
6294428.4822597475722432136535644531250000000000
-1638609.2140849714633077383041381835937500000000
1424785.3328364377375692129135131835937500000000
7970935.5112461196258664131164550781250000000000
-3414052.7502103326842188835144042968750000000000
5351326.8340229084715247154235839843750000000000
-4101318.5416399184614419937133789062500000000000
897878.6611364876152947545051574707031250000000
178049.4127733451314270496368408203125000000000
-2378893.3468315009959042072296142578125000000000
-4081823.7947171893902122974395751953125000000000
280601.9941374268964864313602447509765625000000
-1966843.5588313806802034378051757812500000000000
1542237.6149739709217101335525512695312500000000
-132806.4695084258564747869968414306640625000000
-1389357.0603864761069416999816894531250000000000
-3033974.7255138768814504146575927734375000000000
3581277.2471407945267856121063232421875000000000
283442.2507926316466182470321655273437500000000
-2886497.9093363601714372634887695312500000000000
-638364.1961148336995393037796020507812500000000
-3766286.7690338222309947013854980468750000000000
1890339.6765481343027204275131225585937500000000
-9227171.0513163823634386062622070312500000000000
-29528.3542779781346325762569904327392578125000
511917.7828393109957687556743621826171875000000
-4613223.0558408061042428016662597656250000000000
940896.7150737488409504294395446777343750000000
-573760.1802337225526571273803710937500000000000
2544193.9545346153900027275085449218750000000000
541216.8776734543498605489730834960937500000000
-753907.2449157193768769502639770507812500000000
-6173705.7781405048444867134094238281250000000000
2506139.4533648360520601272583007812500000000000
1389177.6760968118906021118164062500000000000000
-2396580.6439948808401823043823242187500000000000
-3117794.7500690910965204238891601562500000000000
3357755.9086506175808608531951904296875000000000
-2388709.9030494275502860546112060546875000000000
1078883.2248313459567725658416748046875000000000
3467623.9336437997408211231231689453125000000000
-1397806.3508639554493129253387451171875000000000
2821076.8498760992661118507385253906250000000000
1205147.1802301439456641674041748046875000000000
-2482318.4843745012767612934112548828125000000000
1456772.5711519981268793344497680664062500000000
240237.3849818691087421029806137084960937500000
183371.9183043950761202722787857055664062500000
1353105.0784954801201820373535156250000000000000
-4122204.9157163170166313648223876953125000000000
3265080.9428001474589109420776367187500000000000
-2228872.6713671637699007987976074218750000000000
-1192036.4083679351024329662322998046875000000000
-58400.2986677483931998722255229949951171875000
2929404.8222599816508591175079345703125000000000
-1809600.8865520854014903306961059570312500000000
-789021.3359290582593530416488647460937500000000
-5540353.3339821202680468559265136718750000000000
3731389.6737909885123372077941894531250000000000
-100826.9570781215443275868892669677734375000000
-2330062.0847340356558561325073242187500000000000
-1460580.9152932346332818269729614257812500000000
-628732.0529759789351373910903930664062500000000
-1395298.6205369823146611452102661132812500000000
1561868.0516435455065220594406127929687500000000
1952153.6473920613061636686325073242187500000000
7066769.3637590175494551658630371093750000000000
625265.4198854377027601003646850585937500000000
-212900.7491109228576533496379852294921875000000
-2947498.5266976850107312202453613281250000000000
2063208.6024658344686031341552734375000000000000
-2908350.9936249624006450176239013671875000000000
501678.6426320822793059051036834716796875000000
-1462305.5675239386036992073059082031250000000000
2205812.2726550600491464138031005859375000000000
460294.1450241668499074876308441162109375000000
-319848.8059755768626928329467773437500000000000
225432.6019888198352418839931488037109375000000
2289075.0566393774934113025665283203125000000000
-86586.4577331134059932082891464233398437500000
-2543858.7822260363027453422546386718750000000000
-1722631.5127619281411170959472656250000000000000
-2740440.4106867494992911815643310546875000000000
-1599734.2110383908730000257492065429687500000000
2877625.7101964307948946952819824218750000000000
-1800180.3900866669137030839920043945312500000000
-563630.9348411170067265629768371582031250000000
235334.4105999812600202858448028564453125000000
2170796.4120975420810282230377197265625000000000
-2881419.7193022430874407291412353515625000000000
1510303.2184993035625666379928588867187500000000
432474.9875516112660989165306091308593750000000
1325108.3374315765686333179473876953125000000000
3381270.0807965002022683620452880859375000000000
-1876282.7865863142069429159164428710937500000000
35112.9750617944955592975020408630371093750000
536952.2087268596515059471130371093750000000000
-707264.3887086737668141722679138183593750000000
-987424.3199591987067833542823791503906250000000
3538291.2844804972410202026367187500000000000000
546450.0836632932769134640693664550781250000000
207848.9346684004121925681829452514648437500000
1527232.3180842646397650241851806640625000000000
2882264.7881536176428198814392089843750000000000
1052372.1506170546635985374450683593750000000000
-2706559.7275775303132832050323486328125000000000
-2275320.3049144097603857517242431640625000000000
154150.1117344792874064296483993530273437500000
-3852413.9908610763959586620330810546875000000000
1096725.4031368575524538755416870117187500000000
-1249072.2223445107229053974151611328125000000000
2859532.5210251761600375175476074218750000000000
-1693865.9662832948379218578338623046875000000000
2046736.3237875357735902070999145507812500000000
745317.5264036958105862140655517578125000000000
-935904.5848790227901190519332885742187500000000
2100151.4765077382326126098632812500000000000000
2573637.4675831492058932781219482421875000000000
-1397782.8549768920056521892547607421875000000000
4085513.9250695696100592613220214843750000000000
-1731849.4831864037550985813140869140625000000000
-3833888.4394911499693989753723144531250000000000
-2488747.7500816741958260536193847656250000000000
516316.1484875910682603716850280761718750000000
-201217.1207528592203743755817413330078125000000
-1813499.9439702937379479408264160156250000000000
3959577.8031743196770548820495605468750000000000
-1557249.2235217206180095672607421875000000000000
256505.4608383506129030138254165649414062500000
779409.1742046402068808674812316894531250000000
982260.3821253844071179628372192382812500000000
-1242518.7915435133036226034164428710937500000000
4738613.4463163893669843673706054687500000000000
-3292756.7251835749484598636627197265625000000000
-1147294.2251977601554244756698608398437500000000
-95831.0798701187304686754941940307617187500000
-587783.8298974590143188834190368652343750000000
3234887.9819660307839512825012207031250000000000
403863.9264488943736068904399871826171875000000
-1194545.4304552075918763875961303710937500000000
-938194.6438900181092321872711181640625000000000
-1792732.2435438444372266530990600585937500000000
-724760.3096585700986906886100769042968750000000
-1338405.2427308093756437301635742187500000000000
2104236.3487533000297844409942626953125000000000
34500.7293452728117699734866619110107421875000
1993758.1797652547247707843780517578125000000000
-1868852.8780177941080182790756225585937500000000
-37894.1603462067141663283109664916992187500000
-2594226.6396886510774493217468261718750000000000
1719677.6284532207064330577850341796875000000000
-2225689.9191035027615725994110107421875000000000
2526064.6776692941784858703613281250000000000000
-5170831.6844273693859577178955078125000000000000
3663585.4881608840078115463256835937500000000000
-1077508.5639663224574178457260131835937500000000
379733.4137523802928626537322998046875000000000
2217272.6273366939276456832885742187500000000000
-3148278.7205823436379432678222656250000000000000
2298436.3964384528808295726776123046875000000000
143640.7029318193090148270130157470703125000000
784752.9228342710994184017181396484375000000000
792292.6221662157913669943809509277343750000000
899087.6559395375661551952362060546875000000000
2040207.3694643101189285516738891601562500000000
-1877331.5133897899650037288665771484375000000000
-1645690.5011335776653140783309936523437500000000
214824.2999691273726057261228561401367187500000
-222392.6306387912190984934568405151367187500000
-1552672.0559329327661544084548950195312500000000
1116617.2796042663976550102233886718750000000000
582083.6031189883360639214515686035156250000000
-1741375.7124486104585230350494384765625000000000
885297.6009221212007105350494384765625000000000
-1216553.2743937300983816385269165039062500000000
-1301808.5034768369514495134353637695312500000000
1416517.3358555687591433525085449218750000000000
634747.5306306583806872367858886718750000000000
407201.8064045266946777701377868652343750000000
-682709.7765801032073795795440673828125000000000
1802100.9355609675403684377670288085937500000000
-349625.5584604998002760112285614013671875000000
2312076.2998558967374265193939208984375000000000
-1734914.5699237245135009288787841796875000000000
882123.9577452704543247818946838378906250000000
80262.2194194835901726037263870239257812500000
-429796.7090962622314691543579101562500000000000
-707517.1679655953776091337203979492187500000000
1156205.9213958380278199911117553710937500000000
-152972.3216152349195908755064010620117187500000
-1251729.0496756869833916425704956054687500000000
-443965.4620780162513256072998046875000000000000
1920437.6510777941439300775527954101562500000000
-1203494.7998814492020756006240844726562500000000
615072.8413325245492160320281982421875000000000
-1757877.4769208070356398820877075195312500000000
-19787.8589864003333786968141794204711914062500
906375.2215059461304917931556701660156250000000
-1167432.0896294491831213235855102539062500000000
1652871.2418811542447656393051147460937500000000
-1202476.1839193787891417741775512695312500000000
-31280.8174851078692881856113672256469726562500
473022.1001263407524675130844116210937500000000
750266.5081895985640585422515869140625000000000
-87631.2808759490580996498465538024902343750000
-1498084.0274165708106011152267456054687500000000
-40426.3300837430142564699053764343261718750000
-1451265.1905005802400410175323486328125000000000
1230520.6381396653596311807632446289062500000000
-132513.2295987358666025102138519287109375000000
1662655.3239633645862340927124023437500000000000
2078357.8608100626152008771896362304687500000000
587164.7567484759492799639701843261718750000000
1515409.0494873295538127422332763671875000000000
3168941.7216553306207060813903808593750000000000
-2454314.5593334902077913284301757812500000000000
-2035721.1691798807587474584579467773437500000000
1176219.2996628140099346637725830078125000000000
975464.8918997626751661300659179687500000000000
-2032480.8783096221741288900375366210937500000000
-289017.6998590909643098711967468261718750000000
-457960.1035054079839028418064117431640625000000
-972152.4451471691718325018882751464843750000000
2008195.8426484758965671062469482421875000000000
-1334042.8197823336813598871231079101562500000000
1332863.2019247435964643955230712890625000000000
-983443.8658306272700428962707519531250000000000
-767399.2071737337391823530197143554687500000000
-291802.5378025513491593301296234130859375000000
509806.5387371038668788969516754150390625000000
-32835.2956130466627655550837516784667968750000
-133322.7822236816282384097576141357421875000000
1586617.9652636258397251367568969726562500000000
229581.6958327704051043838262557983398437500000
-337649.6973220421350561082363128662109375000000
1128091.7961604269221425056457519531250000000000
-241652.4834025031886994838714599609375000000000
-1815581.4095048231538385152816772460937500000000
-109244.0476979863742599263787269592285156250000
-2094911.9194369930773973464965820312500000000000
728948.9678378896787762641906738281250000000000
-1387147.7935282129328697919845581054687500000000
93391.3687834543379722163081169128417968750000
1047329.8277170979417860507965087890625000000000
-1241780.2929545813240110874176025390625000000000
-4484.1354431301315344171598553657531738281250
-839511.3937279721722006797790527343750000000000
-2122736.8280770285055041313171386718750000000000
1223707.0853790724650025367736816406250000000000
581139.6973135365406051278114318847656250000000
-1177996.4366949961986392736434936523437500000000
91768.0614787301892647519707679748535156250000
3177417.3103143596090376377105712890625000000000
-532477.6556346600409597158432006835937500000000
-1327072.8533571150619536638259887695312500000000
-1468450.0547821039799600839614868164062500000000
1268085.1804813609924167394638061523437500000000
-767980.5566081777215003967285156250000000000000
-968547.0076225937809795141220092773437500000000
648677.1558147424366325139999389648437500000000
-871893.5648039624793455004692077636718750000000
1095010.2125453569460660219192504882812500000000
806877.5225375354057177901268005371093750000000
378667.3779056218336336314678192138671875000000
-1399291.8306345553137362003326416015625000000000
-2369926.2248261389322578907012939453125000000000
-577856.1516894736560061573982238769531250000000
1041959.9957640483044087886810302734375000000000
2425733.9040172798559069633483886718750000000000
-283845.3991310128476470708847045898437500000000
-555552.0237750752130523324012756347656250000000
1397622.2195797474123537540435791015625000000000
1182369.8175061037763953208923339843750000000000
-754045.0791288418695330619812011718750000000000
-173604.4964648577151820063591003417968750000000
-1146062.5110831579659134149551391601562500000000
612842.0792657278943806886672973632812500000000
384158.7068562236381694674491882324218750000000
1840313.6036043176427483558654785156250000000000
-934317.2847656561061739921569824218750000000000
636672.1916972048347815871238708496093750000000
-939842.6801984293852001428604125976562500000000
2122934.1843906603753566741943359375000000000000
-2060507.3004202987067401409149169921875000000000
-440067.7746701602009125053882598876953125000000
-1850514.8120746922213584184646606445312500000000
716458.2742627115221694111824035644531250000000
-1353184.4492526191752403974533081054687500000000
3710518.8019607071764767169952392578125000000000
-587161.3179756366880610585212707519531250000000
-669689.8774934496032074093818664550781250000000
494234.6933039182913489639759063720703125000000
-1090619.9042663383297622203826904296875000000000
566710.4035438237478956580162048339843750000000
-910409.5365724876755848526954650878906250000000
441911.4881437271251343190670013427734375000000
496398.2319674054742790758609771728515625000000
-320923.6061901022330857813358306884765625000000
-905899.7945439167087897658348083496093750000000
-339484.5885267207631841301918029785156250000000
248828.6272739336709491908550262451171875000000
-11670.6773850262579799164086580276489257812500
-850887.5722241605399176478385925292968750000000
1374956.0477291964925825595855712890625000000000
-1090369.2802854427136480808258056640625000000000
1465478.1093910594936460256576538085937500000000
-149907.7600150887155905365943908691406250000000
-154936.3845524817588739097118377685546875000000
17480.0386378579460142645984888076782226562500
-372308.5313135553151369094848632812500000000000
-329286.6784669453627429902553558349609375000000
-186201.2476377847196999937295913696289062500000
-41606.3592461933803861029446125030517578125000
-487364.0642325707012787461280822753906250000000
180327.3140313642797991633415222167968750000000
-413461.9665040569379925727844238281250000000000
669503.5506727703614160418510437011718750000000
803545.1431487824302166700363159179687500000000
825520.5575165012851357460021972656250000000000
107422.2475648803374497219920158386230468750000
-1711760.9238555752672255039215087890625000000000
884284.3513911315239965915679931640625000000000
-614752.4680396742187440395355224609375000000000
1386843.7005662587471306324005126953125000000000
1841099.7857323898933827877044677734375000000000
-1044123.9061810981947928667068481445312500000000
728980.9424028944922611117362976074218750000000
671755.7185961143113672733306884765625000000000
913842.9713693006196990609169006347656250000000
-195635.7622193072456866502761840820312500000000
121989.1987962483835872262716293334960937500000
54441.9397853132104501128196716308593750000000
1496753.4490667786449193954467773437500000000000
48031.7266211926616961136460304260253906250000
1045666.6187919999938458204269409179687500000000
-324341.4609930870356038212776184082031250000000
1177105.5134895488154143095016479492187500000000
-380805.2450118552078492939472198486328125000000
-165900.8538885101152118295431137084960937500000
-588792.7651308416388928890228271484375000000000
-1452859.2260779067873954772949218750000000000000
-396107.9300591005594469606876373291015625000000
1743820.7691477339249104261398315429687500000000
-1383509.5572365515399724245071411132812500000000
-60732.1367653857523691840469837188720703125000
-618038.9464032282121479511260986328125000000000
703018.5414680232061073184013366699218750000000
-57976.2100851934519596397876739501953125000000
873649.9110739366151392459869384765625000000000
-28516.0895672788392403163015842437744140625000
464321.2767003927147015929222106933593750000000
470493.7607793575152754783630371093750000000000
-65210.8872926748663303442299365997314453125000
-879966.5794061904307454824447631835937500000000
-1036414.9066331137437373399734497070312500000000
-309054.5795460093650035560131072998046875000000
-171681.0811536346154753118753433227539062500000
1366101.0141387139447033405303955078125000000000
-555721.9358198523987084627151489257812500000000
220112.4954661667288746684789657592773437500000
269558.8794348802766762673854827880859375000000
-557795.6124738121870905160903930664062500000000
-290226.1934630527393892407417297363281250000000
240184.2691408902755938470363616943359375000000
-801944.9918062103679403662681579589843750000000
-321591.8671231368207372725009918212890625000000
-192296.7414372822968289256095886230468750000000
-98448.5149040524411248043179512023925781250000
-386082.5375548697775229811668395996093750000000
-1512365.9617214160971343517303466796875000000000
-448204.8719738653744570910930633544921875000000
-1008126.6824506558477878570556640625000000000000
580078.1938381679356098175048828125000000000000
-420020.1701984169194474816322326660156250000000
263715.6818949257722124457359313964843750000000
335658.4106543428497388958930969238281250000000
155617.9717503524152562022209167480468750000000
-559717.7678726949961856007575988769531250000000
-485308.2418665253790095448493957519531250000000
256367.3295446269912645220756530761718750000000
-197646.6528440752590540796518325805664062500000
510419.0605924991541542112827301025390625000000
-262044.4105362362170126289129257202148437500000
-791571.9722575336927548050880432128906250000000
736679.9710648445179685950279235839843750000000
-774114.0901532084681093692779541015625000000000
157217.6814741375856101512908935546875000000000
238504.2779807820625137537717819213867187500000
355129.9642477491870522499084472656250000000000
-45774.2106122867626254446804523468017578125000
-418823.6842904150253161787986755371093750000000
365270.2286405197810381650924682617187500000000
1105281.0799863273277878761291503906250000000000
-602739.7438925178721547126770019531250000000000
647484.0207305094227194786071777343750000000000
-739944.4226156685035675764083862304687500000000
238345.4508141735568642616271972656250000000000
-192709.6546723092906177043914794921875000000000
520351.6567332769627682864665985107421875000000
97719.6043111657636472955346107482910156250000
342471.4530083397403359413146972656250000000000
1028562.3067231019958853721618652343750000000000
1022121.9485734015470370650291442871093750000000
-340434.3309611460426822304725646972656250000000
425350.8571688691154122352600097656250000000000
-437089.9473005806212313473224639892578125000000
101465.7052732836891664192080497741699218750000
-350181.1052865716046653687953948974609375000000
1147.4792296662103581184055656194686889648438
-708917.5491490036947652697563171386718750000000
-330944.5046330880722962319850921630859375000000
-36547.4506232000348973087966442108154296875000
359882.6034515064675360918045043945312500000000
-185668.8343403035250958055257797241210937500000
274630.3531340292538516223430633544921875000000
340560.1860128573025576770305633544921875000000
318579.2640231208642944693565368652343750000000
62815.6301804834147333167493343353271484375000
-143878.7940676718717440962791442871093750000000
-579423.1175277706934139132499694824218750000000
-787581.7334835557267069816589355468750000000000
673281.6099617676809430122375488281250000000000
-107742.7239044338348321616649627685546875000000
-815340.9475537480320781469345092773437500000000
211206.0740131880447734147310256958007812500000
81679.5724721253354800865054130554199218750000
257807.6638021634134929627180099487304687500000
-206228.9762426619126927107572555541992187500000
598408.8793861758895218372344970703125000000000
588820.5816298630088567733764648437500000000000
58779.5670462905909516848623752593994140625000
48063.3191832463489845395088195800781250000000
-1109149.5710284316446632146835327148437500000000
361346.3898084231186658143997192382812500000000
501037.6913220216520130634307861328125000000000
-160305.0398387794848531484603881835937500000000
371273.8810185341280885040760040283203125000000
-700285.6290604926180094480514526367187500000000
