-25.8969705037662087931948917685076594352722
5254.8832462451009632786735892295837402343750
-423572.4630372783285565674304962158203125000000
17639130.3931549452245235443115234375000000000000
-443328130.5542740821838378906250000000000000000000
7387775674.8160305023193359375000000000000000000000
-86646488304.3643493652343750000000000000000000000000
742767457653.6408691406250000000000000000000000000000
-4758452181340.9121093750000000000000000000000000000000
23008096406455.5585937500000000000000000000000000000000
-83864492996322.6250000000000000000000000000000000000000
227484832044326.7500000000000000000000000000000000000000
-446941974822123.1250000000000000000000000000000000000000
610251930042171.2500000000000000000000000000000000000000
-573073573331645.1250000000000000000000000000000000000000
524714736279127.6250000000000000000000000000000000000000
-866568472212313.8750000000000000000000000000000000000000
1282116828048953.0000000000000000000000000000000000000000
-882468949058548.5000000000000000000000000000000000000000
82156298997668.5781250000000000000000000000000000000000
87645525155944.4218750000000000000000000000000000000000
-653968234647935.3750000000000000000000000000000000000000
1746715276087013.7500000000000000000000000000000000000000
-713177516527510.6250000000000000000000000000000000000000
-981407871992336.6250000000000000000000000000000000000000
349292587632119.3125000000000000000000000000000000000000
-662303894942431.8750000000000000000000000000000000000000
1653962501472802.0000000000000000000000000000000000000000
-240295765280761.3125000000000000000000000000000000000000
456773917574239.6250000000000000000000000000000000000000
-799437331622902.0000000000000000000000000000000000000000
-127977148816802.5625000000000000000000000000000000000000
-2778545676858872.0000000000000000000000000000000000000000
2196076401239128.2500000000000000000000000000000000000000
2005514572958624.0000000000000000000000000000000000000000
-1189584176330731.7500000000000000000000000000000000000000
1099396831058563.0000000000000000000000000000000000000000
-959699108491109.3750000000000000000000000000000000000000
347367458590210.2500000000000000000000000000000000000000
-507926438447549.1250000000000000000000000000000000000000
-1119108915927037.0000000000000000000000000000000000000000
-1683903303146715.0000000000000000000000000000000000000000
10541584045463.2109375000000000000000000000000000000000
1737843035506482.0000000000000000000000000000000000000000
3356139115313460.0000000000000000000000000000000000000000
453117990046976.8750000000000000000000000000000000000000
-1869602267848461.0000000000000000000000000000000000000000
912531015630569.2500000000000000000000000000000000000000
-2343713212781667.5000000000000000000000000000000000000000
-1274600058945590.5000000000000000000000000000000000000000
1417331244989832.7500000000000000000000000000000000000000
-934017938182039.5000000000000000000000000000000000000000
-19317120445426.0546875000000000000000000000000000000000
-1027406522150067.5000000000000000000000000000000000000000
381030721684509.1250000000000000000000000000000000000000
-6470100174680.3251953125000000000000000000000000000000
3266958951926557.0000000000000000000000000000000000000000
1055130242056242.6250000000000000000000000000000000000000
-138105107584708.8750000000000000000000000000000000000000
-1719967309349585.5000000000000000000000000000000000000000
1652578746797552.7500000000000000000000000000000000000000
1783390722145267.0000000000000000000000000000000000000000
-3368614540822723.0000000000000000000000000000000000000000
-974697838152065.7500000000000000000000000000000000000000
-3144654145383243.0000000000000000000000000000000000000000
-158373812059630.1562500000000000000000000000000000000000
585486926352408.6250000000000000000000000000000000000000
-471211907460429.9375000000000000000000000000000000000000
1305641539308913.5000000000000000000000000000000000000000
3080937192178816.5000000000000000000000000000000000000000
-1754559106904175.2500000000000000000000000000000000000000
-71701741281416.1875000000000000000000000000000000000000
2541522039364542.0000000000000000000000000000000000000000
558545199112139.7500000000000000000000000000000000000000
962353592908032.7500000000000000000000000000000000000000
307072585757424.9375000000000000000000000000000000000000
1130279316846625.7500000000000000000000000000000000000000
-1567925036883098.2500000000000000000000000000000000000000
-1545404644863188.0000000000000000000000000000000000000000
-379261917397491.0625000000000000000000000000000000000000
-2883746594492685.5000000000000000000000000000000000000000
-1572621134737356.0000000000000000000000000000000000000000
-1417628406358160.0000000000000000000000000000000000000000
512905225372653.5625000000000000000000000000000000000000
518129360883930.7500000000000000000000000000000000000000
965952543574432.8750000000000000000000000000000000000000
1515826467831401.5000000000000000000000000000000000000000
-950422049229149.8750000000000000000000000000000000000000
1535760106119524.2500000000000000000000000000000000000000
2185000245249234.5000000000000000000000000000000000000000
1527295665459374.5000000000000000000000000000000000000000
-676487350776796.0000000000000000000000000000000000000000
-211691069907119.3750000000000000000000000000000000000000
-1992484511874811.5000000000000000000000000000000000000000
362394645612042.0625000000000000000000000000000000000000
960387301542602.6250000000000000000000000000000000000000
-268636561262382.2187500000000000000000000000000000000000
1259297065613311.5000000000000000000000000000000000000000
1462537142236404.7500000000000000000000000000000000000000
-1267635502573133.5000000000000000000000000000000000000000
-467812863796019.8125000000000000000000000000000000000000
-752148908994672.7500000000000000000000000000000000000000
-922894955131143.5000000000000000000000000000000000000000
-1758222506402382.7500000000000000000000000000000000000000
-1893309358053094.5000000000000000000000000000000000000000
-2005064130733353.0000000000000000000000000000000000000000
187624408875590.2187500000000000000000000000000000000000
833861993992676.0000000000000000000000000000000000000000
845455311602401.8750000000000000000000000000000000000000
1443058971048755.7500000000000000000000000000000000000000
-991782336089967.8750000000000000000000000000000000000000
1390558116111032.5000000000000000000000000000000000000000
1496819343354517.7500000000000000000000000000000000000000
1110113021527973.5000000000000000000000000000000000000000
-345156132418034.4375000000000000000000000000000000000000
-657779049933117.3750000000000000000000000000000000000000
-148716774896187.5937500000000000000000000000000000000000
1842446957116924.2500000000000000000000000000000000000000
361278880291076.1250000000000000000000000000000000000000
1114659614912270.1250000000000000000000000000000000000000
-1531658649493424.2500000000000000000000000000000000000000
-1280290715290287.5000000000000000000000000000000000000000
1125365043213389.2500000000000000000000000000000000000000
1004854374674322.0000000000000000000000000000000000000000
462436062560050.3125000000000000000000000000000000000000
-560689271529535.2500000000000000000000000000000000000000
-2091121919441823.0000000000000000000000000000000000000000
-332979438274421.4375000000000000000000000000000000000000
-1447966587265376.5000000000000000000000000000000000000000
1980446325334828.0000000000000000000000000000000000000000
1878675107317917.0000000000000000000000000000000000000000
-1949659005424530.2500000000000000000000000000000000000000
-1523232035508856.0000000000000000000000000000000000000000
-29900847706522.6015625000000000000000000000000000000000
838318099306030.2500000000000000000000000000000000000000
-501496933319318.4375000000000000000000000000000000000000
-2791879866112916.0000000000000000000000000000000000000000
792104853290810.0000000000000000000000000000000000000000
214887917312217.2812500000000000000000000000000000000000
-742277271892319.1250000000000000000000000000000000000000
-1559094355851318.5000000000000000000000000000000000000000
-501989644768206.5625000000000000000000000000000000000000
253149017149741.6250000000000000000000000000000000000000
719584159310603.0000000000000000000000000000000000000000
2657852627866013.5000000000000000000000000000000000000000
1297006577454851.5000000000000000000000000000000000000000
-659185822284470.5000000000000000000000000000000000000000
946382962972416.5000000000000000000000000000000000000000
724093615727892.2500000000000000000000000000000000000000
2452777705027174.0000000000000000000000000000000000000000
795671569843425.5000000000000000000000000000000000000000
529414874332322.0000000000000000000000000000000000000000
-1545698011506398.7500000000000000000000000000000000000000
456069790256784.2500000000000000000000000000000000000000
-1178460137524431.2500000000000000000000000000000000000000
-792334405285736.2500000000000000000000000000000000000000
1022334394905888.6250000000000000000000000000000000000000
-1194349851519977.0000000000000000000000000000000000000000
1085500295124534.7500000000000000000000000000000000000000
-1200723180946837.5000000000000000000000000000000000000000
-443721060973855.5000000000000000000000000000000000000000
1777313462091820.0000000000000000000000000000000000000000
624067795296777.1250000000000000000000000000000000000000
125983826561191.1562500000000000000000000000000000000000
-1218941321123055.0000000000000000000000000000000000000000
-79823939937057.4531250000000000000000000000000000000000
-2454628374844313.5000000000000000000000000000000000000000
-2479340306999222.0000000000000000000000000000000000000000
3352781186178614.5000000000000000000000000000000000000000
-457116452509204.6250000000000000000000000000000000000000
-731699637287484.0000000000000000000000000000000000000000
-1156849276182521.5000000000000000000000000000000000000000
-647640981333201.5000000000000000000000000000000000000000
1911416272696245.5000000000000000000000000000000000000000
-2159515376709440.5000000000000000000000000000000000000000
-1511450894069751.7500000000000000000000000000000000000000
-125436391468690.1406250000000000000000000000000000000000
-783581059231172.7500000000000000000000000000000000000000
176983225304144.8125000000000000000000000000000000000000
1888120514432377.0000000000000000000000000000000000000000
-474438560455098.5625000000000000000000000000000000000000
84679715231090.6718750000000000000000000000000000000000
-1265547924447255.0000000000000000000000000000000000000000
2094322441812331.2500000000000000000000000000000000000000
717644018317497.2500000000000000000000000000000000000000
-66752406986936.3125000000000000000000000000000000000000
449603290865339.4375000000000000000000000000000000000000
2868807314085288.0000000000000000000000000000000000000000
1542867836680143.2500000000000000000000000000000000000000
-1882057630976559.0000000000000000000000000000000000000000
2213624313850697.2500000000000000000000000000000000000000
258932700165802.4375000000000000000000000000000000000000
-144123515604241.9062500000000000000000000000000000000000
1260543585072958.5000000000000000000000000000000000000000
-1809879838626895.0000000000000000000000000000000000000000
575593368064241.7500000000000000000000000000000000000000
2560720364315808.5000000000000000000000000000000000000000
72256327100006.7187500000000000000000000000000000000000
-2453047744527476.0000000000000000000000000000000000000000
-2069378133754083.7500000000000000000000000000000000000000
-913008107662027.0000000000000000000000000000000000000000
-867519101785402.8750000000000000000000000000000000000000
993287018850800.2500000000000000000000000000000000000000
2057227986698345.0000000000000000000000000000000000000000
-1354242591321872.7500000000000000000000000000000000000000
2135967266666347.0000000000000000000000000000000000000000
-1556531148261810.7500000000000000000000000000000000000000
2002429724763933.2500000000000000000000000000000000000000
-2582910245490652.0000000000000000000000000000000000000000
1119271998247608.2500000000000000000000000000000000000000
-2146131712768088.5000000000000000000000000000000000000000
1339655254268625.5000000000000000000000000000000000000000
132266905585758.7031250000000000000000000000000000000000
-1698692665163144.2500000000000000000000000000000000000000
-1777209858587525.7500000000000000000000000000000000000000
-2471910196179106.0000000000000000000000000000000000000000
1181129395353707.5000000000000000000000000000000000000000
2950772217064925.0000000000000000000000000000000000000000
-1216072606576482.5000000000000000000000000000000000000000
-1823866453651641.0000000000000000000000000000000000000000
1253982043225180.7500000000000000000000000000000000000000
175062085876013.2812500000000000000000000000000000000000
-1660035495781793.2500000000000000000000000000000000000000
1003103619864403.7500000000000000000000000000000000000000
-2367246184651464.0000000000000000000000000000000000000000
-807368706835402.2500000000000000000000000000000000000000
-2637093719510131.0000000000000000000000000000000000000000
5025428512593712.0000000000000000000000000000000000000000
-319894896166235.2500000000000000000000000000000000000000
61176254384545.2187500000000000000000000000000000000000
1689721053507163.5000000000000000000000000000000000000000
602985743063749.0000000000000000000000000000000000000000
527229830345864.1250000000000000000000000000000000000000
-699754237699560.3750000000000000000000000000000000000000
840553995078383.8750000000000000000000000000000000000000
-37719987117538.4140625000000000000000000000000000000000
-560891393217171.7500000000000000000000000000000000000000
393412972343993.6250000000000000000000000000000000000000
771657732291568.8750000000000000000000000000000000000000
-561012317613410.5000000000000000000000000000000000000000
124794726497694.4843750000000000000000000000000000000000
-1622436436192550.7500000000000000000000000000000000000000
910789721466158.8750000000000000000000000000000000000000
-348617923487747.1875000000000000000000000000000000000000
261930063373658.1250000000000000000000000000000000000000
-1728536747918307.2500000000000000000000000000000000000000
4354878375630458.5000000000000000000000000000000000000000
-715123654366153.8750000000000000000000000000000000000000
2554615360303782.5000000000000000000000000000000000000000
1726934635212714.0000000000000000000000000000000000000000
2965339361463313.0000000000000000000000000000000000000000
-1873208346278085.5000000000000000000000000000000000000000
1155996331005512.5000000000000000000000000000000000000000
-1996822180164871.2500000000000000000000000000000000000000
-30969887134044.4453125000000000000000000000000000000000
264518693019790.5000000000000000000000000000000000000000
-1682161309558373.7500000000000000000000000000000000000000
-174958275144308.9062500000000000000000000000000000000000
1792634421418410.0000000000000000000000000000000000000000
-749562422414965.0000000000000000000000000000000000000000
-1723655475343128.5000000000000000000000000000000000000000
-320579174413909.9375000000000000000000000000000000000000
1854557864857239.2500000000000000000000000000000000000000
-15428678928652.3808593750000000000000000000000000000000
-2373517722012575.0000000000000000000000000000000000000000
-104290954379576.5000000000000000000000000000000000000000
1441013811166562.5000000000000000000000000000000000000000
-1821171146425822.5000000000000000000000000000000000000000
948542841858483.7500000000000000000000000000000000000000
-987635350381508.1250000000000000000000000000000000000000
885699769660539.1250000000000000000000000000000000000000
-765643961005568.2500000000000000000000000000000000000000
-2966095563190265.5000000000000000000000000000000000000000
-1416894882326714.5000000000000000000000000000000000000000
-2118155316117528.2500000000000000000000000000000000000000
279281287582602.8750000000000000000000000000000000000000
-1787752418200418.0000000000000000000000000000000000000000
-1508179196597178.0000000000000000000000000000000000000000
265774573941340.5000000000000000000000000000000000000000
-2007972118075279.0000000000000000000000000000000000000000
-701408162765451.8750000000000000000000000000000000000000
1412230393468051.7500000000000000000000000000000000000000
3183066093910179.5000000000000000000000000000000000000000
-981045483887790.5000000000000000000000000000000000000000
212002591225947.4375000000000000000000000000000000000000
-1003620429874596.5000000000000000000000000000000000000000
-1694433943339953.5000000000000000000000000000000000000000
547676460538725.9375000000000000000000000000000000000000
4234204637791011.5000000000000000000000000000000000000000
1285345667755402.7500000000000000000000000000000000000000
914696816154319.5000000000000000000000000000000000000000
1363216487126095.7500000000000000000000000000000000000000
444799053185679.9375000000000000000000000000000000000000
544908169041702.9375000000000000000000000000000000000000
1381257287934583.0000000000000000000000000000000000000000
-1095423679808123.5000000000000000000000000000000000000000
814952057781420.3750000000000000000000000000000000000000
1751708327859067.5000000000000000000000000000000000000000
918026416016609.5000000000000000000000000000000000000000
-1052907896014560.1250000000000000000000000000000000000000
532479583479522.8125000000000000000000000000000000000000
-1790435124604808.0000000000000000000000000000000000000000
-350561431088282.6250000000000000000000000000000000000000
-1221203557341025.0000000000000000000000000000000000000000
562849097953197.8750000000000000000000000000000000000000
668619262511342.1250000000000000000000000000000000000000
-871031383747412.3750000000000000000000000000000000000000
1299533539297128.2500000000000000000000000000000000000000
253204727241089.2500000000000000000000000000000000000000
2289749398659705.5000000000000000000000000000000000000000
-883568430667648.3750000000000000000000000000000000000000
321598039978953.6250000000000000000000000000000000000000
-1789920349736035.2500000000000000000000000000000000000000
2258566199523861.0000000000000000000000000000000000000000
394209810324574.8750000000000000000000000000000000000000
-778048607773685.1250000000000000000000000000000000000000
-1286932902728266.2500000000000000000000000000000000000000
741415546094272.5000000000000000000000000000000000000000
1304870878087579.7500000000000000000000000000000000000000
-913483823665355.2500000000000000000000000000000000000000
-1453274775958543.2500000000000000000000000000000000000000
-172355609804149.6250000000000000000000000000000000000000
-873014086479571.5000000000000000000000000000000000000000
341382190968433.8125000000000000000000000000000000000000
2733733937682347.0000000000000000000000000000000000000000
-711432787374028.1250000000000000000000000000000000000000
1052916242555797.0000000000000000000000000000000000000000
-354335333904544.5000000000000000000000000000000000000000
-2354899436137090.0000000000000000000000000000000000000000
-811026766424231.3750000000000000000000000000000000000000
1728374458999350.0000000000000000000000000000000000000000
-218194487549627.6250000000000000000000000000000000000000
-1270003497099070.7500000000000000000000000000000000000000
1259895847126010.2500000000000000000000000000000000000000
-149736825791779.4062500000000000000000000000000000000000
-746601081219529.2500000000000000000000000000000000000000
-44328231681907.5390625000000000000000000000000000000000
-1226554392549263.2500000000000000000000000000000000000000
-4079269917398186.5000000000000000000000000000000000000000
1765933629370115.2500000000000000000000000000000000000000
3091806459246449.5000000000000000000000000000000000000000
-1475779007930670.2500000000000000000000000000000000000000
463282845720056.8750000000000000000000000000000000000000
209513668449675.8437500000000000000000000000000000000000
42287417048818.9765625000000000000000000000000000000000
-1570442604823623.0000000000000000000000000000000000000000
-205328191871745.4687500000000000000000000000000000000000
-1502263585611321.0000000000000000000000000000000000000000
-1857228373812539.0000000000000000000000000000000000000000
929631705799329.0000000000000000000000000000000000000000
416598207717750.1875000000000000000000000000000000000000
-3696132722783132.5000000000000000000000000000000000000000
-3583217205691159.0000000000000000000000000000000000000000
-813882872138832.3750000000000000000000000000000000000000
-2708963152219611.0000000000000000000000000000000000000000
5745198417473662.0000000000000000000000000000000000000000
2331400750352344.0000000000000000000000000000000000000000
1431978226893861.7500000000000000000000000000000000000000
-1988341347166253.2500000000000000000000000000000000000000
5141650629635311.0000000000000000000000000000000000000000
1782381087906352.0000000000000000000000000000000000000000
-460389476787139.3125000000000000000000000000000000000000
-1480815286608313.0000000000000000000000000000000000000000
-1481123995334297.5000000000000000000000000000000000000000
-1722280774111001.2500000000000000000000000000000000000000
3383940984043984.5000000000000000000000000000000000000000
-132248230807727.5156250000000000000000000000000000000000
-2750688960363297.5000000000000000000000000000000000000000
-212220985451175.8437500000000000000000000000000000000000
1342819038758360.0000000000000000000000000000000000000000
-402813375902907.0000000000000000000000000000000000000000
-749219153475560.2500000000000000000000000000000000000000
1246606491905739.2500000000000000000000000000000000000000
3467647190217597.0000000000000000000000000000000000000000
2998132730864558.0000000000000000000000000000000000000000
-1164234966110852.7500000000000000000000000000000000000000
2402315129335537.0000000000000000000000000000000000000000
-1610903395050022.5000000000000000000000000000000000000000
-145881212213924.9687500000000000000000000000000000000000
-1521392276666947.2500000000000000000000000000000000000000
2299600597194170.5000000000000000000000000000000000000000
1617232766671684.5000000000000000000000000000000000000000
2211026836335684.2500000000000000000000000000000000000000
1296775157106490.7500000000000000000000000000000000000000
-1556498675321427.7500000000000000000000000000000000000000
-942234027691184.0000000000000000000000000000000000000000
-4628025719354580.0000000000000000000000000000000000000000
-2737361683919987.5000000000000000000000000000000000000000
1787823884301555.7500000000000000000000000000000000000000
2239398287475398.5000000000000000000000000000000000000000
1983315825026752.5000000000000000000000000000000000000000
-878645559521408.7500000000000000000000000000000000000000
106863858671831.2343750000000000000000000000000000000000
-385413568999416.3750000000000000000000000000000000000000
-2229835143294789.0000000000000000000000000000000000000000
-1009146690789374.0000000000000000000000000000000000000000
-2307627691264771.5000000000000000000000000000000000000000
-1596811921965668.0000000000000000000000000000000000000000
1295686295391723.2500000000000000000000000000000000000000
482683836119719.6875000000000000000000000000000000000000
1233403915038717.7500000000000000000000000000000000000000
1803671859080999.7500000000000000000000000000000000000000
-1660328801932215.5000000000000000000000000000000000000000
1510500578262601.0000000000000000000000000000000000000000
572767567135586.6250000000000000000000000000000000000000
3085755116194260.0000000000000000000000000000000000000000
523757134297941.5000000000000000000000000000000000000000
1038062252493854.7500000000000000000000000000000000000000
-1432825198363203.0000000000000000000000000000000000000000
2434898193059912.5000000000000000000000000000000000000000
313518785913042.4375000000000000000000000000000000000000
-599131492679000.2500000000000000000000000000000000000000
-2160366958867390.2500000000000000000000000000000000000000
391268825954962.1250000000000000000000000000000000000000
-572422385747638.6250000000000000000000000000000000000000
-1082232309189181.8750000000000000000000000000000000000000
-5020646530743350.0000000000000000000000000000000000000000
-561032787667138.0000000000000000000000000000000000000000
-1659121443779462.7500000000000000000000000000000000000000
-1570221705321486.5000000000000000000000000000000000000000
3597745496061319.5000000000000000000000000000000000000000
-2106345245055097.7500000000000000000000000000000000000000
-2401489639446567.0000000000000000000000000000000000000000
355472375264174.0000000000000000000000000000000000000000
2650059913127089.0000000000000000000000000000000000000000
1711756534570183.2500000000000000000000000000000000000000
-148546246167047.1875000000000000000000000000000000000000
1162704159686508.0000000000000000000000000000000000000000
-2697483290436381.0000000000000000000000000000000000000000
2180054609593271.7500000000000000000000000000000000000000
-1269126055699773.5000000000000000000000000000000000000000
2472585707758872.5000000000000000000000000000000000000000
458399770887408.3750000000000000000000000000000000000000
196181778712286.3125000000000000000000000000000000000000
569870169852200.5000000000000000000000000000000000000000
-1935918153723738.2500000000000000000000000000000000000000
-1291927050284941.2500000000000000000000000000000000000000
629827415257507.7500000000000000000000000000000000000000
165219156836969.5625000000000000000000000000000000000000
-2692619730146626.0000000000000000000000000000000000000000
89985061143913.6875000000000000000000000000000000000000
1669307170381101.0000000000000000000000000000000000000000
952368123142119.0000000000000000000000000000000000000000
-3968565758113611.5000000000000000000000000000000000000000
-1156214040756530.7500000000000000000000000000000000000000
1793832632957996.7500000000000000000000000000000000000000
934425336046310.0000000000000000000000000000000000000000
3303501055366488.0000000000000000000000000000000000000000
-2686227509518789.0000000000000000000000000000000000000000
-51086187094566.9453125000000000000000000000000000000000
-1166500570130200.2500000000000000000000000000000000000000
1037401673386027.5000000000000000000000000000000000000000
-400905266762493.5000000000000000000000000000000000000000
946620832037122.8750000000000000000000000000000000000000
-3400271507095916.5000000000000000000000000000000000000000
2330810403839539.0000000000000000000000000000000000000000
-109773320875982.4218750000000000000000000000000000000000
-2881377113983056.0000000000000000000000000000000000000000
1553932586681849.0000000000000000000000000000000000000000
964272941739705.6250000000000000000000000000000000000000
1027437932696628.1250000000000000000000000000000000000000
1550309724169943.0000000000000000000000000000000000000000
-3515882113019983.0000000000000000000000000000000000000000
2824776746809620.5000000000000000000000000000000000000000
-555404903242881.7500000000000000000000000000000000000000
1946680974314859.7500000000000000000000000000000000000000
-948350555333291.7500000000000000000000000000000000000000
826679099742205.0000000000000000000000000000000000000000
1305646910678647.2500000000000000000000000000000000000000
1629958758191198.5000000000000000000000000000000000000000
738740465723979.6250000000000000000000000000000000000000
-83068662450844.8281250000000000000000000000000000000000
-816503800119469.7500000000000000000000000000000000000000
-2559210234049888.0000000000000000000000000000000000000000
-1669398245980786.7500000000000000000000000000000000000000
2018311313559605.7500000000000000000000000000000000000000
1444268889191944.7500000000000000000000000000000000000000
372188320153079.1875000000000000000000000000000000000000
-1598772056355207.7500000000000000000000000000000000000000
-3557949335088666.0000000000000000000000000000000000000000
893495163981895.8750000000000000000000000000000000000000
-836033758501073.3750000000000000000000000000000000000000
1234926550112673.0000000000000000000000000000000000000000
-921596234641887.3750000000000000000000000000000000000000
997683489972432.0000000000000000000000000000000000000000
-1723091084259093.7500000000000000000000000000000000000000
807904843252752.7500000000000000000000000000000000000000
2058497706592315.2500000000000000000000000000000000000000
-559226272499939.8750000000000000000000000000000000000000
-2639079500790862.5000000000000000000000000000000000000000
2870508647018198.0000000000000000000000000000000000000000
953181439801720.0000000000000000000000000000000000000000
2553998991585775.0000000000000000000000000000000000000000
1648010598816220.0000000000000000000000000000000000000000
5221984361755059.0000000000000000000000000000000000000000
1610948382763468.2500000000000000000000000000000000000000
1994344174696946.2500000000000000000000000000000000000000
-1633834250620286.2500000000000000000000000000000000000000
-1677025883441939.2500000000000000000000000000000000000000
2227843220470747.7500000000000000000000000000000000000000
-426058253010412.6875000000000000000000000000000000000000
-4585536806555692.0000000000000000000000000000000000000000
-824946759877169.6250000000000000000000000000000000000000
-1535409368886299.0000000000000000000000000000000000000000
282325355001562.6250000000000000000000000000000000000000
780475935622149.1250000000000000000000000000000000000000
1720635568534120.5000000000000000000000000000000000000000
-2999606256907980.0000000000000000000000000000000000000000
-359838011744208.2500000000000000000000000000000000000000
-2281505638930320.5000000000000000000000000000000000000000
190810817274980.7812500000000000000000000000000000000000
3119075429625783.5000000000000000000000000000000000000000
-2322312078899155.0000000000000000000000000000000000000000
-426367868075465.1250000000000000000000000000000000000000
702404404863681.1250000000000000000000000000000000000000
2678545065106421.5000000000000000000000000000000000000000
-249812599185500.2187500000000000000000000000000000000000
-1424766095270702.7500000000000000000000000000000000000000
-1775982540747796.5000000000000000000000000000000000000000
610524794714250.0000000000000000000000000000000000000000
-2519851829746581.5000000000000000000000000000000000000000
-646800108369040.8750000000000000000000000000000000000000
-869501759800300.2500000000000000000000000000000000000000
1878130678638903.7500000000000000000000000000000000000000
270712483558997.8437500000000000000000000000000000000000
-1761833998840613.0000000000000000000000000000000000000000
-1322749920416103.7500000000000000000000000000000000000000
-2359414220513469.0000000000000000000000000000000000000000
1748102449570143.0000000000000000000000000000000000000000
1559929335394192.2500000000000000000000000000000000000000
796348696815337.2500000000000000000000000000000000000000
-1103563380391543.0000000000000000000000000000000000000000
1665352591076115.5000000000000000000000000000000000000000
-2055515197050643.2500000000000000000000000000000000000000
919796830969195.6250000000000000000000000000000000000000
-47045591372609.3906250000000000000000000000000000000000
-2163172092729404.2500000000000000000000000000000000000000
569912098003255.0000000000000000000000000000000000000000
2390559479768102.5000000000000000000000000000000000000000
985928342024760.8750000000000000000000000000000000000000
-2019319969251041.2500000000000000000000000000000000000000
-641948359546526.5000000000000000000000000000000000000000
-1399580528652363.7500000000000000000000000000000000000000
1709119506918298.5000000000000000000000000000000000000000
-3030352490919697.0000000000000000000000000000000000000000
738029624808444.2500000000000000000000000000000000000000
-1430134977219511.2500000000000000000000000000000000000000
-2962061871896745.0000000000000000000000000000000000000000
1056425634210528.8750000000000000000000000000000000000000
-282354646189427.4375000000000000000000000000000000000000
-626389616722890.3750000000000000000000000000000000000000
5531020558644753.0000000000000000000000000000000000000000
-3658333631126162.0000000000000000000000000000000000000000
-2291902636436863.0000000000000000000000000000000000000000
2545945768346805.0000000000000000000000000000000000000000
80769045408794.9218750000000000000000000000000000000000
635617949025037.0000000000000000000000000000000000000000
-2870816078147875.5000000000000000000000000000000000000000
-167362905549251.1250000000000000000000000000000000000000
633136073044089.3750000000000000000000000000000000000000
2282847003496565.0000000000000000000000000000000000000000
1070660247310571.0000000000000000000000000000000000000000
1658272190128957.7500000000000000000000000000000000000000
2597790577755019.0000000000000000000000000000000000000000
27739160667642.3203125000000000000000000000000000000000
-1470963201602724.5000000000000000000000000000000000000000
2482182687923942.5000000000000000000000000000000000000000
-3660038155049018.5000000000000000000000000000000000000000
-2233253498751861.5000000000000000000000000000000000000000
2085210160486605.0000000000000000000000000000000000000000
1989640865151652.7500000000000000000000000000000000000000
-3513717262929650.5000000000000000000000000000000000000000
123132863298548.0781250000000000000000000000000000000000
5779484521768611.0000000000000000000000000000000000000000
-3917408176316966.0000000000000000000000000000000000000000
-1667921429066429.2500000000000000000000000000000000000000
-3307687182229662.0000000000000000000000000000000000000000
-1209728648596322.5000000000000000000000000000000000000000
-217236247563943.7187500000000000000000000000000000000000
4493775542309827.5000000000000000000000000000000000000000
4075169457065449.0000000000000000000000000000000000000000
-272300844116441.7187500000000000000000000000000000000000
1755375371755149.0000000000000000000000000000000000000000
-61162276437306.5390625000000000000000000000000000000000
1309124395520603.2500000000000000000000000000000000000000
1237585400752573.2500000000000000000000000000000000000000
3458304262037498.5000000000000000000000000000000000000000
-2011283715207198.2500000000000000000000000000000000000000
-1046357268971247.3750000000000000000000000000000000000000
-2154112907205022.7500000000000000000000000000000000000000
376315304366154.6875000000000000000000000000000000000000
-2134505808740977.0000000000000000000000000000000000000000
-1664610467163895.2500000000000000000000000000000000000000
2293276039387447.5000000000000000000000000000000000000000
1744070703728501.5000000000000000000000000000000000000000
-529665828430694.0000000000000000000000000000000000000000
1217890758260938.5000000000000000000000000000000000000000
5059331277687567.0000000000000000000000000000000000000000
4240123070715821.5000000000000000000000000000000000000000
271396783144197.9062500000000000000000000000000000000000
-2276823694607426.5000000000000000000000000000000000000000
946769151591877.7500000000000000000000000000000000000000
590787016145172.5000000000000000000000000000000000000000
-101316184197807.7031250000000000000000000000000000000000
-2184822663225446.2500000000000000000000000000000000000000
2036779844856719.7500000000000000000000000000000000000000
-1634453653112184.0000000000000000000000000000000000000000
-1649970200938193.7500000000000000000000000000000000000000
184015817750273.4375000000000000000000000000000000000000
-3286999897567860.5000000000000000000000000000000000000000
1804661132034020.7500000000000000000000000000000000000000
318095739620961.3125000000000000000000000000000000000000
2862098776851565.5000000000000000000000000000000000000000
-794430758138360.8750000000000000000000000000000000000000
-884384123259956.7500000000000000000000000000000000000000
-1010896204324427.1250000000000000000000000000000000000000
-1701357861340496.7500000000000000000000000000000000000000
-154712651722740.0312500000000000000000000000000000000000
-255663907834119.9375000000000000000000000000000000000000
-1150756734693083.2500000000000000000000000000000000000000
669266825282727.6250000000000000000000000000000000000000
-6127467379601937.0000000000000000000000000000000000000000
2067812411361928.2500000000000000000000000000000000000000
2805544353337886.5000000000000000000000000000000000000000
-4406468990369333.5000000000000000000000000000000000000000
-4248267967413339.5000000000000000000000000000000000000000
1945763246035979.0000000000000000000000000000000000000000
-3973182635773286.0000000000000000000000000000000000000000
1740131363813350.0000000000000000000000000000000000000000
-285734279560474.2500000000000000000000000000000000000000
-187572393357814.1875000000000000000000000000000000000000
160078065205481.3125000000000000000000000000000000000000
1095892684545638.2500000000000000000000000000000000000000
-2345110558689136.0000000000000000000000000000000000000000
2557288641903355.5000000000000000000000000000000000000000
2200386730421385.0000000000000000000000000000000000000000
-1384440408919282.7500000000000000000000000000000000000000
669978832278485.5000000000000000000000000000000000000000
-2329272451392504.5000000000000000000000000000000000000000
-627677491739669.8750000000000000000000000000000000000000
325213394280292.3125000000000000000000000000000000000000
2348314423112834.5000000000000000000000000000000000000000
1110031209633153.3750000000000000000000000000000000000000
377398201935452.7500000000000000000000000000000000000000
6240911933996237.0000000000000000000000000000000000000000
-1718011434715859.5000000000000000000000000000000000000000
-3279565631769524.0000000000000000000000000000000000000000
-1317942753233710.7500000000000000000000000000000000000000
1780576447933649.5000000000000000000000000000000000000000
-717626855970125.3750000000000000000000000000000000000000
1311712197859767.0000000000000000000000000000000000000000
2873715920836405.5000000000000000000000000000000000000000
-195215579793810.9687500000000000000000000000000000000000
-2690813147816680.5000000000000000000000000000000000000000
-2678083730547889.5000000000000000000000000000000000000000
284132539665519.3125000000000000000000000000000000000000
-2106812464070540.2500000000000000000000000000000000000000
-4463472774073498.5000000000000000000000000000000000000000
3699461564917333.5000000000000000000000000000000000000000
-77147850241564.8281250000000000000000000000000000000000
-1382918624392292.5000000000000000000000000000000000000000
-601599318044777.6250000000000000000000000000000000000000
1714389647618661.5000000000000000000000000000000000000000
-1563095096997369.5000000000000000000000000000000000000000
-2960227051615733.0000000000000000000000000000000000000000
1046214760903790.7500000000000000000000000000000000000000
247592879857641.3750000000000000000000000000000000000000
-279716673326900.2500000000000000000000000000000000000000
-2638687249656295.0000000000000000000000000000000000000000
3465179841371954.5000000000000000000000000000000000000000
-334470789326485.3125000000000000000000000000000000000000
1488140912533036.0000000000000000000000000000000000000000
-2740024817694.0795898437500000000000000000000000000000
2884875973657808.0000000000000000000000000000000000000000
2079321933856224.2500000000000000000000000000000000000000
459120705209322.7500000000000000000000000000000000000000
-1623350909698035.2500000000000000000000000000000000000000
2153981481121550.5000000000000000000000000000000000000000
-175038870580607.7187500000000000000000000000000000000000
461492512417325.8750000000000000000000000000000000000000
-159124364220180.5000000000000000000000000000000000000000
738849030177555.0000000000000000000000000000000000000000
-1403546393491218.5000000000000000000000000000000000000000
-1452175646569178.5000000000000000000000000000000000000000
-4521799409988800.0000000000000000000000000000000000000000
116658768272853.0156250000000000000000000000000000000000
37846537359155.8125000000000000000000000000000000000000
2388064364368484.0000000000000000000000000000000000000000
-345446438900132.0625000000000000000000000000000000000000
3010143944046672.5000000000000000000000000000000000000000
2447961173639007.5000000000000000000000000000000000000000
2502900755190863.5000000000000000000000000000000000000000
-861403620160484.0000000000000000000000000000000000000000
541493669623882.1250000000000000000000000000000000000000
1691935492437074.2500000000000000000000000000000000000000
702573904210241.1250000000000000000000000000000000000000
751206890991433.1250000000000000000000000000000000000000
743938333539574.1250000000000000000000000000000000000000
-512672327277358.6250000000000000000000000000000000000000
1327163379693513.0000000000000000000000000000000000000000
-2618098586902973.5000000000000000000000000000000000000000
1677527456167838.2500000000000000000000000000000000000000
-3638165135933409.0000000000000000000000000000000000000000
-2208089736260205.2500000000000000000000000000000000000000
435452167575494.2500000000000000000000000000000000000000
-2698775343017314.5000000000000000000000000000000000000000
-3634673172586007.5000000000000000000000000000000000000000
-1587853444566009.5000000000000000000000000000000000000000
3163638942304149.0000000000000000000000000000000000000000
-174738817258211.5937500000000000000000000000000000000000
2912565429748022.0000000000000000000000000000000000000000
1857414066431475.7500000000000000000000000000000000000000
-3092518932116068.0000000000000000000000000000000000000000
-2238790121833426.2500000000000000000000000000000000000000
3895351267980731.0000000000000000000000000000000000000000
1374147981100772.5000000000000000000000000000000000000000
1525710536770066.2500000000000000000000000000000000000000
1838845421390363.7500000000000000000000000000000000000000
1944439874878902.7500000000000000000000000000000000000000
-614434761283721.0000000000000000000000000000000000000000
699636916897024.3750000000000000000000000000000000000000
-1639302045880935.7500000000000000000000000000000000000000
1712146729538289.0000000000000000000000000000000000000000
873044084977951.0000000000000000000000000000000000000000
-685707777072071.3750000000000000000000000000000000000000
3304865054083039.0000000000000000000000000000000000000000
-2605281510815097.0000000000000000000000000000000000000000
-892194055171061.5000000000000000000000000000000000000000
1409713279731865.2500000000000000000000000000000000000000
-2989270607415662.5000000000000000000000000000000000000000
868412275480600.0000000000000000000000000000000000000000
1580572117431461.0000000000000000000000000000000000000000
-2220779208429986.0000000000000000000000000000000000000000
1033111815052126.3750000000000000000000000000000000000000
-2323559961150878.5000000000000000000000000000000000000000
2131289016023231.0000000000000000000000000000000000000000
993970211796017.8750000000000000000000000000000000000000
-189980104848524.3437500000000000000000000000000000000000
-193562576311227.0937500000000000000000000000000000000000
-549685960029244.1250000000000000000000000000000000000000
-1076963647418908.8750000000000000000000000000000000000000
1081415913981664.8750000000000000000000000000000000000000
-88794443174301.8281250000000000000000000000000000000000
768476023039029.7500000000000000000000000000000000000000
156958620355566.4375000000000000000000000000000000000000
-3736568094714626.0000000000000000000000000000000000000000
-1280903853291262.7500000000000000000000000000000000000000
-958584234894519.7500000000000000000000000000000000000000
3596235948937109.0000000000000000000000000000000000000000
996787556669016.5000000000000000000000000000000000000000
-2147153454889388.0000000000000000000000000000000000000000
448106679714085.5625000000000000000000000000000000000000
-1157873295623570.7500000000000000000000000000000000000000
-192926975294597.8437500000000000000000000000000000000000
-3124688194123955.5000000000000000000000000000000000000000
278889866467749.9062500000000000000000000000000000000000
-3558990646397135.0000000000000000000000000000000000000000
-5009613527664126.0000000000000000000000000000000000000000
1547590031452594.7500000000000000000000000000000000000000
-5202310571190285.0000000000000000000000000000000000000000
2123488316997314.5000000000000000000000000000000000000000
755853233429111.8750000000000000000000000000000000000000
-605028772840751.1250000000000000000000000000000000000000
-814159726715511.8750000000000000000000000000000000000000
2397683673150924.5000000000000000000000000000000000000000
3262416891870315.5000000000000000000000000000000000000000
1145170621926576.7500000000000000000000000000000000000000
-217293972916363.1250000000000000000000000000000000000000
-158381565785596.9687500000000000000000000000000000000000
2130015716990403.5000000000000000000000000000000000000000
-4472091172955443.0000000000000000000000000000000000000000
-1235934755960660.2500000000000000000000000000000000000000
-4683797762189884.0000000000000000000000000000000000000000
56099517206590.9218750000000000000000000000000000000000
2690378485082579.0000000000000000000000000000000000000000
-556012057707127.6875000000000000000000000000000000000000
-887349633938880.0000000000000000000000000000000000000000
-3855535285255762.5000000000000000000000000000000000000000
7850522177980649.0000000000000000000000000000000000000000
1634215602730887.0000000000000000000000000000000000000000
2830897605124486.0000000000000000000000000000000000000000
-167165542281549.5312500000000000000000000000000000000000
1765490664686895.7500000000000000000000000000000000000000
4841100900738622.0000000000000000000000000000000000000000
138426672352076.9843750000000000000000000000000000000000
831873276195037.2500000000000000000000000000000000000000
-1584194045194030.5000000000000000000000000000000000000000
562041780105932.6875000000000000000000000000000000000000
2018090221642371.2500000000000000000000000000000000000000
-1537773648305886.5000000000000000000000000000000000000000
2172708468413502.7500000000000000000000000000000000000000
-1922297152871304.7500000000000000000000000000000000000000
-1444859738570345.7500000000000000000000000000000000000000
-2573205647502299.0000000000000000000000000000000000000000
-2807052291139980.0000000000000000000000000000000000000000
726937950447626.3750000000000000000000000000000000000000
3680050385044449.0000000000000000000000000000000000000000
-425824719063600.0625000000000000000000000000000000000000
1305188608382821.0000000000000000000000000000000000000000
686226278661452.7500000000000000000000000000000000000000
1122178249911722.3750000000000000000000000000000000000000
-3276405315078779.5000000000000000000000000000000000000000
-1099870360038786.3750000000000000000000000000000000000000
-12540503385114.6875000000000000000000000000000000000000
2724633756217294.0000000000000000000000000000000000000000
-116315000784793.7968750000000000000000000000000000000000
-4629005336388440.0000000000000000000000000000000000000000
-1285265229206589.5000000000000000000000000000000000000000
1642344397550920.0000000000000000000000000000000000000000
-1036062612264422.5000000000000000000000000000000000000000
1422060858424467.7500000000000000000000000000000000000000
2327282401658584.5000000000000000000000000000000000000000
-1049158375626675.1250000000000000000000000000000000000000
-1974676747531486.0000000000000000000000000000000000000000
263560419919789.5000000000000000000000000000000000000000
-626457300955744.5000000000000000000000000000000000000000
880700795895448.1250000000000000000000000000000000000000
-763928470187794.2500000000000000000000000000000000000000
2616813239442856.0000000000000000000000000000000000000000
-1357966557935174.0000000000000000000000000000000000000000
1929430626127390.0000000000000000000000000000000000000000
2392800447340398.0000000000000000000000000000000000000000
2147017830157061.5000000000000000000000000000000000000000
-873929189640572.0000000000000000000000000000000000000000
-6769237739814793.0000000000000000000000000000000000000000
3707367593699272.0000000000000000000000000000000000000000
-2889430014083937.5000000000000000000000000000000000000000
-3133315879128798.0000000000000000000000000000000000000000
-667705829688690.0000000000000000000000000000000000000000
-1457483198841146.5000000000000000000000000000000000000000
1735010718084740.5000000000000000000000000000000000000000
2959446689899841.5000000000000000000000000000000000000000
732915442322291.1250000000000000000000000000000000000000
2680711599827894.5000000000000000000000000000000000000000
2341464333605782.5000000000000000000000000000000000000000
-1440239459308981.7500000000000000000000000000000000000000
-4727402934644304.0000000000000000000000000000000000000000
-1024749417753569.7500000000000000000000000000000000000000
357418491281240.3750000000000000000000000000000000000000
1058514318567903.5000000000000000000000000000000000000000
2738993641964982.0000000000000000000000000000000000000000
568062665579489.3750000000000000000000000000000000000000
3937811442359508.0000000000000000000000000000000000000000
1016688153840337.6250000000000000000000000000000000000000
1530518259832085.7500000000000000000000000000000000000000
3512357516176992.5000000000000000000000000000000000000000
1924429300653707.5000000000000000000000000000000000000000
-1479640213486331.5000000000000000000000000000000000000000
-222008068864389.5625000000000000000000000000000000000000
2077184012984764.7500000000000000000000000000000000000000
-1584706167976169.7500000000000000000000000000000000000000
-1013091406901331.6250000000000000000000000000000000000000
-2417855482897259.5000000000000000000000000000000000000000
-558272485067170.6875000000000000000000000000000000000000
3176170435706551.0000000000000000000000000000000000000000
-100228021689292.7031250000000000000000000000000000000000
-4117161509466114.5000000000000000000000000000000000000000
-743676768796779.6250000000000000000000000000000000000000
-1124023550646162.1250000000000000000000000000000000000000
-2374374495761177.0000000000000000000000000000000000000000
260152748336699.3750000000000000000000000000000000000000
356999017379627.1250000000000000000000000000000000000000
-61696166389027.1953125000000000000000000000000000000000
3263519822229538.5000000000000000000000000000000000000000
2672144406090988.0000000000000000000000000000000000000000
-4514898684723319.0000000000000000000000000000000000000000
1741437666716686.2500000000000000000000000000000000000000
14068917812546.5917968750000000000000000000000000000000
-2628766494284754.5000000000000000000000000000000000000000
-2154278980858595.5000000000000000000000000000000000000000
-1162164924258222.0000000000000000000000000000000000000000
-1233884379824947.0000000000000000000000000000000000000000
-4814247042649744.0000000000000000000000000000000000000000
-1551406550064938.2500000000000000000000000000000000000000
-3441671144856801.0000000000000000000000000000000000000000
-3342270688152940.0000000000000000000000000000000000000000
382667721448235.1250000000000000000000000000000000000000
-2637258919749650.5000000000000000000000000000000000000000
1759814361431585.7500000000000000000000000000000000000000
804011744184592.2500000000000000000000000000000000000000
-931749336197195.8750000000000000000000000000000000000000
-2310642444914023.5000000000000000000000000000000000000000
2071187052100506.7500000000000000000000000000000000000000
-2601401810757975.0000000000000000000000000000000000000000
1650738746634876.7500000000000000000000000000000000000000
1827390256752900.5000000000000000000000000000000000000000
702664289942292.2500000000000000000000000000000000000000
3953083677420637.5000000000000000000000000000000000000000
3843087499964076.0000000000000000000000000000000000000000
2304407597324290.0000000000000000000000000000000000000000
-1254500859431068.0000000000000000000000000000000000000000
-628769400402498.3750000000000000000000000000000000000000
4485834869190158.0000000000000000000000000000000000000000
651573624143972.1250000000000000000000000000000000000000
-1229529773844330.0000000000000000000000000000000000000000
1729670894669592.2500000000000000000000000000000000000000
-3290363874124236.5000000000000000000000000000000000000000
536666928723911.1250000000000000000000000000000000000000
3617439362884216.0000000000000000000000000000000000000000
1505441135095491.2500000000000000000000000000000000000000
1790782667925740.0000000000000000000000000000000000000000
2080436827939638.5000000000000000000000000000000000000000
-5360170062233322.0000000000000000000000000000000000000000
3176664361735376.0000000000000000000000000000000000000000
1096605723988790.5000000000000000000000000000000000000000
-66030143984809.4921875000000000000000000000000000000000
2465468227030715.0000000000000000000000000000000000000000
1978839038316224.7500000000000000000000000000000000000000
-2253046526426028.5000000000000000000000000000000000000000
-7137158394310514.0000000000000000000000000000000000000000
870180755124931.0000000000000000000000000000000000000000
-1322420069553693.7500000000000000000000000000000000000000
-893981932348881.8750000000000000000000000000000000000000
2546074162406469.5000000000000000000000000000000000000000
-1828886402804138.5000000000000000000000000000000000000000
-3520948208813235.5000000000000000000000000000000000000000
475883769053281.6250000000000000000000000000000000000000
118931586570086.1406250000000000000000000000000000000000
-1328275309017625.2500000000000000000000000000000000000000
3823352528485932.5000000000000000000000000000000000000000
4973695287522495.0000000000000000000000000000000000000000
-2000569648132498.7500000000000000000000000000000000000000
-1792162896168309.2500000000000000000000000000000000000000
1110847930325782.8750000000000000000000000000000000000000
-565965961766316.0000000000000000000000000000000000000000
1644715194715231.7500000000000000000000000000000000000000
2431527210931353.0000000000000000000000000000000000000000
777634242178504.5000000000000000000000000000000000000000
1005334607831547.1250000000000000000000000000000000000000
-1054894614327364.3750000000000000000000000000000000000000
3100166099239470.5000000000000000000000000000000000000000
-2101860600185405.7500000000000000000000000000000000000000
-1877737883884109.7500000000000000000000000000000000000000
-2195644970278822.0000000000000000000000000000000000000000
-826238931241401.2500000000000000000000000000000000000000
1540586779501123.5000000000000000000000000000000000000000
786615134372005.3750000000000000000000000000000000000000
-645857904690714.2500000000000000000000000000000000000000
-2146626972973249.5000000000000000000000000000000000000000
-5125297025888823.0000000000000000000000000000000000000000
5563260491256224.0000000000000000000000000000000000000000
-2900547950330437.5000000000000000000000000000000000000000
473410500791834.6250000000000000000000000000000000000000
-2177580204244167.0000000000000000000000000000000000000000
1344755097494079.5000000000000000000000000000000000000000
6687428909173608.0000000000000000000000000000000000000000
-4118836133810906.5000000000000000000000000000000000000000
-5584296666447004.0000000000000000000000000000000000000000
1881261423645543.2500000000000000000000000000000000000000
-440551320336494.1250000000000000000000000000000000000000
-1527626321340044.7500000000000000000000000000000000000000
-681398416587070.3750000000000000000000000000000000000000
744918019495996.2500000000000000000000000000000000000000
-195212485206855.3125000000000000000000000000000000000000
1533685215847956.0000000000000000000000000000000000000000
3148382952674789.5000000000000000000000000000000000000000
-4215903338501161.0000000000000000000000000000000000000000
-3073126222796997.5000000000000000000000000000000000000000
-1469349161728940.2500000000000000000000000000000000000000
486060058521158.8125000000000000000000000000000000000000
2136389772904959.5000000000000000000000000000000000000000
-2066913026130232.0000000000000000000000000000000000000000
-412457188358960.5000000000000000000000000000000000000000
658689034838116.1250000000000000000000000000000000000000
-683936071577391.0000000000000000000000000000000000000000
1766518023825655.5000000000000000000000000000000000000000
5014420519039717.0000000000000000000000000000000000000000
4326031353334640.5000000000000000000000000000000000000000
-1474240926003949.2500000000000000000000000000000000000000
1968020792140489.5000000000000000000000000000000000000000
873788082530941.5000000000000000000000000000000000000000
1610154618540084.0000000000000000000000000000000000000000
1283858942809472.2500000000000000000000000000000000000000
1061031798253414.0000000000000000000000000000000000000000
-1311090102223902.2500000000000000000000000000000000000000
1960819053004789.0000000000000000000000000000000000000000
-214494153566080.2812500000000000000000000000000000000000
-2447611775288976.5000000000000000000000000000000000000000
-3770881435033578.5000000000000000000000000000000000000000
-3283668397810334.0000000000000000000000000000000000000000
-794516886679987.7500000000000000000000000000000000000000
2716433502327412.5000000000000000000000000000000000000000
-406417651031618.2500000000000000000000000000000000000000
694449711838023.2500000000000000000000000000000000000000
-1654172809217959.0000000000000000000000000000000000000000
57852357987054.5312500000000000000000000000000000000000
-2732745442834696.5000000000000000000000000000000000000000
-2002018718036637.7500000000000000000000000000000000000000
2652808959268648.5000000000000000000000000000000000000000
-216840320511460.8437500000000000000000000000000000000000
-2245171602277518.7500000000000000000000000000000000000000
-149186563212242.6250000000000000000000000000000000000000
2317274115182440.5000000000000000000000000000000000000000
2303339256993999.5000000000000000000000000000000000000000
26783987629416.0507812500000000000000000000000000000000
1392161669396541.7500000000000000000000000000000000000000
-942418302339396.7500000000000000000000000000000000000000
1229952371778382.7500000000000000000000000000000000000000
-498280337513140.2500000000000000000000000000000000000000
2425342068823318.5000000000000000000000000000000000000000
-3406736292442669.0000000000000000000000000000000000000000
