1.2082973685714595291074147098697721958160
-123.3140613046858646839609718881547451019287
2949.8740906746588734677061438560485839843750
-24592.2482980984859750606119632720947265625000
30209.3322540805020253174006938934326171875000
729414.5949875161750242114067077636718750000000
-5070535.1910666339099407196044921875000000000000
15822261.9026990253478288650512695312500000000000
-27758840.9106794856488704681396484375000000000000
29647658.7250232063233852386474609375000000000000
-22192524.3002715259790420532226562500000000000000
15851616.9697246979922056198120117187500000000000
-17175711.0673047862946987152099609375000000000000
29501502.8531651310622692108154296875000000000000
-33070947.4548537097871303558349609375000000000000
14768335.7246060501784086227416992187500000000000
-5461332.2988757872954010963439941406250000000000
-1821482.7905002876650542020797729492187500000000
16417963.2995220478624105453491210937500000000000
-8766392.4620693158358335494995117187500000000000
3125817.2223992282524704933166503906250000000000
7362160.9161254139617085456848144531250000000000
-25639692.7705179825425148010253906250000000000000
6385576.1636003199964761734008789062500000000000
8293190.6652771718800067901611328125000000000000
1262943.7305714394897222518920898437500000000000
-17590775.0330912210047245025634765625000000000000
27403667.2772306352853775024414062500000000000000
-8271215.5907230777665972709655761718750000000000
3369008.5490393568761646747589111328125000000000
-7774417.3134032841771841049194335937500000000000
-7378911.4037500116974115371704101562500000000000
5134622.5363465100526809692382812500000000000000
5827776.2577557871118187904357910156250000000000
-5181139.7362671326845884323120117187500000000000
3757362.8845669259317219257354736328125000000000
-905648.5581757947802543640136718750000000000000
1234326.0625693399924784898757934570312500000000
3900601.3847570787183940410614013671875000000000
2605968.9596899691969156265258789062500000000000
-16116873.3594950232654809951782226562500000000000
545710.4583752810722216963768005371093750000000
9443265.4412018824368715286254882812500000000000
-5085710.7307495074346661567687988281250000000000
667987.4757415233179926872253417968750000000000
11966693.9621516205370426177978515625000000000000
-2473370.1024730466306209564208984375000000000000
-6777311.0892717326059937477111816406250000000000
1733261.4949754232075065374374389648437500000000
-480711.0142916438053362071514129638671875000000
-13800654.6757583431899547576904296875000000000000
-2800048.4833443174138665199279785156250000000000
7334395.1909776935353875160217285156250000000000
4413261.4378742072731256484985351562500000000000
-3236430.9903904558159410953521728515625000000000
2743534.5879905140027403831481933593750000000000
-11798016.1697807833552360534667968750000000000000
8927808.5208367649465799331665039062500000000000
3640180.6350499852560460567474365234375000000000
405308.4662752803415060043334960937500000000000
23340666.7633332461118698120117187500000000000000
-6876728.7954710572957992553710937500000000000000
8244197.1550318822264671325683593750000000000000
2355622.1383349639363586902618408203125000000000
-15618209.2258468735963106155395507812500000000000
13162177.7243443392217159271240234375000000000000
-6532527.6857460420578718185424804687500000000000
1721609.3088349744211882352828979492187500000000
-11609701.1525095291435718536376953125000000000000
-763516.0924841543892398476600646972656250000000
-2152402.0935121839866042137145996093750000000000
-13857067.0888987891376018524169921875000000000000
878778.7116439593955874443054199218750000000000
-15844280.2076323162764310836791992187500000000000
2856836.0466121430508792400360107421875000000000
-1195413.0777398480568081140518188476562500000000
-5950584.5791267426684498786926269531250000000000
4575296.3848284613341093063354492187500000000000
2138866.0790334385819733142852783203125000000000
2339794.4256005380302667617797851562500000000000
5692773.6534932460635900497436523437500000000000
8088171.2306158477440476417541503906250000000000
-1644566.2108086247462779283523559570312500000000
5962185.6988847227767109870910644531250000000000
5040086.5122930277138948440551757812500000000000
7172356.7503533028066158294677734375000000000000
3268341.2443509153090417385101318359375000000000
2741369.5025641596876084804534912109375000000000
-5806388.4924988681450486183166503906250000000000
2702138.8559019663371145725250244140625000000000
9679384.7328788097947835922241210937500000000000
2775027.4018387370742857456207275390625000000000
13157439.5413280483335256576538085937500000000000
-15219662.6561005208641290664672851562500000000000
-14173217.9263390582054853439331054687500000000000
2570511.3514516735449433326721191406250000000000
-7391317.0568863144144415855407714843750000000000
9715584.7291482277214527130126953125000000000000
3268963.2190145994536578655242919921875000000000
-4287978.7841474078595638275146484375000000000000
1873859.1167688667774200439453125000000000000000
-10740521.5698813870549201965332031250000000000000
-400718.7001699229585938155651092529296875000000
1607912.5179704758338630199432373046875000000000
-13677651.3124081715941429138183593750000000000000
-6849358.5594368912279605865478515625000000000000
9942338.3511809986084699630737304687500000000000
-12632652.5858400892466306686401367187500000000000
-6698833.6425174232572317123413085937500000000000
15877612.7892734743654727935791015625000000000000
-5954481.9873919188976287841796875000000000000000
-7448410.8554385853931307792663574218750000000000
14271387.2076875902712345123291015625000000000000
-1284303.8255151743069291114807128906250000000000
2421747.1043826951645314693450927734375000000000
3127359.4735798756591975688934326171875000000000
7912064.4593266323208808898925781250000000000000
-168766.3501389589509926736354827880859375000000
-6008886.9848889075219631195068359375000000000000
-164537.4153459113440476357936859130859375000000
-12297802.2697086893022060394287109375000000000000
7070218.2620876589789986610412597656250000000000
-8739760.6805463694036006927490234375000000000000
2600448.1312670912593603134155273437500000000000
-457736.0614326458889991044998168945312500000000
1310028.9295779468957334756851196289062500000000
-1385132.2937071418855339288711547851562500000000
20656296.0773768424987792968750000000000000000000
-12629623.0333659909665584564208984375000000000000
6268624.3524814555421471595764160156250000000000
-4766451.7807161603122949600219726562500000000000
10307499.9602540358901023864746093750000000000000
5751863.4088138639926910400390625000000000000000
10096894.7160822562873363494873046875000000000000
-15254653.3152795601636171340942382812500000000000
2009982.7881406033411622047424316406250000000000
3851668.0837571113370358943939208984375000000000
9678905.1887886319309473037719726562500000000000
-11311979.7711225952953100204467773437500000000000
9409673.3595090564340353012084960937500000000000
-2766429.5078757209703326225280761718750000000000
3927217.2726022736169397830963134765625000000000
-6259221.9403585139662027359008789062500000000000
2510281.8973153745755553245544433593750000000000
9939939.9952289853245019912719726562500000000000
1478135.1181909800507128238677978515625000000000
-11958193.5892089530825614929199218750000000000000
-11735010.1205856334418058395385742187500000000000
-12260085.3267595022916793823242187500000000000000
4695625.3903819592669606208801269531250000000000
-343293.7307396352989599108695983886718750000000
3919476.1364930421113967895507812500000000000000
-4002310.2039726343937218189239501953125000000000
13738953.9961770735681056976318359375000000000000
6588162.6959477374330163002014160156250000000000
-8594778.3286845386028289794921875000000000000000
7448209.5368353324010968208312988281250000000000
6322165.5875524943694472312927246093750000000000
-15937391.5871886201202869415283203125000000000000
-3044668.9936468987725675106048583984375000000000
-14253488.1533961892127990722656250000000000000000
5095496.3993273759260773658752441406250000000000
-16504225.5226404648274183273315429687500000000000
10101929.2777427025139331817626953125000000000000
-3119007.3128777071833610534667968750000000000000
-6844925.8669430278241634368896484375000000000000
-15575684.6666099093854427337646484375000000000000
6542456.7543117934837937355041503906250000000000
-7588557.3134795716032385826110839843750000000000
-14173837.0120292790234088897705078125000000000000
10857384.7856861315667629241943359375000000000000
-3003828.4844377217814326286315917968750000000000
2971198.4516294854693114757537841796875000000000
9577875.1684027370065450668334960937500000000000
199414.5868693827069364488124847412109375000000
5992444.6587318796664476394653320312500000000000
9708690.3769332505762577056884765625000000000000
10691708.1071329843252897262573242187500000000000
-428929.5736508346162736415863037109375000000000
10812746.5163068939000368118286132812500000000000
-2426724.2346545523032546043395996093750000000000
12509468.3685577083379030227661132812500000000000
9832841.0495951529592275619506835937500000000000
3034690.7390150129795074462890625000000000000000
-3474726.0205263071693480014801025390625000000000
-16539559.2309366054832935333251953125000000000000
11441312.9237655717879533767700195312500000000000
6763177.7969271447509527206420898437500000000000
-6808959.6010843655094504356384277343750000000000
6471420.7530376017093658447265625000000000000000
-6535072.5972919370979070663452148437500000000000
5237790.3823668854311108589172363281250000000000
2306643.0945738889276981353759765625000000000000
-1664626.5392537747975438833236694335937500000000
-6165685.4229138428345322608947753906250000000000
10432702.4909866470843553543090820312500000000000
-18849748.6692155823111534118652343750000000000000
7603079.9319514166563749313354492187500000000000
-15086583.8816570788621902465820312500000000000000
-919720.0136253277305513620376586914062500000000
-5294808.1416229344904422760009765625000000000000
20733975.2890216708183288574218750000000000000000
2659374.0621107341721653938293457031250000000000
10326182.2843497898429632186889648437500000000000
5054663.1602619048207998275756835937500000000000
-4258077.2224928755313158035278320312500000000000
-5021541.0077439639717340469360351562500000000000
6017426.4456798536702990531921386718750000000000
-2811005.0114339767023921012878417968750000000000
6126430.2782134236767888069152832031250000000000
-8200982.5983098456636071205139160156250000000000
-3415030.5970028839074075222015380859375000000000
-5228240.9838500656187534332275390625000000000000
-9946175.0294759273529052734375000000000000000000
-5621661.6576053816825151443481445312500000000000
-1018.0347867262568115620524622499942779541016
-769239.6253472359385341405868530273437500000000
-8802319.3758764136582612991333007812500000000000
-1334396.6556596134323626756668090820312500000000
-5388805.8501553945243358612060546875000000000000
5371563.2937529785558581352233886718750000000000
-3331190.6133278300985693931579589843750000000000
-3673433.2516173007898032665252685546875000000000
-3640934.2886739089153707027435302734375000000000
7504255.0565443886443972587585449218750000000000
-15700386.9932608865201473236083984375000000000000
-652608.7176755871623754501342773437500000000000
-7879926.4770718188956379890441894531250000000000
10743437.5760858971625566482543945312500000000000
6889523.7684578811749815940856933593750000000000
-1310253.4468975844793021678924560546875000000000
-1600406.0943483652081340551376342773437500000000
2996344.0922727067954838275909423828125000000000
-1567566.8327161893248558044433593750000000000000
2198410.2773823966272175312042236328125000000000
471599.7652044732822105288505554199218750000000
-2286490.6761862416751682758331298828125000000000
-3809282.2896008272655308246612548828125000000000
1013341.6843848829157650470733642578125000000000
-20084333.7765422537922859191894531250000000000000
-2362650.3256150861270725727081298828125000000000
12823762.1723722759634256362915039062500000000000
12099145.4801928438246250152587890625000000000000
-6764325.9532398683950304985046386718750000000000
-10426003.5076598953455686569213867187500000000000
3090538.3086940636858344078063964843750000000000
19173153.7320132441818714141845703125000000000000
-10116547.6881723329424858093261718750000000000000
-7627876.7016677837818861007690429687500000000000
-8881587.4336665999144315719604492187500000000000
20120216.7320988848805427551269531250000000000000
4668342.2907794564962387084960937500000000000000
-4011480.2358330204151570796966552734375000000000
5521712.4149394575506448745727539062500000000000
12320642.3595591392368078231811523437500000000000
848177.1210819024126976728439331054687500000000
12605467.0686897113919258117675781250000000000000
1844168.6670734682120382785797119140625000000000
12085833.4507403112947940826416015625000000000000
5478237.5618159854784607887268066406250000000000
3314189.4734431463293731212615966796875000000000
-15805607.9627363309264183044433593750000000000000
8294398.8356090085580945014953613281250000000000
-2905531.4253078047186136245727539062500000000000
-14485884.5676891710609197616577148437500000000000
1677949.2557990923523902893066406250000000000000
21987456.4268689267337322235107421875000000000000
-3438472.6982916924171149730682373046875000000000
477221.4444627302000299096107482910156250000000
-7331634.6020918367430567741394042968750000000000
-18724.7438880367772071622312068939208984375000
-177164.8906476973788812756538391113281250000000
-6028799.5705741876736283302307128906250000000000
11094829.8031392209231853485107421875000000000000
-11683488.3967262282967567443847656250000000000000
-15250349.2058513853698968887329101562500000000000
728942.7726189848035573959350585937500000000000
6158190.5683829337358474731445312500000000000000
6629099.4749010680243372917175292968750000000000
10335368.7088880315423011779785156250000000000000
-1500942.8765555345453321933746337890625000000000
-8492435.4105904493480920791625976562500000000000
-12060474.9967697169631719589233398437500000000000
9976235.1197155732661485671997070312500000000000
-6592600.8804575679823756217956542968750000000000
6996896.7035321611911058425903320312500000000000
-1805380.6851893125567585229873657226562500000000
-4590985.0712203253060579299926757812500000000000
759453.7702208975097164511680603027343750000000
-7965720.1506486404687166213989257812500000000000
-12910625.3262172956019639968872070312500000000000
7135945.2989755300804972648620605468750000000000
2475069.0206470987759530544281005859375000000000
3273250.6947325267829000949859619140625000000000
7649840.2629371779039502143859863281250000000000
19473293.8917913883924484252929687500000000000000
-6523436.0201554652303457260131835937500000000000
6991357.7465911190956830978393554687500000000000
4754707.0617411183193325996398925781250000000000
-2971351.3038730821572244167327880859375000000000
9182174.7423311527818441390991210937500000000000
-4138697.2845620494335889816284179687500000000000
-6878310.2294895481318235397338867187500000000000
-9148926.0877857133746147155761718750000000000000
-16737064.9866229947656393051147460937500000000000
8210989.3906573969870805740356445312500000000000
4486779.2980007864534854888916015625000000000000
-6569391.6412673974409699440002441406250000000000
-6564287.6066133966669440269470214843750000000000
5672093.3200927488505840301513671875000000000000
-1365197.5657697536516934633255004882812500000000
5054157.8075080439448356628417968750000000000000
-3190486.1233797096647322177886962890625000000000
-4316731.1570605644956231117248535156250000000000
10046251.0128739066421985626220703125000000000000
-6387935.6112550189718604087829589843750000000000
-9128870.6362231075763702392578125000000000000000
-20804999.3842852413654327392578125000000000000000
-3560335.0291873039677739143371582031250000000000
1204688.3965863722842186689376831054687500000000
-2167129.8301416384056210517883300781250000000000
-13599193.6317215729504823684692382812500000000000
10493479.1574830748140811920166015625000000000000
-2054469.0934472742956131696701049804687500000000
12415278.0712783578783273696899414062500000000000
4342369.3878350593149662017822265625000000000000
-5936970.7722318796440958976745605468750000000000
11540345.9519039075821638107299804687500000000000
81560.0782274973171297460794448852539062500000
8815910.0505293458700180053710937500000000000000
-4793922.2510143341496586799621582031250000000000
-809663.3849650408374145627021789550781250000000
-5423373.3211788106709718704223632812500000000000
2921187.5632407688535749912261962890625000000000
334646.6964304468128830194473266601562500000000
9453104.4837942440062761306762695312500000000000
-3387131.6127074426040053367614746093750000000000
7552234.8057891586795449256896972656250000000000
-6727442.8481781259179115295410156250000000000000
-250776.1732162068074103444814682006835937500000
11205267.9945421908050775527954101562500000000000
-3697438.4710974963381886482238769531250000000000
14376570.3814812060445547103881835937500000000000
-16113874.7529809419065713882446289062500000000000
512450.5508716724580153822898864746093750000000
-2201217.9228579900227487087249755859375000000000
-4254397.4641107814386487007141113281250000000000
2429789.1370041281916201114654541015625000000000
5727112.2396804690361022949218750000000000000000
19933080.6417621783912181854248046875000000000000
8613996.9573337268084287643432617187500000000000
-1681073.1345015957485884428024291992187500000000
712799.1102604866027832031250000000000000000000
-3759851.5613504010252654552459716796875000000000
-13075574.9520221408456563949584960937500000000000
-2876300.9920751932077109813690185546875000000000
435797.2582090703072026371955871582031250000000
-574487.3770172323565930128097534179687500000000
2665343.3081993637606501579284667968750000000000
-1359104.6669468297623097896575927734375000000000
124188.3459848899801727384328842163085937500000
-4126649.3033451014198362827301025390625000000000
-15884275.0927106328308582305908203125000000000000
1146614.8394259831402450799942016601562500000000
-13468245.3072344847023487091064453125000000000000
2953320.9338549450039863586425781250000000000000
-2933908.2352051865309476852416992187500000000000
-1458514.4783120797947049140930175781250000000000
-5224611.6882721213623881340026855468750000000000
-1472781.2843776964582502841949462890625000000000
-6903910.5892664687708020210266113281250000000000
-1984013.9394479671027511358261108398437500000000
6735259.7370282262563705444335937500000000000000
-15099474.5270274784415960311889648437500000000000
-1277312.6520191442687064409255981445312500000000
3388572.2103861863724887371063232421875000000000
6675984.3790435763075947761535644531250000000000
5863149.7277691839262843132019042968750000000000
3666833.6596059091389179229736328125000000000000
-14280925.6111065372824668884277343750000000000000
4912780.8207196937873959541320800781250000000000
14654457.6613234933465719223022460937500000000000
-2258141.9202538449317216873168945312500000000000
7081729.4100296944379806518554687500000000000000
878030.3486382820410653948783874511718750000000
-8405536.9621396344155073165893554687500000000000
7899095.4553301231935620307922363281250000000000
2001140.7142777445260435342788696289062500000000
-3492285.5035939291119575500488281250000000000000
4813075.2396538648754358291625976562500000000000
5328032.4005445633083581924438476562500000000000
-2097064.3965433682315051555633544921875000000000
7206115.2393619176000356674194335937500000000000
3709131.6284145759418606758117675781250000000000
2954482.3468649117276072502136230468750000000000
3871586.6351670990698039531707763671875000000000
315394.5890851101139560341835021972656250000000
1163834.9682462257333099842071533203125000000000
8141163.2629112778231501579284667968750000000000
-11473762.8257846869528293609619140625000000000000
-11438099.4852495994418859481811523437500000000000
-7343215.0724204508587718009948730468750000000000
-3658747.7372009209357202053070068359375000000000
11192848.9342187251895666122436523437500000000000
3893536.2839856091886758804321289062500000000000
-3368681.4105242998339235782623291015625000000000
10150890.4356871936470270156860351562500000000000
-6527507.0441488651558756828308105468750000000000
12941363.8874895889312028884887695312500000000000
4931004.0048601338639855384826660156250000000000
6537542.2532962141558527946472167968750000000000
6875040.6202350910753011703491210937500000000000
-8661041.9052817001938819885253906250000000000000
8912301.4306058809161186218261718750000000000000
-1850019.2349125756882131099700927734375000000000
271360.4153824457316659390926361083984375000000
4172692.5750788240693509578704833984375000000000
-13830659.9259462039917707443237304687500000000000
-7850171.9233977496623992919921875000000000000000
4540854.9250430054962635040283203125000000000000
7136676.7307084314525127410888671875000000000000
-4393295.2062280392274260520935058593750000000000
-4102762.4411356258206069469451904296875000000000
8029667.9040679596364498138427734375000000000000
-6490656.1006922451779246330261230468750000000000
112886.9716503844683757051825523376464843750000
-3004360.5440765148960053920745849609375000000000
-2814170.2457182900980114936828613281250000000000
4245183.0599556099623441696166992187500000000000
-361097.1702098785317502915859222412109375000000
2632136.6580388969741761684417724609375000000000
-5658745.9156779609620571136474609375000000000000
14573525.4343440700322389602661132812500000000000
-2436260.7525254120118916034698486328125000000000
-8395690.9305845145136117935180664062500000000000
-3143493.6730812508612871170043945312500000000000
-560614.0296296683372929692268371582031250000000
-11491445.2919711619615554809570312500000000000000
6926310.9219030924141407012939453125000000000000
-408548.9344894741079770028591156005859375000000
-5088893.8047977937385439872741699218750000000000
5028330.0787233989685773849487304687500000000000
3862241.6950447582639753818511962890625000000000
4637869.3187571084126830101013183593750000000000
-565300.9575642381096258759498596191406250000000
3591334.4134341352619230747222900390625000000000
12436805.4105974193662405014038085937500000000000
6530130.2779936362057924270629882812500000000000
-977820.4910005768761038780212402343750000000000
-1822154.7832324593327939510345458984375000000000
2155854.6880373614840209484100341796875000000000
-4815480.0627786302939057350158691406250000000000
-2076393.8014064205344766378402709960937500000000
146639.0512396319245453923940658569335937500000
-3890836.0020569227635860443115234375000000000000
-5501388.3649544585496187210083007812500000000000
-13087775.7833468429744243621826171875000000000000
-6837714.6305715311318635940551757812500000000000
-3974510.5599505687132477760314941406250000000000
6875079.4258258426561951637268066406250000000000
98620.9134325329650891944766044616699218750000
-4016271.6418621493503451347351074218750000000000
-4448157.1610816419124603271484375000000000000000
3594603.3984943130053579807281494140625000000000
-1507101.8961720895022153854370117187500000000000
-8564419.5333795696496963500976562500000000000000
-8214282.0470545347779989242553710937500000000000
5897822.7018755255267024040222167968750000000000
-5724131.2071198159828782081604003906250000000000
5199636.2802137946709990501403808593750000000000
4177980.3472998104989528656005859375000000000000
-1365599.8000395100098103284835815429687500000000
3901320.5442277453839778900146484375000000000000
6914291.3333553234115242958068847656250000000000
-8812794.1846113614737987518310546875000000000000
-6684750.4197762096300721168518066406250000000000
9287242.0786012820899486541748046875000000000000
-5969773.8889297433197498321533203125000000000000
-1730790.5483252902049571275711059570312500000000
1758759.1937488794792443513870239257812500000000
276800.0253650639206171035766601562500000000000
-2999120.1552315875887870788574218750000000000000
-2000478.7618848071433603763580322265625000000000
598669.0446858379291370511054992675781250000000
-314954.7068844647728838026523590087890625000000
4696193.7440401818603277206420898437500000000000
2228566.0604037288576364517211914062500000000000
-4099566.6691994084976613521575927734375000000000
8322224.3245508372783660888671875000000000000000
-2932485.2624620203860104084014892578125000000000
-447091.4596225106506608426570892333984375000000
2133811.5837875301949679851531982421875000000000
10629.9497726004155992995947599411010742187500
1684485.0338110786397010087966918945312500000000
2092583.6809123633429408073425292968750000000000
-2843410.1513557150028645992279052734375000000000
-4449687.1757744187489151954650878906250000000000
-2218983.0093878968618810176849365234375000000000
-1484124.0305637777782976627349853515625000000000
-4857738.9368165927007794380187988281250000000000
7318260.3305125758051872253417968750000000000000
-6623665.4566478375345468521118164062500000000000
1351615.5553983973804861307144165039062500000000
5773244.5699392035603523254394531250000000000000
-2918508.6499557788483798503875732421875000000000
-3635832.1762129920534789562225341796875000000000
-3521954.7378835962153971195220947265625000000000
4218771.7784042805433273315429687500000000000000
-1718156.7588185891509056091308593750000000000000
-42194.0839080205914797261357307434082031250000
-3241632.0897668534889817237854003906250000000000
5270330.9137603975832462310791015625000000000000
1336833.7944937911815941333770751953125000000000
2605244.3353785281069576740264892578125000000000
-918040.0156993775162845849990844726562500000000
8784004.9840471353381872177124023437500000000000
3173695.5225713071413338184356689453125000000000
-3298019.1890785237774252891540527343750000000000
-5107509.0039170170202851295471191406250000000000
378779.0949736199690960347652435302734375000000
-987138.8476132414070889353752136230468750000000
1752757.3683104915544390678405761718750000000000
-2669613.1266738218255341053009033203125000000000
205761.9424234810867346823215484619140625000000
-3635186.7949342564679682254791259765625000000000
2894709.7607683860696852207183837890625000000000
-28993.6212819496140582486987113952636718750000
-833508.3516586517216637730598449707031250000000
-3918221.5207250714302062988281250000000000000000
-2661033.1791089316830039024353027343750000000000
2547898.3044999879784882068634033203125000000000
5317043.8042627256363630294799804687500000000000
5117442.6111280331388115882873535156250000000000
6753869.1589316939935088157653808593750000000000
7482647.0081548597663640975952148437500000000000
6028815.3930684728547930717468261718750000000000
4649861.8016090709716081619262695312500000000000
466037.3511993452557362616062164306640625000000
-5765539.7822483163326978683471679687500000000000
-4347533.0691298479214310646057128906250000000000
3835216.7136171050369739532470703125000000000000
2045734.9598397498484700918197631835937500000000
2649578.1852274923585355281829833984375000000000
2459939.5933144786395132541656494140625000000000
2579073.1773691680282354354858398437500000000000
-7777214.8551998613402247428894042968750000000000
2985129.5617724815383553504943847656250000000000
7962694.8884831648319959640502929687500000000000
-3767177.4734493670985102653503417968750000000000
820453.0978952238801866769790649414062500000000
821514.2535060257650911808013916015625000000000
2163660.7696645581163465976715087890625000000000
-5884097.9569448111578822135925292968750000000000
552570.7398039881372824311256408691406250000000
-2220000.5924126403406262397766113281250000000000
-4947976.8879121337085962295532226562500000000000
1204674.9109058289323002099990844726562500000000
-3145453.2539649209938943386077880859375000000000
-7046516.7045238437131047248840332031250000000000
3286736.7299212315119802951812744140625000000000
-1394953.4427396855317056179046630859375000000000
-2694681.3387587652541697025299072265625000000000
-2656496.9855259489268064498901367187500000000000
6682443.0504182018339633941650390625000000000000
2442875.1412529968656599521636962890625000000000
-4010885.3279023370705544948577880859375000000000
-2611576.9702518633566796779632568359375000000000
3218209.7914567105472087860107421875000000000000
-3499865.1906603313982486724853515625000000000000
1501450.5896692178212106227874755859375000000000
-1109337.2483645866159349679946899414062500000000
-882605.7696385742165148258209228515625000000000
3196057.0602196305990219116210937500000000000000
-2028899.0331446051131933927536010742187500000000
-810849.6543002019170671701431274414062500000000
-8304430.7637859946116805076599121093750000000000
-3996489.5874624219723045825958251953125000000000
1374175.4724299984518438577651977539062500000000
-451252.3348264017840847373008728027343750000000
-808133.7005558583186939358711242675781250000000
-2109945.3263283153064548969268798828125000000000
7368136.2136690644547343254089355468750000000000
-1648123.2533594847191125154495239257812500000000
4497220.1674851384013891220092773437500000000000
1129176.4902175290044397115707397460937500000000
-7932066.3189546633511781692504882812500000000000
778481.6141725997440516948699951171875000000000
-2360656.8284890954382717609405517578125000000000
1440853.0902077986393123865127563476562500000000
172768.3646965779771562665700912475585937500000
3883906.2542167254723608493804931640625000000000
-4740305.5774992136284708976745605468750000000000
-1151887.3052197284996509552001953125000000000000
3384725.8115592864342033863067626953125000000000
-403593.1878236159100197255611419677734375000000
-3372126.3359551834873855113983154296875000000000
2758427.2766746496781706809997558593750000000000
-2993549.3018890428356826305389404296875000000000
2854739.0124287768267095088958740234375000000000
2181244.7884634407237172126770019531250000000000
1467743.2872016828041523694992065429687500000000
1003774.9522894767578691244125366210937500000000
9352622.7846970260143280029296875000000000000000
-2947751.8319906797260046005249023437500000000000
-652747.3968715252121910452842712402343750000000
688229.7256906335242092609405517578125000000000
3852590.8435629461891949176788330078125000000000
6535802.1346488771960139274597167968750000000000
-2779472.8831829023547470569610595703125000000000
1676047.5507545208092778921127319335937500000000
5720412.1749925427138805389404296875000000000000
-2031348.4958920343779027462005615234375000000000
1852372.3635939881205558776855468750000000000000
-4513168.8872996317222714424133300781250000000000
-2158460.4640847048722207546234130859375000000000
132504.6873007603862788528203964233398437500000
-1741243.0833560866303741931915283203125000000000
-929634.2359852665103971958160400390625000000000
-1925624.0150239267386496067047119140625000000000
1287983.9405137340072542428970336914062500000000
-2540397.2464863709174096584320068359375000000000
3656810.6403777119703590869903564453125000000000
-4741864.3912117397412657737731933593750000000000
2204617.4427447454072535037994384765625000000000
3846591.8105119587853550910949707031250000000000
6760180.2324669379740953445434570312500000000000
616575.1383342952467501163482666015625000000000
-4606890.1181778181344270706176757812500000000000
1521411.3372259114403277635574340820312500000000
-4970895.0339752556756138801574707031250000000000
-1098556.0623429010156542062759399414062500000000
-1620838.7496211784891784191131591796875000000000
-1054559.2188524862285703420639038085937500000000
-667393.3100323663093149662017822265625000000000
-1904944.7281413511373102664947509765625000000000
-489978.9176433535758405923843383789062500000000
-9400.4979047528886439977213740348815917968750
-3964295.6466459427028894424438476562500000000000
-343490.1472605793969705700874328613281250000000
802650.9465814571594819426536560058593750000000
961824.0712294669356197118759155273437500000000
-2610967.8911014562472701072692871093750000000000
613762.6456093252636492252349853515625000000000
609515.0767651946516707539558410644531250000000
498959.1103997337049804627895355224609375000000
3423892.9871257063932716846466064453125000000000
-3125470.4331946214661002159118652343750000000000
428499.8969049382722005248069763183593750000000
618041.3761331038549542427062988281250000000000
921082.2370221011806279420852661132812500000000
-3226613.6794872041791677474975585937500000000000
-2187716.4227228518575429916381835937500000000000
1763059.3028742806054651737213134765625000000000
-603205.0601299672853201627731323242187500000000
-1629598.6546545876190066337585449218750000000000
1339125.4997263972181826829910278320312500000000
-1384993.4666819227859377861022949218750000000000
-4637114.7695744875818490982055664062500000000000
1172439.0810176995582878589630126953125000000000
6355777.1567394565790891647338867187500000000000
2798998.9705699686892330646514892578125000000000
2578608.2440115944482386112213134765625000000000
-4491519.1731943059712648391723632812500000000000
1998961.9242658424191176891326904296875000000000
-1283399.9794773166067898273468017578125000000000
-1378815.9726745923981070518493652343750000000000
-1433231.6338944067247211933135986328125000000000
-1406012.8944587057922035455703735351562500000000
3596271.6759656709618866443634033203125000000000
2931493.3286517574451863765716552734375000000000
-1082333.8112428418826311826705932617187500000000
2487660.2895579021424055099487304687500000000000
-1638699.7849549511447548866271972656250000000000
-707397.8526817552046850323677062988281250000000
-4507790.1989901736378669738769531250000000000000
2998903.9776933174580335617065429687500000000000
-1098708.7339902876410633325576782226562500000000
2886423.3735526301898062229156494140625000000000
1358373.6755187539383769035339355468750000000000
-2798713.7886057775467634201049804687500000000000
-1610614.7623893159907311201095581054687500000000
-4242879.6744633764028549194335937500000000000000
-732521.8139918122906237840652465820312500000000
1513963.1240087242331355810165405273437500000000
-3340938.9992137178778648376464843750000000000000
868150.7495766137726604938507080078125000000000
-1685101.4957757513038814067840576171875000000000
-1687259.2821329617872834205627441406250000000000
-2350372.4014565963298082351684570312500000000000
1511187.7028383142314851284027099609375000000000
-665764.6953244708711281418800354003906250000000
-259278.0779349655495025217533111572265625000000
463268.1474283182760700583457946777343750000000
3269273.4675653092563152313232421875000000000000
-4197046.7376443287357687950134277343750000000000
-2677352.6817895737476646900177001953125000000000
-1374593.4791629496030509471893310546875000000000
2086317.1417000615037977695465087890625000000000
1768661.0453225378878414630889892578125000000000
5341906.9841560944914817810058593750000000000000
398220.9310705089010298252105712890625000000000
1606669.3088556106667965650558471679687500000000
1544836.8535777190700173377990722656250000000000
4712966.2866552518680691719055175781250000000000
1477190.4617243502289056777954101562500000000000
1432348.6765734942164272069931030273437500000000
-4246730.0929481340572237968444824218750000000000
1583370.9360079441685229539871215820312500000000
2592932.9948822520673274993896484375000000000000
-908793.4138505335431545972824096679687500000000
596079.8530886885710060596466064453125000000000
-1884062.2377160394098609685897827148437500000000
2665015.4952063746750354766845703125000000000000
-647653.9460940704448148608207702636718750000000
-189111.5340403381851501762866973876953125000000
1135233.0441311979666352272033691406250000000000
1710060.3812527724076062440872192382812500000000
1736267.2870240998454391956329345703125000000000
-143331.9294949319737497717142105102539062500000
-625652.6333372908411547541618347167968750000000
701173.4101085664005950093269348144531250000000
1231909.0606642765924334526062011718750000000000
1611688.7973554104100912809371948242187500000000
-1860290.1742506399750709533691406250000000000000
86302.2530657996394438669085502624511718750000
-844885.8690332869300618767738342285156250000000
-202274.1448737727769184857606887817382812500000
-1704864.8598426491953432559967041015625000000000
-1929411.7344591177534312009811401367187500000000
-1167775.8716794997453689575195312500000000000000
2156960.6127592655830085277557373046875000000000
-3728441.2386545296758413314819335937500000000000
-1753191.5681436089798808097839355468750000000000
712984.9556893324479460716247558593750000000000
2203492.3312138272449374198913574218750000000000
-981008.7782688268925994634628295898437500000000
1627357.8714572882745414972305297851562500000000
222656.6340197633835487067699432373046875000000
-2284219.2553828870877623558044433593750000000000
-1317373.6874007571022957563400268554687500000000
654016.9274878972209990024566650390625000000000
-789105.2170009344117715954780578613281250000000
1287415.0990895410068333148956298828125000000000
-2786453.3144917045719921588897705078125000000000
-813181.4381353396456688642501831054687500000000
-1357073.0251161272171884775161743164062500000000
1483876.5948733831755816936492919921875000000000
2132102.9041022136807441711425781250000000000000
-2806398.4423985811881721019744873046875000000000
3468223.1150130298919975757598876953125000000000
-2481295.2073983587324619293212890625000000000000
55853.4511434558153268881142139434814453125000
2201566.9126239083707332611083984375000000000000
-40906.3073014736874029040336608886718750000000
2070020.6515591382049024105072021484375000000000
1132203.2364745654631406068801879882812500000000
1999000.1282291340176016092300415039062500000000
413683.8418652837863191962242126464843750000000
-1290424.2779626895207911729812622070312500000000
-736530.7353614513995125889778137207031250000000
1021127.8210373676847666501998901367187500000000
-2364359.9998134211637079715728759765625000000000
-774761.3328659732360392808914184570312500000000
2547075.6651161136105656623840332031250000000000
343578.4024372084531933069229125976562500000000
2427119.3730271533131599426269531250000000000000
1458079.6216189514379948377609252929687500000000
-2165285.7666482017375528812408447265625000000000
1044043.0626880978234112262725830078125000000000
2489444.9659368819557130336761474609375000000000
-1668901.2198961251415312290191650390625000000000
-522118.8988799029029905796051025390625000000000
-3333618.8069338439963757991790771484375000000000
-1740318.4186826089862734079360961914062500000000
1784218.9152376293204724788665771484375000000000
-4436833.2605712814256548881530761718750000000000
-853900.8396392255090177059173583984375000000000
-2124873.1541680851951241493225097656250000000000
401105.9885683983447961509227752685546875000000
-529786.7818866077577695250511169433593750000000
-3199749.0146290855482220649719238281250000000000
1098752.0450550005771219730377197265625000000000
3689846.2446081405505537986755371093750000000000
-517941.4788567262003198266029357910156250000000
-1754536.7014491213485598564147949218750000000000
-624675.6148905031150206923484802246093750000000
805580.6218963171122595667839050292968750000000
-1854842.5698160843458026647567749023437500000000
1080153.8652982828207314014434814453125000000000
143029.4068223626818507909774780273437500000000
1440559.1543956997338682413101196289062500000000
-297158.5206480543711222708225250244140625000000
4935300.1899072863161563873291015625000000000000
-2259322.8303665015846490859985351562500000000000
3747369.8167272773571312427520751953125000000000
2828434.2158241933211684226989746093750000000000
-1131546.8846142224501818418502807617187500000000
-3918630.5255200299434363842010498046875000000000
73175.4320866099442355334758758544921875000000
214727.1699128350010141730308532714843750000000
-470140.3242896230076439678668975830078125000000
