0.5629768524706862953266295335197355598211
-82.8059800155229339679863187484443187713623
3285.7192659569441275380086153745651245117188
-56229.5099345143316895700991153717041015625000
499035.5635376766440458595752716064453125000000
-2502649.6361571769230067729949951171875000000000
7308704.1185570741072297096252441406250000000000
-12429223.9402264691889286041259765625000000000000
13777420.4540375098586082458496093750000000000000
-20189425.5590031258761882781982421875000000000000
42099163.2814766392111778259277343750000000000000
-52057861.0493055954575538635253906250000000000000
23922107.6730465814471244812011718750000000000000
2425442.6777385682798922061920166015625000000000
6802712.4364191545173525810241699218750000000000
-28642216.4473642818629741668701171875000000000000
32647966.1319021433591842651367187500000000000000
605969.3412135472754016518592834472656250000000
-31804465.9045787155628204345703125000000000000000
9039867.4448845963925123214721679687500000000000
32540498.8349197953939437866210937500000000000000
-38817662.0771644636988639831542968750000000000000
2001532.8345009670592844486236572265625000000000
24222713.6094305440783500671386718750000000000000
5842848.8532445728778839111328125000000000000000
-39458360.5600680857896804809570312500000000000000
20268354.0161064043641090393066406250000000000000
9044587.5478449128568172454833984375000000000000
-8679468.5820167623460292816162109375000000000000
-18323958.5513632893562316894531250000000000000000
26886111.5363321751356124877929687500000000000000
26039867.5278552398085594177246093750000000000000
-16578926.1499275695532560348510742187500000000000
15112742.8847400546073913574218750000000000000000
-52249102.1566746383905410766601562500000000000000
24462184.3576169088482856750488281250000000000000
-63787114.3686727508902549743652343750000000000000
-2712168.8277085158042609691619873046875000000000
80701791.7329472601413726806640625000000000000000
-8751167.3173447940498590469360351562500000000000
10670646.7124968338757753372192382812500000000000
-3152989.7494632638990879058837890625000000000000
-37875763.7672111466526985168457031250000000000000
24378329.4738692939281463623046875000000000000000
6615458.9801576510071754455566406250000000000000
15198721.8885068167001008987426757812500000000000
-20226980.0778048522770404815673828125000000000000
46993392.3893580809235572814941406250000000000000
-25330090.6941378489136695861816406250000000000000
-44250162.2122509405016899108886718750000000000000
37073749.7435390725731849670410156250000000000000
-40917989.0420837551355361938476562500000000000000
-11215706.6509046014398336410522460937500000000000
-6765516.4376229699701070785522460937500000000000
-20846143.7317272275686264038085937500000000000000
53519636.6783180162310600280761718750000000000000
33052890.6994150802493095397949218750000000000000
-10749031.2546431459486484527587890625000000000000
10517572.2992548421025276184082031250000000000000
-10910303.4714552536606788635253906250000000000000
-27329822.0291885100305080413818359375000000000000
-3292689.5059273797087371349334716796875000000000
-6487558.6588263846933841705322265625000000000000
-19638240.0415058918297290802001953125000000000000
27515882.5787529833614826202392578125000000000000
55053430.4316044375300407409667968750000000000000
-24559660.5574937500059604644775390625000000000000
6220236.6302813319489359855651855468750000000000
26366623.0556216053664684295654296875000000000000
-9963920.1933226939290761947631835937500000000000
-64619618.3308763653039932250976562500000000000000
1233388.3761227019131183624267578125000000000000
-9297507.1452346425503492355346679687500000000000
39476548.9589633643627166748046875000000000000000
-11114375.3678317423909902572631835937500000000000
-17668971.8795867897570133209228515625000000000000
37539349.9095550328493118286132812500000000000000
-21391873.5258729569613933563232421875000000000000
61329854.7398093938827514648437500000000000000000
-19510741.7366540804505348205566406250000000000000
-4155152.2617978239431977272033691406250000000000
13785449.9930543098598718643188476562500000000000
-40634178.1237186267971992492675781250000000000000
-9854987.5057249832898378372192382812500000000000
-2212639.8899633251130580902099609375000000000000
-46005140.0525444149971008300781250000000000000000
23911242.5867601297795772552490234375000000000000
38101935.4150456860661506652832031250000000000000
15942796.8317267522215843200683593750000000000000
-58814885.5538681000471115112304687500000000000000
-7440471.1870698733255267143249511718750000000000
4250976.5081889918074011802673339843750000000000
-13467216.4007564652711153030395507812500000000000
7773790.2609164100140333175659179687500000000000
28083705.8601034656167030334472656250000000000000
53861643.7775777876377105712890625000000000000000
-48790650.8897304162383079528808593750000000000000
-640665.9158901039045304059982299804687500000000
-11542247.2171402592211961746215820312500000000000
51451384.6041372269392013549804687500000000000000
-2618271.4313892824575304985046386718750000000000
-27393473.2067591957747936248779296875000000000000
-18829241.6545450948178768157958984375000000000000
36848936.0929782688617706298828125000000000000000
-53107606.2364814504981040954589843750000000000000
50919250.7731849551200866699218750000000000000000
18714938.4913455955684185028076171875000000000000
16617274.6728484891355037689208984375000000000000
-56726953.1213423758745193481445312500000000000000
39415809.2890434488654136657714843750000000000000
6094929.3149069026112556457519531250000000000000
-22048528.2402799390256404876708984375000000000000
4342361.3100364189594984054565429687500000000000
-12474571.2558943983167409896850585937500000000000
41540373.3011214509606361389160156250000000000000
-35733111.9988178014755249023437500000000000000000
62242361.4469781294465065002441406250000000000000
-20043881.9831043295562267303466796875000000000000
19230181.6102805770933628082275390625000000000000
-61807026.2911608964204788208007812500000000000000
-25037350.3654160797595977783203125000000000000000
15359227.9118091128766536712646484375000000000000
-26911958.5826761685311794281005859375000000000000
-1031811.0315276945475488901138305664062500000000
-26363197.3716887533664703369140625000000000000000
-3829287.0632822094485163688659667968750000000000
-826918.0365968181286007165908813476562500000000
-33999878.3020528331398963928222656250000000000000
29629431.7612883225083351135253906250000000000000
13997522.3727004565298557281494140625000000000000
-13777351.9421057067811489105224609375000000000000
22892317.5699373707175254821777343750000000000000
29333390.6219084970653057098388671875000000000000
4506791.7488634036853909492492675781250000000000
14755701.1077803913503885269165039062500000000000
30887111.2313826307654380798339843750000000000000
-45314876.3727864250540733337402343750000000000000
19515745.4237042628228664398193359375000000000000
33976627.4196564927697181701660156250000000000000
-39041206.8580856025218963623046875000000000000000
-58260621.1256530731916427612304687500000000000000
41680967.7564975246787071228027343750000000000000
43778617.9880509674549102783203125000000000000000
-54179403.5011247247457504272460937500000000000000
-36677381.1496067047119140625000000000000000000000
38462053.9295896142721176147460937500000000000000
-29607793.8623672649264335632324218750000000000000
7089491.5544775594025850296020507812500000000000
-27215509.2947142794728279113769531250000000000000
-8889316.0513944514095783233642578125000000000000
30451276.9410663954913616180419921875000000000000
-38453940.7560930401086807250976562500000000000000
112711325.0947061479091644287109375000000000000000
71681095.7920919507741928100585937500000000000000
6075126.2495918329805135726928710937500000000000
-30457184.2604905813932418823242187500000000000000
-29086069.7455647587776184082031250000000000000000
9170199.6084634102880954742431640625000000000000
-52191320.1607428193092346191406250000000000000000
22226716.5385495387017726898193359375000000000000
-38416317.7666882872581481933593750000000000000000
29704501.6291017048060894012451171875000000000000
6657852.0775490831583738327026367187500000000000
-24001094.9808209389448165893554687500000000000000
17843279.5267995260655879974365234375000000000000
-51668604.5625299960374832153320312500000000000000
43348929.7473675981163978576660156250000000000000
23985270.6388694085180759429931640625000000000000
-4797047.7133684987202286720275878906250000000000
32491617.1751861907541751861572265625000000000000
23095375.0480287931859493255615234375000000000000
6631014.5040328651666641235351562500000000000000
-57577067.6600159928202629089355468750000000000000
-37322475.1569722667336463928222656250000000000000
-30459160.6290301308035850524902343750000000000000
69575349.8059357106685638427734375000000000000000
-32207240.3914443701505661010742187500000000000000
44831488.6028874292969703674316406250000000000000
-58442743.3674431294202804565429687500000000000000
15074534.0981740895658731460571289062500000000000
-70789941.6665866822004318237304687500000000000000
-41191498.4812737628817558288574218750000000000000
-2819387.9637046833522617816925048828125000000000
30322677.4012758322060108184814453125000000000000
35354671.4179136827588081359863281250000000000000
38914272.8397424444556236267089843750000000000000
-29483268.5608010441064834594726562500000000000000
-43506165.6458191946148872375488281250000000000000
45051688.6058568581938743591308593750000000000000
-12234078.0067839324474334716796875000000000000000
38221654.2740965262055397033691406250000000000000
-66150915.7409219518303871154785156250000000000000
76419137.4630318731069564819335937500000000000000
-33255106.5149119384586811065673828125000000000000
-28627025.6242213994264602661132812500000000000000
-43743951.3676963523030281066894531250000000000000
16726447.3509551249444484710693359375000000000000
19125104.0631343089044094085693359375000000000000
72733032.7322107851505279541015625000000000000000
-9017581.1125478018075227737426757812500000000000
-18986652.9555496312677860260009765625000000000000
13419604.7808839026838541030883789062500000000000
-8909220.2058213446289300918579101562500000000000
56395650.5284111872315406799316406250000000000000
-97496298.2742057144641876220703125000000000000000
55564776.5013922378420829772949218750000000000000
-10498868.7756350226700305938720703125000000000000
74263140.2676189243793487548828125000000000000000
-11104583.9348523486405611038208007812500000000000
-29033777.5801897905766963958740234375000000000000
1585485.1223773336969316005706787109375000000000
83273.5298750894580734893679618835449218750000
-59128736.8427109792828559875488281250000000000000
-15978784.6518275290727615356445312500000000000000
18993367.3070806451141834259033203125000000000000
23785619.1832177005708217620849609375000000000000
8936428.9617709629237651824951171875000000000000
35517602.8818847537040710449218750000000000000000
3363717.0801216424442827701568603515625000000000
20327611.4877117350697517395019531250000000000000
-6239959.1684890622273087501525878906250000000000
-6664893.9902710542082786560058593750000000000000
-60758675.4311485141515731811523437500000000000000
21468387.5712088346481323242187500000000000000000
40580725.3007222115993499755859375000000000000000
9140757.0124661270529031753540039062500000000000
39674433.1316194385290145874023437500000000000000
-12334854.8650716319680213928222656250000000000000
35598277.8739472180604934692382812500000000000000
34480016.5184985697269439697265625000000000000000
-58831847.5003659129142761230468750000000000000000
58044070.6535769626498222351074218750000000000000
-56765232.9193091765046119689941406250000000000000
-21544588.4709623754024505615234375000000000000000
62954503.3526094555854797363281250000000000000000
-49528267.0525979846715927124023437500000000000000
-86060453.7826732844114303588867187500000000000000
-31781915.2306691110134124755859375000000000000000
1944277.6553790823090821504592895507812500000000
-5065953.9476033896207809448242187500000000000000
-33541692.5820681191980838775634765625000000000000
13841002.7620565295219421386718750000000000000000
49605704.9569092392921447753906250000000000000000
-42400644.8176333755254745483398437500000000000000
-3264767.7128123645670711994171142578125000000000
-9663520.7042269147932529449462890625000000000000
3753092.8742169043980538845062255859375000000000
1353222.1676550349220633506774902343750000000000
-15843058.7979377787560224533081054687500000000000
30171344.9225608371198177337646484375000000000000
-26384212.3506334647536277770996093750000000000000
42581394.4494912251830101013183593750000000000000
-32164706.8832593820989131927490234375000000000000
40914555.7267183139920234680175781250000000000000
29422884.1468508131802082061767578125000000000000
-79600071.8501912355422973632812500000000000000000
-29205463.3165182769298553466796875000000000000000
-75186792.1284883618354797363281250000000000000000
-15611245.5299710929393768310546875000000000000000
-29939061.6413967385888099670410156250000000000000
3467857.0440899995155632495880126953125000000000
31005252.0381019338965415954589843750000000000000
62181837.8167664185166358947753906250000000000000
11278591.9456615876406431198120117187500000000000
-32536926.6401563473045825958251953125000000000000
-12753808.6573526076972484588623046875000000000000
56567828.4617963358759880065917968750000000000000
-9842014.8194227982312440872192382812500000000000
52899892.0815580785274505615234375000000000000000
4348447.3013171972706913948059082031250000000000
-7202974.0512038320302963256835937500000000000000
13616260.3413581904023885726928710937500000000000
45811.9754603415276505984365940093994140625000
70751197.6265316456556320190429687500000000000000
6167040.3237709542736411094665527343750000000000
41552196.4906560778617858886718750000000000000000
33199187.6289262995123863220214843750000000000000
10837547.0757570825517177581787109375000000000000
-61683777.4004466012120246887207031250000000000000
27082136.3926478661596775054931640625000000000000
28558665.8177206665277481079101562500000000000000
46997056.1036844030022621154785156250000000000000
-31537462.7162705175578594207763671875000000000000
37237868.9901329129934310913085937500000000000000
-27852130.0030560679733753204345703125000000000000
19746223.6521379090845584869384765625000000000000
-11632361.9149973988533020019531250000000000000000
-27291311.6899474486708641052246093750000000000000
-27826158.3836492374539375305175781250000000000000
17671773.2397134900093078613281250000000000000000
29128331.3323318548500537872314453125000000000000
-61976760.4890913739800453186035156250000000000000
-79539141.6882198899984359741210937500000000000000
-100772567.3430315405130386352539062500000000000000
-17182753.8565940894186496734619140625000000000000
-24682111.9230285324156284332275390625000000000000
81249099.1144810020923614501953125000000000000000
15272201.8099127467721700668334960937500000000000
14760886.5098168496042490005493164062500000000000
-43846275.0717617794871330261230468750000000000000
14792070.7432561200112104415893554687500000000000
77416670.8776312619447708129882812500000000000000
-19961546.5754662603139877319335937500000000000000
-10410791.3380529098212718963623046875000000000000
71432291.9576199501752853393554687500000000000000
-2646595.1790919885970652103424072265625000000000
-32194257.5628107637166976928710937500000000000000
26168938.8171008639037609100341796875000000000000
36988167.6574449017643928527832031250000000000000
50993567.5996544510126113891601562500000000000000
-40892457.2466900646686553955078125000000000000000
-8957832.2637995090335607528686523437500000000000
-32769758.8843733929097652435302734375000000000000
19233397.9586083889007568359375000000000000000000
-742691.1369433250511065125465393066406250000000
-2139370.0483978847041726112365722656250000000000
55765885.5782883763313293457031250000000000000000
35389240.5131664499640464782714843750000000000000
-25968827.1198636554181575775146484375000000000000
-37224248.5631682500243186950683593750000000000000
-31255738.5466506555676460266113281250000000000000
-9610766.7657242380082607269287109375000000000000
4069034.9138526641763746738433837890625000000000
-48203545.4938920736312866210937500000000000000000
2416248.5415524216368794441223144531250000000000
-67156969.1589188575744628906250000000000000000000
11901970.7195936683565378189086914062500000000000
54693635.0676461830735206604003906250000000000000
-76825656.9023500680923461914062500000000000000000
-58372691.2110612764954566955566406250000000000000
4056700.8014793479815125465393066406250000000000
-34432697.5975886881351470947265625000000000000000
-18997515.9120202027261257171630859375000000000000
-16202232.5844793561846017837524414062500000000000
-1606559.9741340938489884138107299804687500000000
13423898.4886288866400718688964843750000000000000
30439473.7585111483931541442871093750000000000000
7770716.0461973519995808601379394531250000000000
-18830319.9230036512017250061035156250000000000000
57888753.6379043534398078918457031250000000000000
-4829834.2934910682961344718933105468750000000000
-28560739.7922344021499156951904296875000000000000
32353037.4101709499955177307128906250000000000000
-5448488.9838194474577903747558593750000000000000
39273361.2058459147810935974121093750000000000000
42110433.6023549288511276245117187500000000000000
9198250.9254781547933816909790039062500000000000
1286736.5910388489719480276107788085937500000000
-63684663.4001764580607414245605468750000000000000
45129188.6308316811919212341308593750000000000000
-14238412.4820454269647598266601562500000000000000
35707238.7224997207522392272949218750000000000000
-32202173.8031098470091819763183593750000000000000
4489983.0948913395404815673828125000000000000000
8573574.2669137474149465560913085937500000000000
-67457596.9339480251073837280273437500000000000000
-11298319.9239124208688735961914062500000000000000
32568959.5135776363313198089599609375000000000000
-15285631.3401070702821016311645507812500000000000
-5926523.8869464509189128875732421875000000000000
-34373166.2701109275221824645996093750000000000000
15043293.2107693646103143692016601562500000000000
71905998.1638936102390289306640625000000000000000
43520199.5995351150631904602050781250000000000000
10131373.2253084164112806320190429687500000000000
-3739986.9386408179998397827148437500000000000000
18019895.4057485386729240417480468750000000000000
33319022.5181604325771331787109375000000000000000
68318546.3934308439493179321289062500000000000000
-44680775.8848857134580612182617187500000000000000
-33325593.9957339353859424591064453125000000000000
33145163.9470301680266857147216796875000000000000
30588461.7819449901580810546875000000000000000000
55545305.5643369853496551513671875000000000000000
-19440666.6019476130604743957519531250000000000000
10330378.0495035983622074127197265625000000000000
-56107749.6282591000199317932128906250000000000000
-11579556.1035664658993482589721679687500000000000
68394584.6803131252527236938476562500000000000000
14099345.5284646507352590560913085937500000000000
-62967436.4300155863165855407714843750000000000000
-7705630.9821295505389571189880371093750000000000
-32275171.9876726977527141571044921875000000000000
-15560812.6383717097342014312744140625000000000000
5543100.8126792740076780319213867187500000000000
-25820702.2454923167824745178222656250000000000000
-12037853.9444417096674442291259765625000000000000
-33620238.9527132287621498107910156250000000000000
-4450596.2572756679728627204895019531250000000000
-17839295.7995955422520637512207031250000000000000
-24002526.6408257670700550079345703125000000000000
-47409346.1192534416913986206054687500000000000000
22817893.4637906737625598907470703125000000000000
-4722743.9644804224371910095214843750000000000000
87878597.4952752292156219482421875000000000000000
17630453.6460495255887508392333984375000000000000
-16327353.1791232079267501831054687500000000000000
14618665.4034084863960742950439453125000000000000
46961185.3343485519289970397949218750000000000000
-13586843.2364059239625930786132812500000000000000
5449316.9686678750440478324890136718750000000000
-30985594.7146948948502540588378906250000000000000
17584437.1352105922996997833251953125000000000000
13145097.9420949742197990417480468750000000000000
13154842.0847209393978118896484375000000000000000
55449720.0580997988581657409667968750000000000000
-40689331.7612791955471038818359375000000000000000
-60932127.2309594303369522094726562500000000000000
-63373200.6538646370172500610351562500000000000000
31662390.7616219446063041687011718750000000000000
-15152569.0797671116888523101806640625000000000000
-5565757.8678238950669765472412109375000000000000
-11220856.0266977567225694656372070312500000000000
36176972.8807071000337600708007812500000000000000
-36968864.6425080522894859313964843750000000000000
-22772434.3844530247151851654052734375000000000000
6775198.3647290896624326705932617187500000000000
-15594167.8399479333311319351196289062500000000000
56247830.6702621653676033020019531250000000000000
37081973.0381430611014366149902343750000000000000
-5013995.0786305321380496025085449218750000000000
-29389433.5627749525010585784912109375000000000000
-9220551.5847242902964353561401367187500000000000
15600332.8506928775459527969360351562500000000000
-1087521.3958031283691525459289550781250000000000
-21767113.9675717614591121673583984375000000000000
29791231.1963652037084102630615234375000000000000
-14531014.7580913230776786804199218750000000000000
28028992.7594338767230510711669921875000000000000
-11496352.6834748145192861557006835937500000000000
216897.1828258945315610617399215698242187500000
-20618779.5282697230577468872070312500000000000000
-27402428.4625468403100967407226562500000000000000
-29162199.8852547109127044677734375000000000000000
-28193792.0638520792126655578613281250000000000000
-3964621.5484860884025692939758300781250000000000
-16950144.2209360748529434204101562500000000000000
40540542.1053623631596565246582031250000000000000
46900482.0185210406780242919921875000000000000000
-2560811.8880894463509321212768554687500000000000
4833778.5880239093676209449768066406250000000000
40275809.9945203959941864013671875000000000000000
-79993110.4788221865892410278320312500000000000000
13223193.2900651767849922180175781250000000000000
10970427.7504940535873174667358398437500000000000
2716512.3617645753547549247741699218750000000000
14481923.1735984236001968383789062500000000000000
-5895338.3444392671808600425720214843750000000000
-28667180.4024541117250919342041015625000000000000
58110177.2546956688165664672851562500000000000000
-36783449.4800690114498138427734375000000000000000
18963362.2058098241686820983886718750000000000000
3412411.4002337651327252388000488281250000000000
46319393.9240148365497589111328125000000000000000
-46033828.0311611965298652648925781250000000000000
47768818.9150802940130233764648437500000000000000
38205010.5465054735541343688964843750000000000000
-21308562.3748800903558731079101562500000000000000
30441409.2545410655438899993896484375000000000000
-15636266.8563728071749210357666015625000000000000
-44481923.3635657355189323425292968750000000000000
-33207356.9069757349789142608642578125000000000000
-14560743.2285987157374620437622070312500000000000
-4175357.6382782147265970706939697265625000000000
51189331.3623141422867774963378906250000000000000
2268058.5916158515028655529022216796875000000000
28809961.4065773785114288330078125000000000000000
13718706.3541100192815065383911132812500000000000
-12465276.3258228003978729248046875000000000000000
-5863514.4896502569317817687988281250000000000000
16722029.5340838450938463211059570312500000000000
-47637620.7623000293970108032226562500000000000000
10986115.7555433474481105804443359375000000000000
-35836421.4345173314213752746582031250000000000000
-6690377.7739003077149391174316406250000000000000
52129864.0720908120274543762207031250000000000000
45641377.0295809283852577209472656250000000000000
40727979.9952864125370979309082031250000000000000
-38889124.7991416305303573608398437500000000000000
-16226828.7150092348456382751464843750000000000000
9141212.1700444333255290985107421875000000000000
7437693.9307110467925667762756347656250000000000
-70083712.7040002942085266113281250000000000000000
-41425078.6371182948350906372070312500000000000000
-18786275.1185787022113800048828125000000000000000
30982488.3061107173562049865722656250000000000000
20988940.5745608247816562652587890625000000000000
31060639.9401453696191310882568359375000000000000
-36703210.9840357601642608642578125000000000000000
-13294664.4998798649758100509643554687500000000000
-16675684.9682564735412597656250000000000000000000
9018276.3347297068685293197631835937500000000000
426457.5312124843476340174674987792968750000000
7387903.6100609852001070976257324218750000000000
-59620437.8176946714520454406738281250000000000000
38840286.9144964665174484252929687500000000000000
3890113.3257790370844304561614990234375000000000
37728135.4041490256786346435546875000000000000000
9274772.8370139710605144500732421875000000000000
-6756129.7053215885534882545471191406250000000000
-3800773.0023296335712075233459472656250000000000
