4.3813167197399058849782704783137887716293
-1248.1384064893691174802370369434356689453125
118651.2571722449501976370811462402343750000000
-5610712.7306282361969351768493652343750000000000
157243401.3910553455352783203125000000000000000000
-2876880308.0070104598999023437500000000000000000000
36469711454.6012344360351562500000000000000000000000
-332771385594.9673461914062500000000000000000000000000
2237448254174.8867187500000000000000000000000000000000
-11213336543885.9199218750000000000000000000000000000000
41840503554836.7031250000000000000000000000000000000000
-114007567053320.5468750000000000000000000000000000000000
214133681033770.2812500000000000000000000000000000000000
-228423242578365.4375000000000000000000000000000000000000
-18668580060487.8789062500000000000000000000000000000000
480055321082780.6250000000000000000000000000000000000000
-680255469737380.6250000000000000000000000000000000000000
263249263442773.5312500000000000000000000000000000000000
203778865552156.1250000000000000000000000000000000000000
42952337518503.6093750000000000000000000000000000000000
-409506055449753.7500000000000000000000000000000000000000
5536469802134.1230468750000000000000000000000000000000
250327292272697.2500000000000000000000000000000000000000
370911351283481.6875000000000000000000000000000000000000
-447441718029127.9375000000000000000000000000000000000000
-202301197639434.0000000000000000000000000000000000000000
39513232464573.2421875000000000000000000000000000000000
280070660622490.7500000000000000000000000000000000000000
76632847897109.7187500000000000000000000000000000000000
-123767810271866.2656250000000000000000000000000000000000
92693079201268.6875000000000000000000000000000000000000
-159772179360873.2500000000000000000000000000000000000000
-41408020009908.4375000000000000000000000000000000000000
-98407475332452.6562500000000000000000000000000000000000
-36232524773301.8593750000000000000000000000000000000000
229778630821193.2500000000000000000000000000000000000000
304009271690801.5625000000000000000000000000000000000000
-247434182220143.5937500000000000000000000000000000000000
-170799738716193.2500000000000000000000000000000000000000
250834946608836.0937500000000000000000000000000000000000
139520963349990.9687500000000000000000000000000000000000
-368834478744784.9375000000000000000000000000000000000000
-474224114086855.1250000000000000000000000000000000000000
100450014492520.8593750000000000000000000000000000000000
404095905010996.3750000000000000000000000000000000000000
115925539476063.1875000000000000000000000000000000000000
309822372796297.1250000000000000000000000000000000000000
-2903936189723.9819335937500000000000000000000000000000
-221089970953965.6250000000000000000000000000000000000000
-130639122164022.3437500000000000000000000000000000000000
152808491381665.5312500000000000000000000000000000000000
-702091585057117.3750000000000000000000000000000000000000
745394466687669.5000000000000000000000000000000000000000
-161928652150738.0000000000000000000000000000000000000000
-245969083765113.0000000000000000000000000000000000000000
-20122367950256.6679687500000000000000000000000000000000
-686583011600155.2500000000000000000000000000000000000000
551888558774275.0000000000000000000000000000000000000000
225460224777977.3125000000000000000000000000000000000000
579329898957635.8750000000000000000000000000000000000000
198516542142694.6875000000000000000000000000000000000000
-333276486324798.3750000000000000000000000000000000000000
232144931371154.5625000000000000000000000000000000000000
59837015865500.3203125000000000000000000000000000000000
-401088129246811.5000000000000000000000000000000000000000
-309495195127418.5625000000000000000000000000000000000000
211140388593659.5000000000000000000000000000000000000000
-992589307582113.0000000000000000000000000000000000000000
135089545163809.0000000000000000000000000000000000000000
147682463198323.1875000000000000000000000000000000000000
-50685538826864.9218750000000000000000000000000000000000
144246083763098.8750000000000000000000000000000000000000
396977189079612.6875000000000000000000000000000000000000
160846357188652.1875000000000000000000000000000000000000
429518960167825.1250000000000000000000000000000000000000
-516771568470915.0625000000000000000000000000000000000000
666983755899877.0000000000000000000000000000000000000000
-251685016416951.3437500000000000000000000000000000000000
495769259588688.0000000000000000000000000000000000000000
-620317913526564.0000000000000000000000000000000000000000
89210185898750.9375000000000000000000000000000000000000
125157840325023.3906250000000000000000000000000000000000
-232442900354319.7500000000000000000000000000000000000000
-36232009523507.5703125000000000000000000000000000000000
-367212950397038.1875000000000000000000000000000000000000
-85079112872264.5781250000000000000000000000000000000000
-422309871322240.5625000000000000000000000000000000000000
-246711733744518.3437500000000000000000000000000000000000
284830878365274.5625000000000000000000000000000000000000
190538826019812.3437500000000000000000000000000000000000
-135094483174054.7656250000000000000000000000000000000000
-665558621301392.7500000000000000000000000000000000000000
930325042354233.8750000000000000000000000000000000000000
27468035526164.2968750000000000000000000000000000000000
360984159882400.0625000000000000000000000000000000000000
128271570224704.8906250000000000000000000000000000000000
164081672365252.3437500000000000000000000000000000000000
69953221531377.1718750000000000000000000000000000000000
166160203867250.1250000000000000000000000000000000000000
606134748135264.7500000000000000000000000000000000000000
-348634005633405.0000000000000000000000000000000000000000
163989578043284.1562500000000000000000000000000000000000
-312989257795571.0625000000000000000000000000000000000000
-180843496744254.4062500000000000000000000000000000000000
-129243823376561.1718750000000000000000000000000000000000
-259402129614799.3750000000000000000000000000000000000000
-356741770324573.5000000000000000000000000000000000000000
63758218100344.6171875000000000000000000000000000000000
205690726830562.9687500000000000000000000000000000000000
-587959222961900.0000000000000000000000000000000000000000
-655138873920405.3750000000000000000000000000000000000000
235650692430314.4062500000000000000000000000000000000000
64355413896514.6718750000000000000000000000000000000000
81463482494954.6250000000000000000000000000000000000000
616783498382334.8750000000000000000000000000000000000000
-263145036296094.7187500000000000000000000000000000000000
-204030713240460.5312500000000000000000000000000000000000
-238359010003528.3125000000000000000000000000000000000000
-40448969607720.7812500000000000000000000000000000000000
45294856400783.4843750000000000000000000000000000000000
541279206778084.2500000000000000000000000000000000000000
308720203007390.3125000000000000000000000000000000000000
405363908265982.1875000000000000000000000000000000000000
296021944041857.8750000000000000000000000000000000000000
322099182662426.8125000000000000000000000000000000000000
-278733175487377.3750000000000000000000000000000000000000
141634830689350.0312500000000000000000000000000000000000
273458822355746.3125000000000000000000000000000000000000
-198015079262309.9687500000000000000000000000000000000000
-71754351676088.0156250000000000000000000000000000000000
148640247019669.5312500000000000000000000000000000000000
221627336528508.6875000000000000000000000000000000000000
-208378888565212.1875000000000000000000000000000000000000
-581621067285834.0000000000000000000000000000000000000000
41304134190834.6484375000000000000000000000000000000000
84218833961955.0000000000000000000000000000000000000000
-336469560223717.3125000000000000000000000000000000000000
-355442120588382.1875000000000000000000000000000000000000
-84666008935904.2500000000000000000000000000000000000000
-147973656921418.4375000000000000000000000000000000000000
-310659753565421.1250000000000000000000000000000000000000
-434534804504845.4375000000000000000000000000000000000000
-289829426215802.8125000000000000000000000000000000000000
65225396575747.9531250000000000000000000000000000000000
-288251759369889.9375000000000000000000000000000000000000
393660899246826.0625000000000000000000000000000000000000
28426206591369.6328125000000000000000000000000000000000
476411490896151.5625000000000000000000000000000000000000
-254495823158041.1250000000000000000000000000000000000000
67489406259094.9531250000000000000000000000000000000000
-192451573106851.5937500000000000000000000000000000000000
509636434848605.4375000000000000000000000000000000000000
239094237936017.2187500000000000000000000000000000000000
206461409280336.7812500000000000000000000000000000000000
48039085488329.5703125000000000000000000000000000000000
334637505476132.1250000000000000000000000000000000000000
447270440453274.1250000000000000000000000000000000000000
-1835737496078.2485351562500000000000000000000000000000
423518808984160.6250000000000000000000000000000000000000
-299589864043513.5625000000000000000000000000000000000000
-61962786911046.9921875000000000000000000000000000000000
175442232591933.6250000000000000000000000000000000000000
243449703591705.4062500000000000000000000000000000000000
-5123101235082.7705078125000000000000000000000000000000
78677376687794.4843750000000000000000000000000000000000
-186037623873514.7500000000000000000000000000000000000000
117417129459516.6875000000000000000000000000000000000000
-127602318655703.5468750000000000000000000000000000000000
-392068781100726.7500000000000000000000000000000000000000
250953349463110.2187500000000000000000000000000000000000
-61862408966105.2734375000000000000000000000000000000000
-122835349858458.1406250000000000000000000000000000000000
127584047161110.9062500000000000000000000000000000000000
-130969790863379.9687500000000000000000000000000000000000
-436565455910096.1875000000000000000000000000000000000000
145167045102245.8125000000000000000000000000000000000000
-532607863958513.3125000000000000000000000000000000000000
-547277906568762.6250000000000000000000000000000000000000
-370963168406386.1250000000000000000000000000000000000000
-101831330439403.2343750000000000000000000000000000000000
247430447664192.6250000000000000000000000000000000000000
-179889249437702.0312500000000000000000000000000000000000
-447060183506305.6250000000000000000000000000000000000000
236791577881352.0312500000000000000000000000000000000000
-272239561099250.6562500000000000000000000000000000000000
-426115326073469.1250000000000000000000000000000000000000
322667348920180.6875000000000000000000000000000000000000
15196241090273.1796875000000000000000000000000000000000
361001603293385.1875000000000000000000000000000000000000
120130778717672.2031250000000000000000000000000000000000
311912698724547.8750000000000000000000000000000000000000
29970575444935.6718750000000000000000000000000000000000
-181625210447946.8125000000000000000000000000000000000000
379417758074758.5625000000000000000000000000000000000000
-225316093122300.5625000000000000000000000000000000000000
553502094403698.5625000000000000000000000000000000000000
324845553263629.9375000000000000000000000000000000000000
586220466923837.0000000000000000000000000000000000000000
-423404915924642.0625000000000000000000000000000000000000
132150430018716.4531250000000000000000000000000000000000
-28142053214705.4023437500000000000000000000000000000000
575713074546913.7500000000000000000000000000000000000000
133205051220055.4375000000000000000000000000000000000000
-245164793534868.3750000000000000000000000000000000000000
392488341914585.4375000000000000000000000000000000000000
566254200850118.1250000000000000000000000000000000000000
-37761618896245.1328125000000000000000000000000000000000
211303932084611.9687500000000000000000000000000000000000
-221574363476289.1250000000000000000000000000000000000000
-51422667583152.0468750000000000000000000000000000000000
-545164147672140.1250000000000000000000000000000000000000
-148859790987664.0000000000000000000000000000000000000000
563260729926463.0000000000000000000000000000000000000000
-478043405601728.1875000000000000000000000000000000000000
116368172438840.2968750000000000000000000000000000000000
-456049250812713.1250000000000000000000000000000000000000
-259422365280390.3125000000000000000000000000000000000000
-321111146768191.0000000000000000000000000000000000000000
402979502347997.3750000000000000000000000000000000000000
69222778760776.1015625000000000000000000000000000000000
165639793036180.3750000000000000000000000000000000000000
-397889507301458.2500000000000000000000000000000000000000
-493848364706145.3750000000000000000000000000000000000000
-157062880839508.9062500000000000000000000000000000000000
-686502780865.0035400390625000000000000000000000000000
-186329280063392.0625000000000000000000000000000000000000
322455818964249.4375000000000000000000000000000000000000
-184387389464700.9375000000000000000000000000000000000000
-475802904017121.6875000000000000000000000000000000000000
-298911944859116.9375000000000000000000000000000000000000
-280046473770863.4375000000000000000000000000000000000000
-459543448067002.9375000000000000000000000000000000000000
241441401150032.6875000000000000000000000000000000000000
134331540561786.9843750000000000000000000000000000000000
129740085124210.5468750000000000000000000000000000000000
-381475276908018.7500000000000000000000000000000000000000
-218623977115591.8750000000000000000000000000000000000000
819918164989249.0000000000000000000000000000000000000000
434549512923403.5625000000000000000000000000000000000000
26687677966868.7578125000000000000000000000000000000000
-63039237554886.7578125000000000000000000000000000000000
12962149829339.2500000000000000000000000000000000000000
232135725785969.4687500000000000000000000000000000000000
-267819862609716.5625000000000000000000000000000000000000
-173111100614168.2500000000000000000000000000000000000000
-160776839114193.8750000000000000000000000000000000000000
209255658595174.3437500000000000000000000000000000000000
172805762124782.6250000000000000000000000000000000000000
358251526749994.9375000000000000000000000000000000000000
106364262723598.8437500000000000000000000000000000000000
574662722374301.0000000000000000000000000000000000000000
-309218425340854.0000000000000000000000000000000000000000
-16718068664684.5996093750000000000000000000000000000000
509726289144779.2500000000000000000000000000000000000000
228894007327821.9062500000000000000000000000000000000000
112316767097227.6093750000000000000000000000000000000000
65995612688307.6796875000000000000000000000000000000000
657307275304218.0000000000000000000000000000000000000000
16524740471959.9277343750000000000000000000000000000000
-145054295121770.5937500000000000000000000000000000000000
-560890771093988.1875000000000000000000000000000000000000
-242867143412303.4062500000000000000000000000000000000000
126922942100840.1562500000000000000000000000000000000000
-52300092636315.7109375000000000000000000000000000000000
-587428088788854.3750000000000000000000000000000000000000
357637039616195.0625000000000000000000000000000000000000
143520708923749.4375000000000000000000000000000000000000
-23640439398227.9609375000000000000000000000000000000000
-173754759160992.3750000000000000000000000000000000000000
527974377045033.7500000000000000000000000000000000000000
306761495991741.0625000000000000000000000000000000000000
-34001256348413.9140625000000000000000000000000000000000
114755821725276.5156250000000000000000000000000000000000
-220871044897440.7187500000000000000000000000000000000000
-334801316145035.0625000000000000000000000000000000000000
-87245217875940.0156250000000000000000000000000000000000
-149675724468966.6875000000000000000000000000000000000000
117321364130270.6718750000000000000000000000000000000000
-289793678186902.0625000000000000000000000000000000000000
519009316653196.7500000000000000000000000000000000000000
552776261314185.8125000000000000000000000000000000000000
-515037667896720.0000000000000000000000000000000000000000
-7001008825156.6904296875000000000000000000000000000000
62854921017025.1406250000000000000000000000000000000000
-123589620727565.0625000000000000000000000000000000000000
-569885608022758.0000000000000000000000000000000000000000
-127781254780318.3125000000000000000000000000000000000000
-80560060076241.1562500000000000000000000000000000000000
-769357461549291.1250000000000000000000000000000000000000
-310919017614934.0625000000000000000000000000000000000000
282953973343600.8125000000000000000000000000000000000000
-9336307060673.7421875000000000000000000000000000000000
-331059550582127.2500000000000000000000000000000000000000
-105069738454889.4062500000000000000000000000000000000000
157771614786185.0625000000000000000000000000000000000000
12354325759397.4550781250000000000000000000000000000000
108204876336232.5781250000000000000000000000000000000000
63851637118980.6953125000000000000000000000000000000000
-168008668082863.7500000000000000000000000000000000000000
-304823785066034.8125000000000000000000000000000000000000
-101142339079188.4218750000000000000000000000000000000000
-47837130723482.9062500000000000000000000000000000000000
-84571583891751.1562500000000000000000000000000000000000
78024834765484.0000000000000000000000000000000000000000
156703474808911.9375000000000000000000000000000000000000
-259933738331555.2812500000000000000000000000000000000000
413816527497587.8125000000000000000000000000000000000000
17875849881943.4804687500000000000000000000000000000000
-476160281917253.0625000000000000000000000000000000000000
308954122699491.3750000000000000000000000000000000000000
-171085676838017.6250000000000000000000000000000000000000
-311954480550610.5625000000000000000000000000000000000000
694205070407230.3750000000000000000000000000000000000000
-576125084674955.2500000000000000000000000000000000000000
-93837753371620.7343750000000000000000000000000000000000
472862961284954.8125000000000000000000000000000000000000
-166490318453678.3437500000000000000000000000000000000000
457602302827269.6875000000000000000000000000000000000000
455861190557256.8125000000000000000000000000000000000000
811540740414359.6250000000000000000000000000000000000000
186130288425434.8750000000000000000000000000000000000000
-30015064212450.3476562500000000000000000000000000000000
-194264476047329.2187500000000000000000000000000000000000
49940956233827.2812500000000000000000000000000000000000
-14747037503942.6425781250000000000000000000000000000000
60318906274468.6484375000000000000000000000000000000000
58365045322886.8750000000000000000000000000000000000000
-202251264887656.2500000000000000000000000000000000000000
494098158067120.9375000000000000000000000000000000000000
785304433266236.2500000000000000000000000000000000000000
8049762297474.9638671875000000000000000000000000000000
-203839942500620.4687500000000000000000000000000000000000
595049918984211.5000000000000000000000000000000000000000
-54912160165128.9062500000000000000000000000000000000000
-200714394833832.1875000000000000000000000000000000000000
-155797151886474.0937500000000000000000000000000000000000
386469947075590.6250000000000000000000000000000000000000
58413774363266.0546875000000000000000000000000000000000
110211533113615.1562500000000000000000000000000000000000
662756100735677.8750000000000000000000000000000000000000
-321654770354714.3125000000000000000000000000000000000000
-626713977275930.2500000000000000000000000000000000000000
-48173138152089.2812500000000000000000000000000000000000
-695663783785466.3750000000000000000000000000000000000000
58939592265211.6875000000000000000000000000000000000000
-609329255751707.7500000000000000000000000000000000000000
290319021276634.2500000000000000000000000000000000000000
634553109843546.3750000000000000000000000000000000000000
493211221258937.1250000000000000000000000000000000000000
-73010348091728.3906250000000000000000000000000000000000
34146609880642.9062500000000000000000000000000000000000
-455614446828514.3125000000000000000000000000000000000000
322496435016087.0000000000000000000000000000000000000000
-821145475140206.8750000000000000000000000000000000000000
-254759729034947.8125000000000000000000000000000000000000
-380337122879999.5625000000000000000000000000000000000000
-242430665207591.0312500000000000000000000000000000000000
-254527957424035.3437500000000000000000000000000000000000
33877830760304.2460937500000000000000000000000000000000
-141467609685483.0000000000000000000000000000000000000000
468081652976970.9375000000000000000000000000000000000000
-531069281232885.2500000000000000000000000000000000000000
-15961584663157.1523437500000000000000000000000000000000
-506411384351592.1250000000000000000000000000000000000000
20063478264831.8125000000000000000000000000000000000000
177659185581487.2187500000000000000000000000000000000000
-100175431715895.9062500000000000000000000000000000000000
-731957467470477.0000000000000000000000000000000000000000
32398539771096.8203125000000000000000000000000000000000
128304428780636.3281250000000000000000000000000000000000
34626898231236.1718750000000000000000000000000000000000
-453250569529611.5000000000000000000000000000000000000000
-284305496318190.0000000000000000000000000000000000000000
211715609322607.6250000000000000000000000000000000000000
-531576639070584.5625000000000000000000000000000000000000
67583339319494.9140625000000000000000000000000000000000
-252607402219062.7812500000000000000000000000000000000000
481754406301565.7500000000000000000000000000000000000000
517093512709572.5000000000000000000000000000000000000000
66557087403223.9453125000000000000000000000000000000000
580507119574900.8750000000000000000000000000000000000000
112631357180893.6406250000000000000000000000000000000000
59879390150744.5468750000000000000000000000000000000000
21458387913127.4804687500000000000000000000000000000000
147221702244948.3750000000000000000000000000000000000000
-97758925254290.8906250000000000000000000000000000000000
105532767799636.8437500000000000000000000000000000000000
8102063525860.1298828125000000000000000000000000000000
-220132063454657.6250000000000000000000000000000000000000
758199282302242.7500000000000000000000000000000000000000
11743118253896.5566406250000000000000000000000000000000
-169796632306704.6250000000000000000000000000000000000000
-230266325533278.7812500000000000000000000000000000000000
164050571278309.0000000000000000000000000000000000000000
-159647530504567.5312500000000000000000000000000000000000
70610858804686.2343750000000000000000000000000000000000
-155714922808094.4375000000000000000000000000000000000000
50513991271650.6484375000000000000000000000000000000000
-179407543109375.1250000000000000000000000000000000000000
-164332320590944.3750000000000000000000000000000000000000
424080589883242.6875000000000000000000000000000000000000
455843896937171.8125000000000000000000000000000000000000
340280072639768.0000000000000000000000000000000000000000
293815479562808.9375000000000000000000000000000000000000
-158314702894000.2812500000000000000000000000000000000000
-17775595631428.5625000000000000000000000000000000000000
-192587180946231.9062500000000000000000000000000000000000
249188627708397.0312500000000000000000000000000000000000
8948993871454.0703125000000000000000000000000000000000
-384255895263837.5000000000000000000000000000000000000000
51275257828726.2890625000000000000000000000000000000000
238539461592335.5312500000000000000000000000000000000000
910654036965479.2500000000000000000000000000000000000000
-357104956945813.6250000000000000000000000000000000000000
440021565007202.5000000000000000000000000000000000000000
402344625779199.9375000000000000000000000000000000000000
-958820619539823.3750000000000000000000000000000000000000
-459824975380810.1875000000000000000000000000000000000000
811845791784489.3750000000000000000000000000000000000000
-437236606587812.0000000000000000000000000000000000000000
-395627541945009.0625000000000000000000000000000000000000
-4874827239085.6142578125000000000000000000000000000000
-111676725433162.2343750000000000000000000000000000000000
176272161880473.7812500000000000000000000000000000000000
419368002461350.6875000000000000000000000000000000000000
-194851437358118.5625000000000000000000000000000000000000
360544276940654.6250000000000000000000000000000000000000
-309591779253929.8750000000000000000000000000000000000000
-7775470372826.7001953125000000000000000000000000000000
409809263468914.0000000000000000000000000000000000000000
-271698316478354.3125000000000000000000000000000000000000
126128662145779.3593750000000000000000000000000000000000
-35722920837370.4687500000000000000000000000000000000000
604807160977817.2500000000000000000000000000000000000000
483616605088243.2500000000000000000000000000000000000000
-588872896099265.0000000000000000000000000000000000000000
482022569891833.3750000000000000000000000000000000000000
-368468400792522.7500000000000000000000000000000000000000
-14645137296696.5019531250000000000000000000000000000000
-136345183735005.4218750000000000000000000000000000000000
27942096284003.7031250000000000000000000000000000000000
-823321182308938.6250000000000000000000000000000000000000
2591330691480.6577148437500000000000000000000000000000
132285524133603.9531250000000000000000000000000000000000
91169746954860.7187500000000000000000000000000000000000
-178002214273406.2187500000000000000000000000000000000000
-212190138307926.9375000000000000000000000000000000000000
-990028733344016.3750000000000000000000000000000000000000
-20285740660280.8125000000000000000000000000000000000000
-640907550249484.3750000000000000000000000000000000000000
271397871204504.5625000000000000000000000000000000000000
760650377728660.5000000000000000000000000000000000000000
442081446354049.4375000000000000000000000000000000000000
171584656147240.3750000000000000000000000000000000000000
-828024180321142.8750000000000000000000000000000000000000
-12890201433222.7812500000000000000000000000000000000000
-241077053215008.8125000000000000000000000000000000000000
234564713748554.6875000000000000000000000000000000000000
286595553429660.1875000000000000000000000000000000000000
-359013761892664.6250000000000000000000000000000000000000
-92594687588083.8750000000000000000000000000000000000000
-527394822910307.1250000000000000000000000000000000000000
21452799858638.9960937500000000000000000000000000000000
126300912893203.5156250000000000000000000000000000000000
-11637835587390.4941406250000000000000000000000000000000
-901790461604928.2500000000000000000000000000000000000000
901115149340287.6250000000000000000000000000000000000000
481284154026540.6250000000000000000000000000000000000000
275664175360712.9375000000000000000000000000000000000000
-552065045087710.1250000000000000000000000000000000000000
-190749627118212.5000000000000000000000000000000000000000
-453489053504953.6875000000000000000000000000000000000000
-151747268348815.9687500000000000000000000000000000000000
-293248583729306.9375000000000000000000000000000000000000
330507434122190.8750000000000000000000000000000000000000
554313739382063.5625000000000000000000000000000000000000
120740890078893.0937500000000000000000000000000000000000
228057058302769.4687500000000000000000000000000000000000
707900148460358.7500000000000000000000000000000000000000
-961701777016553.7500000000000000000000000000000000000000
89342181818314.3750000000000000000000000000000000000000
371756290796615.9375000000000000000000000000000000000000
88948946053182.0000000000000000000000000000000000000000
-93538766714326.1406250000000000000000000000000000000000
-769523941924215.5000000000000000000000000000000000000000
6107728357576.7001953125000000000000000000000000000000
-100147777357331.2968750000000000000000000000000000000000
-198051947599441.7500000000000000000000000000000000000000
-545799757666255.2500000000000000000000000000000000000000
384005149313651.8750000000000000000000000000000000000000
-111919297634078.3906250000000000000000000000000000000000
296002127382812.5625000000000000000000000000000000000000
261746432923541.5625000000000000000000000000000000000000
650440612843388.7500000000000000000000000000000000000000
631422116740353.3750000000000000000000000000000000000000
-243286387870810.0937500000000000000000000000000000000000
309145900146632.1250000000000000000000000000000000000000
-113885850756840.8281250000000000000000000000000000000000
-69145688675379.3671875000000000000000000000000000000000
90752988168536.0312500000000000000000000000000000000000
-788640559159979.0000000000000000000000000000000000000000
130545731657255.6093750000000000000000000000000000000000
797064633174824.0000000000000000000000000000000000000000
349117834489146.7500000000000000000000000000000000000000
10365265143595.6738281250000000000000000000000000000000
59338992766752.6796875000000000000000000000000000000000
-72138189826633.5937500000000000000000000000000000000000
-511803968648307.5625000000000000000000000000000000000000
-179651382351553.1250000000000000000000000000000000000000
156571361425540.2500000000000000000000000000000000000000
-317702375522346.1250000000000000000000000000000000000000
100125115689587.0156250000000000000000000000000000000000
-138028343107620.2656250000000000000000000000000000000000
60673184324889.8281250000000000000000000000000000000000
-309884737018004.5625000000000000000000000000000000000000
910979462973861.3750000000000000000000000000000000000000
185788708018332.5625000000000000000000000000000000000000
-288443072106926.9375000000000000000000000000000000000000
113351474439756.6093750000000000000000000000000000000000
403630339206188.7500000000000000000000000000000000000000
587007134650382.8750000000000000000000000000000000000000
-556824908907726.3750000000000000000000000000000000000000
330961548522874.2500000000000000000000000000000000000000
194728946310640.0312500000000000000000000000000000000000
-76971435824007.5156250000000000000000000000000000000000
-722385129809721.7500000000000000000000000000000000000000
177681635947934.8125000000000000000000000000000000000000
-365730904104910.3750000000000000000000000000000000000000
210897655835277.5625000000000000000000000000000000000000
444474166691273.1875000000000000000000000000000000000000
507568215867522.8125000000000000000000000000000000000000
163618744992819.2187500000000000000000000000000000000000
-184917832767640.0000000000000000000000000000000000000000
-77603491127015.4375000000000000000000000000000000000000
-323577819651974.1250000000000000000000000000000000000000
437443032230052.3750000000000000000000000000000000000000
-321447436396873.0000000000000000000000000000000000000000
-445716251933071.1250000000000000000000000000000000000000
71323148146241.4843750000000000000000000000000000000000
-745210333178136.6250000000000000000000000000000000000000
-207304106734986.2500000000000000000000000000000000000000
263499922598752.0937500000000000000000000000000000000000
723747955980251.5000000000000000000000000000000000000000
499269238137410.5625000000000000000000000000000000000000
-373151757062547.9375000000000000000000000000000000000000
377904432268214.5625000000000000000000000000000000000000
-281193877870376.9687500000000000000000000000000000000000
631345304834719.1250000000000000000000000000000000000000
-64991692574464.8281250000000000000000000000000000000000
-410835993208924.6250000000000000000000000000000000000000
207062384919423.6250000000000000000000000000000000000000
-496093893519517.6250000000000000000000000000000000000000
140332702867062.6406250000000000000000000000000000000000
-72450930798602.2031250000000000000000000000000000000000
-25889176029735.5703125000000000000000000000000000000000
-355923077113919.0625000000000000000000000000000000000000
-146100955832794.0000000000000000000000000000000000000000
-336625942323785.4375000000000000000000000000000000000000
-284999026009096.3125000000000000000000000000000000000000
-366948048744916.8750000000000000000000000000000000000000
-156384675197122.7812500000000000000000000000000000000000
65656597683887.9296875000000000000000000000000000000000
189901616791198.0000000000000000000000000000000000000000
576268118067930.6250000000000000000000000000000000000000
-534246426509267.6250000000000000000000000000000000000000
-385033388110818.6250000000000000000000000000000000000000
116630088678456.3281250000000000000000000000000000000000
-286465787377143.5000000000000000000000000000000000000000
805827225736922.7500000000000000000000000000000000000000
-47898383963029.5312500000000000000000000000000000000000
-441406489963562.3750000000000000000000000000000000000000
119421360279082.0781250000000000000000000000000000000000
268382007174727.2500000000000000000000000000000000000000
311370259929665.8125000000000000000000000000000000000000
-30069609044962.4570312500000000000000000000000000000000
90569503335801.4531250000000000000000000000000000000000
30672305191329.9023437500000000000000000000000000000000
-77652531834545.8125000000000000000000000000000000000000
-473031477603806.8125000000000000000000000000000000000000
823092263830760.1250000000000000000000000000000000000000
-220216436152347.4687500000000000000000000000000000000000
-388927378943651.1250000000000000000000000000000000000000
-232647393603468.1562500000000000000000000000000000000000
335149015366448.1250000000000000000000000000000000000000
-576128460341315.7500000000000000000000000000000000000000
-296474308377770.8750000000000000000000000000000000000000
158094065642559.1562500000000000000000000000000000000000
-232544256211896.6562500000000000000000000000000000000000
-554407004705374.4375000000000000000000000000000000000000
789474916491705.5000000000000000000000000000000000000000
-439923237323866.8750000000000000000000000000000000000000
-353098482642568.3750000000000000000000000000000000000000
12899884625646.3750000000000000000000000000000000000000
338119697969916.1250000000000000000000000000000000000000
126562305136382.1562500000000000000000000000000000000000
-346986546713355.0000000000000000000000000000000000000000
217932672184590.9687500000000000000000000000000000000000
-474482596461112.5625000000000000000000000000000000000000
-87022487978819.9531250000000000000000000000000000000000
213244916552152.5937500000000000000000000000000000000000
-162135944671957.8750000000000000000000000000000000000000
-328479426170931.4375000000000000000000000000000000000000
-19783745869897.3671875000000000000000000000000000000000
178736422778209.8125000000000000000000000000000000000000
-89891526570454.3281250000000000000000000000000000000000
50799797872782.0312500000000000000000000000000000000000
799079075817366.8750000000000000000000000000000000000000
-264313319915433.6875000000000000000000000000000000000000
-168932331255408.0312500000000000000000000000000000000000
448539485844914.9375000000000000000000000000000000000000
-410197655247757.4375000000000000000000000000000000000000
-11860019723054.0117187500000000000000000000000000000000
177258937384994.5625000000000000000000000000000000000000
-26225514443294.1953125000000000000000000000000000000000
592619308056482.5000000000000000000000000000000000000000
499269459127454.6875000000000000000000000000000000000000
488956984989899.0000000000000000000000000000000000000000
-93230965721997.9062500000000000000000000000000000000000
116478998046818.7656250000000000000000000000000000000000
141143716718665.4375000000000000000000000000000000000000
569065717414053.7500000000000000000000000000000000000000
-646925513101844.5000000000000000000000000000000000000000
96263177972175.7656250000000000000000000000000000000000
-878584936383991.7500000000000000000000000000000000000000
381973861087162.4375000000000000000000000000000000000000
-6823533276939.8330078125000000000000000000000000000000
84412696659600.3125000000000000000000000000000000000000
69346397102491.4140625000000000000000000000000000000000
229837034272936.2500000000000000000000000000000000000000
-156957118235019.7812500000000000000000000000000000000000
563237181477320.7500000000000000000000000000000000000000
-202245661838268.0937500000000000000000000000000000000000
255856353155345.1562500000000000000000000000000000000000
-102604335564640.8125000000000000000000000000000000000000
823341946251936.5000000000000000000000000000000000000000
225093668811201.8125000000000000000000000000000000000000
-575321312618076.5000000000000000000000000000000000000000
-91932281433491.0468750000000000000000000000000000000000
760682023565531.6250000000000000000000000000000000000000
-202853981935110.7812500000000000000000000000000000000000
59338801634729.7734375000000000000000000000000000000000
-138643533444789.0625000000000000000000000000000000000000
-158078708038136.6875000000000000000000000000000000000000
126378675255387.3593750000000000000000000000000000000000
-295621482184837.6250000000000000000000000000000000000000
642829199064335.1250000000000000000000000000000000000000
57653969554832.2343750000000000000000000000000000000000
382456518425160.1250000000000000000000000000000000000000
316468140875563.9375000000000000000000000000000000000000
99162607999164.8750000000000000000000000000000000000000
-452211561450809.6250000000000000000000000000000000000000
-523005128953254.3125000000000000000000000000000000000000
305389777427911.0625000000000000000000000000000000000000
-758764406004263.1250000000000000000000000000000000000000
614795984659379.1250000000000000000000000000000000000000
-917900601098317.6250000000000000000000000000000000000000
-684484946669861.7500000000000000000000000000000000000000
-372407408873756.1250000000000000000000000000000000000000
235683060379315.4687500000000000000000000000000000000000
201969752818579.3750000000000000000000000000000000000000
-130920755519329.7343750000000000000000000000000000000000
-156918348235862.0625000000000000000000000000000000000000
117743262137113.7656250000000000000000000000000000000000
33622287327326.7382812500000000000000000000000000000000
483336216367507.8750000000000000000000000000000000000000
33137762745573.6445312500000000000000000000000000000000
450659489259044.2500000000000000000000000000000000000000
-322968665981620.5625000000000000000000000000000000000000
64190400459281.2265625000000000000000000000000000000000
-372967071889108.3750000000000000000000000000000000000000
-442218165382825.8750000000000000000000000000000000000000
38263610358534.9531250000000000000000000000000000000000
-99910277314903.9531250000000000000000000000000000000000
-82593268323319.3593750000000000000000000000000000000000
-606517127979544.6250000000000000000000000000000000000000
-47735313246147.9765625000000000000000000000000000000000
-83085294969089.8437500000000000000000000000000000000000
382180955443098.9375000000000000000000000000000000000000
-110909148601962.4062500000000000000000000000000000000000
378580762729472.7500000000000000000000000000000000000000
-23422655944491.8437500000000000000000000000000000000000
121737737046656.1718750000000000000000000000000000000000
451320340238024.1250000000000000000000000000000000000000
-245338890661453.7812500000000000000000000000000000000000
-274565091657536.3437500000000000000000000000000000000000
122565047524272.0312500000000000000000000000000000000000
-572295015819453.3750000000000000000000000000000000000000
371201979701569.7500000000000000000000000000000000000000
194290727045691.7500000000000000000000000000000000000000
-106018288733825.8125000000000000000000000000000000000000
264909063443552.5937500000000000000000000000000000000000
-585448571843181.1250000000000000000000000000000000000000
616717213405546.2500000000000000000000000000000000000000
-146238495303574.4687500000000000000000000000000000000000
116430216251141.1875000000000000000000000000000000000000
-521708747382343.7500000000000000000000000000000000000000
-87193694360192.2656250000000000000000000000000000000000
282684703893243.6875000000000000000000000000000000000000
30570763156691.3632812500000000000000000000000000000000
117216312765845.4843750000000000000000000000000000000000
-301092213181661.7500000000000000000000000000000000000000
173476751474193.5937500000000000000000000000000000000000
40823598745429.6640625000000000000000000000000000000000
-641603045444305.1250000000000000000000000000000000000000
-324681826100060.5000000000000000000000000000000000000000
474982593598900.5625000000000000000000000000000000000000
260509063585984.6875000000000000000000000000000000000000
50209297737456.3359375000000000000000000000000000000000
153199904737641.9375000000000000000000000000000000000000
-319890118843030.1875000000000000000000000000000000000000
42045699793666.6406250000000000000000000000000000000000
249514990359936.9687500000000000000000000000000000000000
225504651125082.9062500000000000000000000000000000000000
-334133338117415.8125000000000000000000000000000000000000
-587659143938967.8750000000000000000000000000000000000000
-630917367023212.5000000000000000000000000000000000000000
-102143622294491.8906250000000000000000000000000000000000
171611986505621.6562500000000000000000000000000000000000
12267974123678.8671875000000000000000000000000000000000
279601693166508.2187500000000000000000000000000000000000
-730394447647110.1250000000000000000000000000000000000000
388771404060369.0000000000000000000000000000000000000000
767546603125566.8750000000000000000000000000000000000000
709350560442050.6250000000000000000000000000000000000000
-53679105840965.8593750000000000000000000000000000000000
-656617888240322.1250000000000000000000000000000000000000
-465123209019153.3750000000000000000000000000000000000000
-629570520588423.8750000000000000000000000000000000000000
269564653808488.4062500000000000000000000000000000000000
-19573110810619.3437500000000000000000000000000000000000
-113623427174760.3750000000000000000000000000000000000000
5707677966629.1064453125000000000000000000000000000000
-11473672244479.1386718750000000000000000000000000000000
589364995405452.0000000000000000000000000000000000000000
-243072777648852.6562500000000000000000000000000000000000
454901475766888.0625000000000000000000000000000000000000
390572581919198.1250000000000000000000000000000000000000
165820645429979.9062500000000000000000000000000000000000
-210744634524555.9375000000000000000000000000000000000000
309705416913513.0625000000000000000000000000000000000000
839398059059092.6250000000000000000000000000000000000000
206637935318512.7187500000000000000000000000000000000000
-499658331066670.3750000000000000000000000000000000000000
103470178275539.0625000000000000000000000000000000000000
312190722774631.6875000000000000000000000000000000000000
-13712199736198.5605468750000000000000000000000000000000
-595634050819825.3750000000000000000000000000000000000000
298739964017638.9375000000000000000000000000000000000000
-197038269290639.6875000000000000000000000000000000000000
209405580087966.1875000000000000000000000000000000000000
318992032181607.9375000000000000000000000000000000000000
-273061676542533.4687500000000000000000000000000000000000
240927956970316.0312500000000000000000000000000000000000
-190229954380309.0625000000000000000000000000000000000000
350905311240210.3125000000000000000000000000000000000000
83785632315219.3281250000000000000000000000000000000000
168959895755274.8437500000000000000000000000000000000000
39943759288276.3359375000000000000000000000000000000000
-475485198610014.0000000000000000000000000000000000000000
213396526493458.2500000000000000000000000000000000000000
149049600170887.1250000000000000000000000000000000000000
457412622747386.4375000000000000000000000000000000000000
73423715640971.9843750000000000000000000000000000000000
-868298252609627.0000000000000000000000000000000000000000
373638200181399.7500000000000000000000000000000000000000
-565304636725463.6250000000000000000000000000000000000000
-23405926803636.2148437500000000000000000000000000000000
-495236648837269.6250000000000000000000000000000000000000
20361661496527.4101562500000000000000000000000000000000
797314511075110.3750000000000000000000000000000000000000
-464960756123798.6250000000000000000000000000000000000000
-86813935596760.0156250000000000000000000000000000000000
-328590612230235.0000000000000000000000000000000000000000
146825843030767.9687500000000000000000000000000000000000
-545303539796769.3125000000000000000000000000000000000000
-43855308521100.4687500000000000000000000000000000000000
676912093965188.2500000000000000000000000000000000000000
-992304114563916.6250000000000000000000000000000000000000
-185126139464324.5000000000000000000000000000000000000000
301796136646299.1250000000000000000000000000000000000000
934803324983504.3750000000000000000000000000000000000000
637956431731682.7500000000000000000000000000000000000000
-480847983729676.6250000000000000000000000000000000000000
-206965138728656.4687500000000000000000000000000000000000
881044148340976.1250000000000000000000000000000000000000
37139175651474.0000000000000000000000000000000000000000
-1062613823483271.6250000000000000000000000000000000000000
371526018127225.0000000000000000000000000000000000000000
137120102191806.7343750000000000000000000000000000000000
546808879023463.4375000000000000000000000000000000000000
-519411217082646.6250000000000000000000000000000000000000
-495110588156501.7500000000000000000000000000000000000000
-184616548147561.4375000000000000000000000000000000000000
460288667414593.8125000000000000000000000000000000000000
336760140541326.3750000000000000000000000000000000000000
625740971127358.0000000000000000000000000000000000000000
-235129852164197.3125000000000000000000000000000000000000
-190862071747338.7500000000000000000000000000000000000000
-76608659455275.2812500000000000000000000000000000000000
-230146701174463.5000000000000000000000000000000000000000
131399287532241.2968750000000000000000000000000000000000
-275061224026703.3437500000000000000000000000000000000000
-847719928225604.6250000000000000000000000000000000000000
576344637250344.5000000000000000000000000000000000000000
478833287023714.8750000000000000000000000000000000000000
-19045821862212.3945312500000000000000000000000000000000
-875942953032942.3750000000000000000000000000000000000000
271378344310906.4687500000000000000000000000000000000000
-212957791010939.1875000000000000000000000000000000000000
230940512622108.5937500000000000000000000000000000000000
96476459686086.2187500000000000000000000000000000000000
146730330231305.0312500000000000000000000000000000000000
-640196061433065.0000000000000000000000000000000000000000
18492739877473.1562500000000000000000000000000000000000
99146119867409.6562500000000000000000000000000000000000
334847451344779.6250000000000000000000000000000000000000
265374621058023.6562500000000000000000000000000000000000
148837709806195.4062500000000000000000000000000000000000
-102687443172932.5781250000000000000000000000000000000000
-344093483698525.4375000000000000000000000000000000000000
654480305664695.5000000000000000000000000000000000000000
-95281936367540.4843750000000000000000000000000000000000
-399601888177681.0625000000000000000000000000000000000000
470797887830459.6250000000000000000000000000000000000000
-276980304219731.8750000000000000000000000000000000000000
115584958266249.0000000000000000000000000000000000000000
-303982577663345.9375000000000000000000000000000000000000
-2427325477352.2851562500000000000000000000000000000000
191257137298604.5937500000000000000000000000000000000000
-272884663172258.3125000000000000000000000000000000000000
-81201407825957.2343750000000000000000000000000000000000
239116237127740.0312500000000000000000000000000000000000
325244566506851.2500000000000000000000000000000000000000
-203813841568293.9375000000000000000000000000000000000000
-710990503594616.3750000000000000000000000000000000000000
57372267437017.1953125000000000000000000000000000000000
-878033214113127.5000000000000000000000000000000000000000
-337653310934451.7500000000000000000000000000000000000000
542604777228973.6250000000000000000000000000000000000000
-302593419935124.5000000000000000000000000000000000000000
-171708768212061.5312500000000000000000000000000000000000
680977109093551.6250000000000000000000000000000000000000
-453883201962169.6250000000000000000000000000000000000000
365588839278382.0625000000000000000000000000000000000000
-848383159858262.3750000000000000000000000000000000000000
-271038937832444.0937500000000000000000000000000000000000
114681881242798.5000000000000000000000000000000000000000
394953704248902.8750000000000000000000000000000000000000
-99906315967030.7968750000000000000000000000000000000000
33535631482788.0664062500000000000000000000000000000000
392340018169108.7500000000000000000000000000000000000000
548708984342468.3125000000000000000000000000000000000000
-321754412211825.7500000000000000000000000000000000000000
-61595753003800.4765625000000000000000000000000000000000
685817462429514.0000000000000000000000000000000000000000
-1883698440121.4548339843750000000000000000000000000000
110335271901466.3125000000000000000000000000000000000000
-232749744418800.9375000000000000000000000000000000000000
-221372088779343.4062500000000000000000000000000000000000
-347601094362290.1875000000000000000000000000000000000000
83235384836204.2968750000000000000000000000000000000000
-417547306934991.2500000000000000000000000000000000000000
197051877376958.4375000000000000000000000000000000000000
-239360038384764.8750000000000000000000000000000000000000
536182307484280.6250000000000000000000000000000000000000
91524361524095.3437500000000000000000000000000000000000
-157087188311127.2187500000000000000000000000000000000000
-212449909400326.6250000000000000000000000000000000000000
701264000741537.8750000000000000000000000000000000000000
-123907746414759.9843750000000000000000000000000000000000
478627750487369.3750000000000000000000000000000000000000
-360106739746969.1875000000000000000000000000000000000000
-157184854306149.8125000000000000000000000000000000000000
203958121795152.1562500000000000000000000000000000000000
-217658799686664.2500000000000000000000000000000000000000
387910077649772.6250000000000000000000000000000000000000
565137890693344.7500000000000000000000000000000000000000
-625278315934291.2500000000000000000000000000000000000000
-56654822225021.0625000000000000000000000000000000000000
524309731186688.9375000000000000000000000000000000000000
-13301509256253.1601562500000000000000000000000000000000
150676675359905.0000000000000000000000000000000000000000
-49701849045780.0468750000000000000000000000000000000000
210543895325250.1562500000000000000000000000000000000000
-297688749744943.4375000000000000000000000000000000000000
781949967122164.1250000000000000000000000000000000000000
-31779965904741.0585937500000000000000000000000000000000
-192201598626071.1562500000000000000000000000000000000000
472126866888918.0000000000000000000000000000000000000000
-583548539729386.6250000000000000000000000000000000000000
425720675992166.0000000000000000000000000000000000000000
-949010704348420.8750000000000000000000000000000000000000
-385120134574708.8750000000000000000000000000000000000000
891362548602152.1250000000000000000000000000000000000000
-195387520968432.0000000000000000000000000000000000000000
-46106524640769.6484375000000000000000000000000000000000
160400701082165.1875000000000000000000000000000000000000
270444191517439.5625000000000000000000000000000000000000
742344745569712.2500000000000000000000000000000000000000
-381895591883118.5625000000000000000000000000000000000000
660965885496286.2500000000000000000000000000000000000000
480544690938424.6875000000000000000000000000000000000000
-442541993469113.1875000000000000000000000000000000000000
-30807209854257.7500000000000000000000000000000000000000
-237836253466560.8750000000000000000000000000000000000000
-103088385626271.0000000000000000000000000000000000000000
-104638332632967.2031250000000000000000000000000000000000
-674609006059827.6250000000000000000000000000000000000000
-248373254509075.3750000000000000000000000000000000000000
-1051185163537787.7500000000000000000000000000000000000000
508395731964100.2500000000000000000000000000000000000000
358812897293094.5625000000000000000000000000000000000000
267488749426462.5312500000000000000000000000000000000000
-206741019762226.8125000000000000000000000000000000000000
-342281208253906.3750000000000000000000000000000000000000
64569687963030.2578125000000000000000000000000000000000
569279359468089.0000000000000000000000000000000000000000
-313478328626288.9375000000000000000000000000000000000000
643498276925833.1250000000000000000000000000000000000000
-312812032975526.8125000000000000000000000000000000000000
-661457554191492.0000000000000000000000000000000000000000
42248429357606.9140625000000000000000000000000000000000
475906118577234.2500000000000000000000000000000000000000
-238740055588089.0312500000000000000000000000000000000000
-436904998856694.1875000000000000000000000000000000000000
-100614019313490.9375000000000000000000000000000000000000
62471209170520.0312500000000000000000000000000000000000
-257271274200627.3750000000000000000000000000000000000000
32583185986221.7734375000000000000000000000000000000000
-366459493522335.8750000000000000000000000000000000000000
21518975080341.2812500000000000000000000000000000000000
351206606962967.5625000000000000000000000000000000000000
-901211157949822.8750000000000000000000000000000000000000
95037654176778.3125000000000000000000000000000000000000
-158373074181234.2500000000000000000000000000000000000000
-595963860263461.1250000000000000000000000000000000000000
-61794064629640.0468750000000000000000000000000000000000
-122441058037784.5000000000000000000000000000000000000000
689993864226614.6250000000000000000000000000000000000000
177582622193694.5000000000000000000000000000000000000000
-139594284822248.4531250000000000000000000000000000000000
-144708250678429.7187500000000000000000000000000000000000
-433432107980910.5625000000000000000000000000000000000000
331119417205513.9375000000000000000000000000000000000000
965525553511208.1250000000000000000000000000000000000000
-506065074942978.8750000000000000000000000000000000000000
957706786582798.0000000000000000000000000000000000000000
449381295508815.5000000000000000000000000000000000000000
-404100981436909.7500000000000000000000000000000000000000
-621600591083442.7500000000000000000000000000000000000000
769506603605381.5000000000000000000000000000000000000000
-136030675542571.2343750000000000000000000000000000000000
-50304432358840.6640625000000000000000000000000000000000
-481156086220310.5625000000000000000000000000000000000000
357809888839824.8750000000000000000000000000000000000000
-476537886188950.1250000000000000000000000000000000000000
-723637270437804.8750000000000000000000000000000000000000
1348091045757559.2500000000000000000000000000000000000000
61885343590776.8359375000000000000000000000000000000000
96797422182476.8281250000000000000000000000000000000000
262664120616206.4062500000000000000000000000000000000000
-45761490932422.0468750000000000000000000000000000000000
455337786120872.8125000000000000000000000000000000000000
194741029676301.6562500000000000000000000000000000000000
-691485629598272.3750000000000000000000000000000000000000
599505153767149.1250000000000000000000000000000000000000
470624941368449.0625000000000000000000000000000000000000
-41269476851792.9765625000000000000000000000000000000000
-655244338216942.6250000000000000000000000000000000000000
246433232377296.2812500000000000000000000000000000000000
127234757083905.7031250000000000000000000000000000000000
-531456406883333.6250000000000000000000000000000000000000
479697180358264.2500000000000000000000000000000000000000
-5051992059880.7343750000000000000000000000000000000000
-111321159430161.6406250000000000000000000000000000000000
-2221178439905.7270507812500000000000000000000000000000
-608939318164798.5000000000000000000000000000000000000000
-6974948089425.7949218750000000000000000000000000000000
593735601879823.1250000000000000000000000000000000000000
-384250847330699.1875000000000000000000000000000000000000
-204090847690660.4687500000000000000000000000000000000000
236598709746276.1562500000000000000000000000000000000000
77823374690124.9062500000000000000000000000000000000000
-725432695835214.0000000000000000000000000000000000000000
121687046809631.6250000000000000000000000000000000000000
721381344560406.7500000000000000000000000000000000000000
-90217007861634.6562500000000000000000000000000000000000
-742768357447718.7500000000000000000000000000000000000000
-1346560346102.5314941406250000000000000000000000000000
-564807282976471.8750000000000000000000000000000000000000
-481206474112855.7500000000000000000000000000000000000000
946806779756443.6250000000000000000000000000000000000000
-166169394670564.5312500000000000000000000000000000000000
-350657299683288.9375000000000000000000000000000000000000
40702324802202.4375000000000000000000000000000000000000
862805770687320.0000000000000000000000000000000000000000
-71176872699716.3437500000000000000000000000000000000000
491967565475392.5625000000000000000000000000000000000000
-463634157243326.7500000000000000000000000000000000000000
68687224530893.8437500000000000000000000000000000000000
-78328659952124.7812500000000000000000000000000000000000
