-2.3740155702887908439890907175140455365181
1121.5908403572120732860639691352844238281250
-137427.4145505496708210557699203491210937500000
7265926.0263260034844279289245605468750000000000
-212243206.3688164353370666503906250000000000000000
3899753571.9419045448303222656250000000000000000000
-48625060763.0684967041015625000000000000000000000000
431170494753.1590576171875000000000000000000000000000
-2797170597006.1186523437500000000000000000000000000000
13464579118059.8808593750000000000000000000000000000000
-48092370600010.7968750000000000000000000000000000000000
125058787089638.6875000000000000000000000000000000000000
-223830234138119.9062500000000000000000000000000000000000
231440929624784.9062500000000000000000000000000000000000
-18243337026647.8789062500000000000000000000000000000000
-290216964582116.6875000000000000000000000000000000000000
273300152253903.1250000000000000000000000000000000000000
141296324616220.1250000000000000000000000000000000000000
-315953019872863.8125000000000000000000000000000000000000
26742939426377.4765625000000000000000000000000000000000
-30221525857755.3320312500000000000000000000000000000000
249315807898684.1562500000000000000000000000000000000000
229782157687939.6562500000000000000000000000000000000000
-580126797116909.6250000000000000000000000000000000000000
-23786250949891.2617187500000000000000000000000000000000
153414188490745.9375000000000000000000000000000000000000
216953417671998.9687500000000000000000000000000000000000
-52912014644408.9218750000000000000000000000000000000000
64272114653382.2343750000000000000000000000000000000000
149495178067685.3437500000000000000000000000000000000000
-412638786475089.1875000000000000000000000000000000000000
-16639119451564.0117187500000000000000000000000000000000
-535873635497709.6875000000000000000000000000000000000000
396090422683528.7500000000000000000000000000000000000000
684913043718636.2500000000000000000000000000000000000000
152828132772735.0937500000000000000000000000000000000000
108007760844056.9375000000000000000000000000000000000000
-605373207148259.0000000000000000000000000000000000000000
-308492156598756.8125000000000000000000000000000000000000
-142572021969151.3125000000000000000000000000000000000000
-296019759935621.8750000000000000000000000000000000000000
104629364183034.6562500000000000000000000000000000000000
573839598492849.8750000000000000000000000000000000000000
366214108449167.0625000000000000000000000000000000000000
-56241895017133.9687500000000000000000000000000000000000
193506271081121.4062500000000000000000000000000000000000
42957315268655.1875000000000000000000000000000000000000
155140583047276.4062500000000000000000000000000000000000
-379595005479807.8750000000000000000000000000000000000000
-552721344240576.6250000000000000000000000000000000000000
-538986674771293.1875000000000000000000000000000000000000
78604924436713.8125000000000000000000000000000000000000
-331824022978834.1250000000000000000000000000000000000000
11031361348553.4765625000000000000000000000000000000000
519855545996133.8750000000000000000000000000000000000000
790061285566597.7500000000000000000000000000000000000000
811564292559391.1250000000000000000000000000000000000000
427062904481550.1875000000000000000000000000000000000000
-627111811921125.0000000000000000000000000000000000000000
-178313421656452.2500000000000000000000000000000000000000
222472999175927.8437500000000000000000000000000000000000
-1268445910856975.2500000000000000000000000000000000000000
-350443502812603.2500000000000000000000000000000000000000
213743248751801.9062500000000000000000000000000000000000
-139030043913620.2343750000000000000000000000000000000000
-471013024791915.0625000000000000000000000000000000000000
10969519375846.0449218750000000000000000000000000000000
124437885527913.8125000000000000000000000000000000000000
147494122182407.5000000000000000000000000000000000000000
467731985255144.5000000000000000000000000000000000000000
627028204007774.7500000000000000000000000000000000000000
213205134397787.9375000000000000000000000000000000000000
788930143117468.0000000000000000000000000000000000000000
-64271027748534.7265625000000000000000000000000000000000
-252589437426678.8125000000000000000000000000000000000000
89995230394702.7343750000000000000000000000000000000000
-218252984103797.6250000000000000000000000000000000000000
-350018397470386.1250000000000000000000000000000000000000
-510992604042801.6875000000000000000000000000000000000000
-63186621376945.9843750000000000000000000000000000000000
-10219635353238.2050781250000000000000000000000000000000
-777333192417371.3750000000000000000000000000000000000000
-337088857236573.8750000000000000000000000000000000000000
-261537181074142.8750000000000000000000000000000000000000
427423544625197.0000000000000000000000000000000000000000
-207749940023457.2500000000000000000000000000000000000000
-146528349959000.0000000000000000000000000000000000000000
463762343830798.3125000000000000000000000000000000000000
416308891889864.1875000000000000000000000000000000000000
727655343120594.3750000000000000000000000000000000000000
225841572409551.7187500000000000000000000000000000000000
644247701838719.2500000000000000000000000000000000000000
368331349165850.6875000000000000000000000000000000000000
-26632962184744.5507812500000000000000000000000000000000
171469567709257.2812500000000000000000000000000000000000
-479373585816338.6250000000000000000000000000000000000000
-29583733681284.9335937500000000000000000000000000000000
-573961606360198.0000000000000000000000000000000000000000
-33325211923949.2539062500000000000000000000000000000000
-186573891428548.2812500000000000000000000000000000000000
-116447167318581.1875000000000000000000000000000000000000
-429256180258603.5000000000000000000000000000000000000000
-747074577538494.5000000000000000000000000000000000000000
-18737154192023.1953125000000000000000000000000000000000
429457871077618.5000000000000000000000000000000000000000
-538034992837764.9375000000000000000000000000000000000000
-213877930940926.0312500000000000000000000000000000000000
40390340490454.6484375000000000000000000000000000000000
148964790643750.5312500000000000000000000000000000000000
351427506202305.3125000000000000000000000000000000000000
84329734684732.6250000000000000000000000000000000000000
131269748827809.0156250000000000000000000000000000000000
-67842773314483.5937500000000000000000000000000000000000
445487398895737.5000000000000000000000000000000000000000
315283874837817.5000000000000000000000000000000000000000
21387891478737.5195312500000000000000000000000000000000
94659388871756.4062500000000000000000000000000000000000
789555016394881.8750000000000000000000000000000000000000
201125263000427.7812500000000000000000000000000000000000
127262386764729.5000000000000000000000000000000000000000
-146535440416725.4687500000000000000000000000000000000000
221482432894635.9062500000000000000000000000000000000000
312266072731441.9375000000000000000000000000000000000000
-399860795811369.5000000000000000000000000000000000000000
-538151402297485.6875000000000000000000000000000000000000
-275826511375641.0000000000000000000000000000000000000000
-282875987058199.8750000000000000000000000000000000000000
-127862871637075.6875000000000000000000000000000000000000
-105784324456937.2187500000000000000000000000000000000000
-282497244860283.3125000000000000000000000000000000000000
-33865259387961.7304687500000000000000000000000000000000
-532286229300787.3750000000000000000000000000000000000000
-212449994914713.1562500000000000000000000000000000000000
-33090386849743.2968750000000000000000000000000000000000
55400994342326.1328125000000000000000000000000000000000
-138395180453084.0468750000000000000000000000000000000000
-33215213312317.1718750000000000000000000000000000000000
142790465427561.4375000000000000000000000000000000000000
-293605434896360.4375000000000000000000000000000000000000
-116054600408428.2656250000000000000000000000000000000000
220807448099890.7500000000000000000000000000000000000000
132230357158340.3437500000000000000000000000000000000000
570455129836215.7500000000000000000000000000000000000000
173948549716888.2500000000000000000000000000000000000000
584659221431122.2500000000000000000000000000000000000000
262475899357231.9687500000000000000000000000000000000000
207117698958411.3125000000000000000000000000000000000000
101550957449194.2812500000000000000000000000000000000000
111298231371771.7500000000000000000000000000000000000000
-270897901214842.8437500000000000000000000000000000000000
305449597244398.5625000000000000000000000000000000000000
213700669259833.3437500000000000000000000000000000000000
174269119497936.4062500000000000000000000000000000000000
-459892709228447.8125000000000000000000000000000000000000
185887108369397.3125000000000000000000000000000000000000
224183429710392.1562500000000000000000000000000000000000
-348318948657922.0000000000000000000000000000000000000000
123104527283116.2500000000000000000000000000000000000000
118855130366744.9375000000000000000000000000000000000000
-342437958336379.2500000000000000000000000000000000000000
-184974482973504.9062500000000000000000000000000000000000
-380743693871637.8750000000000000000000000000000000000000
-232397765966676.3750000000000000000000000000000000000000
-269219937156120.2812500000000000000000000000000000000000
-138456662060930.4062500000000000000000000000000000000000
78072003785316.0937500000000000000000000000000000000000
144998859796629.2500000000000000000000000000000000000000
-380706355306211.9375000000000000000000000000000000000000
-340189168364084.9375000000000000000000000000000000000000
253098803733621.8125000000000000000000000000000000000000
-964679652068709.7500000000000000000000000000000000000000
256009026142644.8125000000000000000000000000000000000000
151198839308579.8125000000000000000000000000000000000000
-612630320268456.1250000000000000000000000000000000000000
263701498139263.2500000000000000000000000000000000000000
168360343459211.4687500000000000000000000000000000000000
188040544608801.8750000000000000000000000000000000000000
53568477676515.0000000000000000000000000000000000000000
8717459084684.7333984375000000000000000000000000000000
108748789513115.1718750000000000000000000000000000000000
450554469646012.1250000000000000000000000000000000000000
316111726334033.8125000000000000000000000000000000000000
177197581176030.8437500000000000000000000000000000000000
290969621167465.5000000000000000000000000000000000000000
359060232361402.0625000000000000000000000000000000000000
118724742341364.1406250000000000000000000000000000000000
280117014781411.8125000000000000000000000000000000000000
365937199049781.0000000000000000000000000000000000000000
-408417878465277.1875000000000000000000000000000000000000
-209472363709185.1250000000000000000000000000000000000000
408411428231542.6250000000000000000000000000000000000000
-31989713514924.4414062500000000000000000000000000000000
-155687948734748.0000000000000000000000000000000000000000
110155108781016.5937500000000000000000000000000000000000
262210589255000.1250000000000000000000000000000000000000
-363003008174790.9375000000000000000000000000000000000000
86911291571181.8906250000000000000000000000000000000000
-108387229093283.7968750000000000000000000000000000000000
-154398615353859.9062500000000000000000000000000000000000
-376567618733663.2500000000000000000000000000000000000000
194541678305696.9375000000000000000000000000000000000000
-373441332517746.3125000000000000000000000000000000000000
38521690680154.2187500000000000000000000000000000000000
-13824835534229.4746093750000000000000000000000000000000
25495870115698.4492187500000000000000000000000000000000
-43509008980923.6562500000000000000000000000000000000000
-192736301018709.9062500000000000000000000000000000000000
-559469683974263.3750000000000000000000000000000000000000
-163832927718372.8125000000000000000000000000000000000000
233053112673143.1562500000000000000000000000000000000000
193014005293740.0937500000000000000000000000000000000000
-220569141880919.9375000000000000000000000000000000000000
-245274056218883.5000000000000000000000000000000000000000
-139565023647512.0937500000000000000000000000000000000000
-215460890775197.6250000000000000000000000000000000000000
17264853413122.8515625000000000000000000000000000000000
-61044692330057.5546875000000000000000000000000000000000
-97987206635788.8906250000000000000000000000000000000000
183511645408563.5000000000000000000000000000000000000000
205482179942489.7812500000000000000000000000000000000000
-43691326665996.8125000000000000000000000000000000000000
19032449197172.2226562500000000000000000000000000000000
-177880226924242.0312500000000000000000000000000000000000
323362094827889.0000000000000000000000000000000000000000
-50307354488922.9765625000000000000000000000000000000000
13748618525185.3417968750000000000000000000000000000000
-325764077246608.9375000000000000000000000000000000000000
38375446234178.0234375000000000000000000000000000000000
399363378793000.3125000000000000000000000000000000000000
392297796142248.0625000000000000000000000000000000000000
-64805816164662.8671875000000000000000000000000000000000
401740005210214.0625000000000000000000000000000000000000
688324055180029.0000000000000000000000000000000000000000
-244075014073351.7187500000000000000000000000000000000000
-44190558594089.0078125000000000000000000000000000000000
-350802685202210.9375000000000000000000000000000000000000
394004173719909.8750000000000000000000000000000000000000
284720894817108.8750000000000000000000000000000000000000
115883230324851.6562500000000000000000000000000000000000
146111145226320.5000000000000000000000000000000000000000
508328288298179.1875000000000000000000000000000000000000
41998510989949.9531250000000000000000000000000000000000
-133724123636997.5625000000000000000000000000000000000000
-242485760294122.9062500000000000000000000000000000000000
-709886274167919.5000000000000000000000000000000000000000
399002039727319.5000000000000000000000000000000000000000
-57116144426640.1250000000000000000000000000000000000000
590226693601475.8750000000000000000000000000000000000000
-432066381309853.8750000000000000000000000000000000000000
289624376808112.7500000000000000000000000000000000000000
-561705424588254.3125000000000000000000000000000000000000
-41880340143969.9453125000000000000000000000000000000000
-270538189394190.5000000000000000000000000000000000000000
-62715192383047.6406250000000000000000000000000000000000
-442886543922212.3125000000000000000000000000000000000000
-624083247196980.2500000000000000000000000000000000000000
277875230476924.7187500000000000000000000000000000000000
-25641675897372.1250000000000000000000000000000000000000
79644501207184.7031250000000000000000000000000000000000
-286625768695740.5000000000000000000000000000000000000000
206548115002813.0312500000000000000000000000000000000000
-290609141736789.0000000000000000000000000000000000000000
225820827569604.4375000000000000000000000000000000000000
-86545707802626.1875000000000000000000000000000000000000
-174334055336058.5625000000000000000000000000000000000000
-194893318473907.5312500000000000000000000000000000000000
130738052432530.6562500000000000000000000000000000000000
194370646159915.3437500000000000000000000000000000000000
-198593663944724.7500000000000000000000000000000000000000
-594837541308531.8750000000000000000000000000000000000000
-73774104391424.5468750000000000000000000000000000000000
366822411750258.9375000000000000000000000000000000000000
42034081415274.7109375000000000000000000000000000000000
-212953635515731.1250000000000000000000000000000000000000
458426094954802.5625000000000000000000000000000000000000
77410044386812.8906250000000000000000000000000000000000
153242064338677.1250000000000000000000000000000000000000
-115262101641729.2968750000000000000000000000000000000000
189086969039380.1250000000000000000000000000000000000000
601261530270157.7500000000000000000000000000000000000000
-282087956923630.5625000000000000000000000000000000000000
-579644548858423.2500000000000000000000000000000000000000
138498560630700.7812500000000000000000000000000000000000
255900887869168.8750000000000000000000000000000000000000
518912454819001.6875000000000000000000000000000000000000
121440023913089.7812500000000000000000000000000000000000
-89285051462409.2968750000000000000000000000000000000000
-242695358965672.0937500000000000000000000000000000000000
61580243976747.7265625000000000000000000000000000000000
16732273525672.0546875000000000000000000000000000000000
778954543511536.3750000000000000000000000000000000000000
67333943924915.5859375000000000000000000000000000000000
-17987350379615.6601562500000000000000000000000000000000
248097431506482.0937500000000000000000000000000000000000
-45114705382923.7031250000000000000000000000000000000000
-273399270301055.4062500000000000000000000000000000000000
-149951565759221.4375000000000000000000000000000000000000
632695949400579.2500000000000000000000000000000000000000
-96215089007155.0468750000000000000000000000000000000000
-218441540734660.8750000000000000000000000000000000000000
386019882273479.5625000000000000000000000000000000000000
-879100058036027.3750000000000000000000000000000000000000
-273369648259697.8125000000000000000000000000000000000000
287052466112212.5000000000000000000000000000000000000000
43631576422343.9453125000000000000000000000000000000000
352617312255421.2500000000000000000000000000000000000000
4194309695545.2324218750000000000000000000000000000000
89562961810139.5000000000000000000000000000000000000000
-389153112634918.6250000000000000000000000000000000000000
142662856178467.3437500000000000000000000000000000000000
-117921477897028.6093750000000000000000000000000000000000
-251941745426041.0625000000000000000000000000000000000000
-98080071434975.1250000000000000000000000000000000000000
-50365510218124.0312500000000000000000000000000000000000
-159431632195488.8750000000000000000000000000000000000000
-95959370586269.4375000000000000000000000000000000000000
11503321390436.8593750000000000000000000000000000000000
114895270079380.0312500000000000000000000000000000000000
-737100647110690.8750000000000000000000000000000000000000
233228779807855.9375000000000000000000000000000000000000
-586887382420281.3750000000000000000000000000000000000000
110779953671880.1406250000000000000000000000000000000000
290089783676537.5625000000000000000000000000000000000000
-202996608200464.6562500000000000000000000000000000000000
320237026983304.0000000000000000000000000000000000000000
-437792206323659.2500000000000000000000000000000000000000
135955125077575.9375000000000000000000000000000000000000
-403484755261780.1250000000000000000000000000000000000000
-14437423348719.8867187500000000000000000000000000000000
441621159676619.0625000000000000000000000000000000000000
89280404367273.6562500000000000000000000000000000000000
673351460657843.3750000000000000000000000000000000000000
-389991677592229.3750000000000000000000000000000000000000
124131653348981.2500000000000000000000000000000000000000
14658682966203.6445312500000000000000000000000000000000
131624566421296.4687500000000000000000000000000000000000
-57397943014984.6875000000000000000000000000000000000000
-304118447332115.1875000000000000000000000000000000000000
125235930153529.7187500000000000000000000000000000000000
-83298889228363.2500000000000000000000000000000000000000
423670648707494.7500000000000000000000000000000000000000
-117823831598705.0781250000000000000000000000000000000000
-88317397500549.5312500000000000000000000000000000000000
32953125404285.7500000000000000000000000000000000000000
-862052486680232.2500000000000000000000000000000000000000
17205252298750.5390625000000000000000000000000000000000
358380957155295.5625000000000000000000000000000000000000
101984746847615.1093750000000000000000000000000000000000
185371239844273.8750000000000000000000000000000000000000
450120908233700.2500000000000000000000000000000000000000
270000547989618.3125000000000000000000000000000000000000
729443744726088.8750000000000000000000000000000000000000
-358421729284705.0000000000000000000000000000000000000000
-276795647849046.0937500000000000000000000000000000000000
77086106069558.4531250000000000000000000000000000000000
-326275243514701.1875000000000000000000000000000000000000
306435043605377.1250000000000000000000000000000000000000
639230130856842.1250000000000000000000000000000000000000
62813867952643.8359375000000000000000000000000000000000
-85362959359553.1406250000000000000000000000000000000000
-281091157544233.5625000000000000000000000000000000000000
-7858564629724.6943359375000000000000000000000000000000
-395934272095999.1250000000000000000000000000000000000000
-145121759117105.6250000000000000000000000000000000000000
301970713295105.5000000000000000000000000000000000000000
6900969085449.3056640625000000000000000000000000000000
185024482537788.9687500000000000000000000000000000000000
-464342289394038.4375000000000000000000000000000000000000
-187947074504659.0625000000000000000000000000000000000000
291033097782040.1250000000000000000000000000000000000000
300385508043984.2500000000000000000000000000000000000000
-66319193829403.6562500000000000000000000000000000000000
119141730216577.5468750000000000000000000000000000000000
-23315429800419.0156250000000000000000000000000000000000
-229030518405556.0000000000000000000000000000000000000000
342354971926233.8750000000000000000000000000000000000000
-38161630479718.4453125000000000000000000000000000000000
-443472744585331.1250000000000000000000000000000000000000
-237745451654291.5312500000000000000000000000000000000000
-27699124664063.8281250000000000000000000000000000000000
-218052851060040.8437500000000000000000000000000000000000
377597416906767.9375000000000000000000000000000000000000
-371101903915595.9375000000000000000000000000000000000000
273965765415751.3125000000000000000000000000000000000000
-123297709535217.7187500000000000000000000000000000000000
-416891287400199.3750000000000000000000000000000000000000
-346454878331063.9375000000000000000000000000000000000000
-76844962094226.7187500000000000000000000000000000000000
-214481942896474.7812500000000000000000000000000000000000
71645562098057.7968750000000000000000000000000000000000
66164320369073.2890625000000000000000000000000000000000
-126292208559367.9218750000000000000000000000000000000000
482711982837015.5625000000000000000000000000000000000000
-283775656627029.6875000000000000000000000000000000000000
223813563678612.6875000000000000000000000000000000000000
79856970138092.7500000000000000000000000000000000000000
-147504651554547.8125000000000000000000000000000000000000
237527566535562.7812500000000000000000000000000000000000
-68787743114069.9921875000000000000000000000000000000000
107171200129553.1406250000000000000000000000000000000000
13634763317829.4492187500000000000000000000000000000000
-210002189162955.8125000000000000000000000000000000000000
78368550714774.6406250000000000000000000000000000000000
-368038841671492.3750000000000000000000000000000000000000
-322984447044985.8750000000000000000000000000000000000000
68727702610288.4140625000000000000000000000000000000000
51693291485000.0156250000000000000000000000000000000000
225244479922949.4062500000000000000000000000000000000000
33287929669174.9921875000000000000000000000000000000000
605091646792870.7500000000000000000000000000000000000000
261918454492673.5312500000000000000000000000000000000000
528964780914517.5625000000000000000000000000000000000000
-127664642565186.6093750000000000000000000000000000000000
90800377768830.5000000000000000000000000000000000000000
160964127489771.1562500000000000000000000000000000000000
-98391900376020.5625000000000000000000000000000000000000
271085893712609.5312500000000000000000000000000000000000
96728001837531.8437500000000000000000000000000000000000
62852871906102.5156250000000000000000000000000000000000
358048289321093.7500000000000000000000000000000000000000
234427690350354.1875000000000000000000000000000000000000
-477252896632938.4375000000000000000000000000000000000000
-189036578184442.3125000000000000000000000000000000000000
-270113193034036.9062500000000000000000000000000000000000
-101411089333634.5468750000000000000000000000000000000000
99757651638877.1250000000000000000000000000000000000000
-350406965838796.5625000000000000000000000000000000000000
404793865313301.3125000000000000000000000000000000000000
118417593511073.2031250000000000000000000000000000000000
-894587615715454.2500000000000000000000000000000000000000
-175407963201968.2812500000000000000000000000000000000000
522666518737308.6250000000000000000000000000000000000000
-361385846019189.3125000000000000000000000000000000000000
-242944276312492.3750000000000000000000000000000000000000
333240082776633.0000000000000000000000000000000000000000
65963418770704.5468750000000000000000000000000000000000
198602725622012.5312500000000000000000000000000000000000
-29230973382534.9687500000000000000000000000000000000000
243808442453664.0625000000000000000000000000000000000000
-306438520365313.6875000000000000000000000000000000000000
-254382822554348.1875000000000000000000000000000000000000
-324810902306996.0625000000000000000000000000000000000000
161350570404744.9062500000000000000000000000000000000000
-447234158344032.3750000000000000000000000000000000000000
159549392909678.6562500000000000000000000000000000000000
-232315909177382.7187500000000000000000000000000000000000
159325311266386.8125000000000000000000000000000000000000
484908025986376.0625000000000000000000000000000000000000
113204218844873.4375000000000000000000000000000000000000
-710484457052832.1250000000000000000000000000000000000000
-222155422394825.9375000000000000000000000000000000000000
79560981957353.2968750000000000000000000000000000000000
350308179914752.5000000000000000000000000000000000000000
63180737551995.4062500000000000000000000000000000000000
-273504656692721.7812500000000000000000000000000000000000
-178199955932944.4062500000000000000000000000000000000000
508086561790671.1875000000000000000000000000000000000000
-152158347072580.9062500000000000000000000000000000000000
-539509571832392.0000000000000000000000000000000000000000
309484607634049.6250000000000000000000000000000000000000
492960188259644.4375000000000000000000000000000000000000
277382075396294.1562500000000000000000000000000000000000
420611641906615.8750000000000000000000000000000000000000
-30485014697911.4140625000000000000000000000000000000000
-256288920352823.9687500000000000000000000000000000000000
-186733272437497.8750000000000000000000000000000000000000
251712115394374.1562500000000000000000000000000000000000
-104730758389027.7656250000000000000000000000000000000000
243469127906558.3750000000000000000000000000000000000000
257670299866120.2500000000000000000000000000000000000000
126044609090983.6406250000000000000000000000000000000000
-136220306362236.7656250000000000000000000000000000000000
140748854957729.0312500000000000000000000000000000000000
231942612385892.5000000000000000000000000000000000000000
-415308518897791.3125000000000000000000000000000000000000
-24591738002432.5820312500000000000000000000000000000000
-51266338433532.7343750000000000000000000000000000000000
-34109359821271.1562500000000000000000000000000000000000
50776675174669.6171875000000000000000000000000000000000
-414127218759511.9375000000000000000000000000000000000000
57488827811181.9843750000000000000000000000000000000000
-399857402210468.6875000000000000000000000000000000000000
300570409613483.8750000000000000000000000000000000000000
-382681831491439.5000000000000000000000000000000000000000
311240069159841.2500000000000000000000000000000000000000
-313082714461169.1250000000000000000000000000000000000000
136785509367550.7812500000000000000000000000000000000000
-63595854517772.8828125000000000000000000000000000000000
-678121096971121.0000000000000000000000000000000000000000
-63193515450239.0781250000000000000000000000000000000000
766915350413857.5000000000000000000000000000000000000000
103133995818502.3593750000000000000000000000000000000000
-398225714241348.5625000000000000000000000000000000000000
-67908268826459.0312500000000000000000000000000000000000
497887390198625.8125000000000000000000000000000000000000
139144481079478.0000000000000000000000000000000000000000
567752081251534.6250000000000000000000000000000000000000
4160810368469.2578125000000000000000000000000000000000
-120522117656464.1250000000000000000000000000000000000000
-557497595712244.7500000000000000000000000000000000000000
61164353129136.7265625000000000000000000000000000000000
