-9.8311789596889873621421429561451077461243
2636.7844890041028520499821752309799194335938
-257033.3950163753761444240808486938476562500000
12311134.0285506173968315124511718750000000000000
-345340687.4200162887573242187500000000000000000000
6289028069.7645902633666992187500000000000000000000
-79250296603.7495880126953125000000000000000000000000
719425034809.1812744140625000000000000000000000000000
-4820632510554.7792968750000000000000000000000000000000
24124737834177.0703125000000000000000000000000000000000
-90133050575506.3750000000000000000000000000000000000000
247493710090190.2500000000000000000000000000000000000000
-479195222440590.5625000000000000000000000000000000000000
590223130191247.5000000000000000000000000000000000000000
-320962574690246.8125000000000000000000000000000000000000
-134265196375061.2968750000000000000000000000000000000000
22907980186583.9453125000000000000000000000000000000000
704537602617726.1250000000000000000000000000000000000000
-725187020164127.3750000000000000000000000000000000000000
-242808300399301.8750000000000000000000000000000000000000
352972541384606.6875000000000000000000000000000000000000
290001949080142.1250000000000000000000000000000000000000
382042294092281.3125000000000000000000000000000000000000
-717977237600546.5000000000000000000000000000000000000000
-832148134074278.6250000000000000000000000000000000000000
908736956076918.1250000000000000000000000000000000000000
162454257823578.0625000000000000000000000000000000000000
484429702377885.8125000000000000000000000000000000000000
-296435882161477.4375000000000000000000000000000000000000
-415224679831340.1875000000000000000000000000000000000000
-373180353964658.7500000000000000000000000000000000000000
499026933910572.4375000000000000000000000000000000000000
-717674811295758.0000000000000000000000000000000000000000
122075491364170.5781250000000000000000000000000000000000
1212649689279524.5000000000000000000000000000000000000000
-156816837404001.2812500000000000000000000000000000000000
564092966963609.8750000000000000000000000000000000000000
-708290369261377.1250000000000000000000000000000000000000
-352866628491065.5000000000000000000000000000000000000000
-612169061511406.3750000000000000000000000000000000000000
-975510176181396.0000000000000000000000000000000000000000
92627933754056.4687500000000000000000000000000000000000
1458725182310340.0000000000000000000000000000000000000000
717081662474473.0000000000000000000000000000000000000000
623689538949887.5000000000000000000000000000000000000000
84656237228276.8593750000000000000000000000000000000000
54283510419957.5078125000000000000000000000000000000000
-1034661225421868.8750000000000000000000000000000000000000
-695860055758512.8750000000000000000000000000000000000000
-1277465718556152.0000000000000000000000000000000000000000
213569711215031.0312500000000000000000000000000000000000
-114353569155968.1093750000000000000000000000000000000000
417840411451963.8125000000000000000000000000000000000000
708547744590982.1250000000000000000000000000000000000000
715936422682535.5000000000000000000000000000000000000000
848240147432516.6250000000000000000000000000000000000000
-325740513838898.0000000000000000000000000000000000000000
213182593553970.2500000000000000000000000000000000000000
130997787576485.6093750000000000000000000000000000000000
-155600424109904.5937500000000000000000000000000000000000
-46372555064546.2109375000000000000000000000000000000000
-395790670477082.2500000000000000000000000000000000000000
-1405803495327598.5000000000000000000000000000000000000000
-687047194164963.8750000000000000000000000000000000000000
-967800100631613.0000000000000000000000000000000000000000
96348156474343.3437500000000000000000000000000000000000
769909916960562.5000000000000000000000000000000000000000
375975040848084.7500000000000000000000000000000000000000
635007823480744.0000000000000000000000000000000000000000
1674470189178061.5000000000000000000000000000000000000000
145648743992860.0625000000000000000000000000000000000000
-92534009221924.9687500000000000000000000000000000000000
918252179058143.7500000000000000000000000000000000000000
-193106428994785.9062500000000000000000000000000000000000
-615391247994349.5000000000000000000000000000000000000000
691056218702656.7500000000000000000000000000000000000000
-715791254453398.3750000000000000000000000000000000000000
-1044973030350795.8750000000000000000000000000000000000000
-879909204953322.5000000000000000000000000000000000000000
-341867019966881.8750000000000000000000000000000000000000
-1207555679709684.5000000000000000000000000000000000000000
-176980679670314.1562500000000000000000000000000000000000
-1242317804744849.2500000000000000000000000000000000000000
1279415379648900.7500000000000000000000000000000000000000
631231372510167.8750000000000000000000000000000000000000
844542016727221.1250000000000000000000000000000000000000
1504517668454883.0000000000000000000000000000000000000000
481509464388511.3750000000000000000000000000000000000000
-63414628169229.3281250000000000000000000000000000000000
783411121621081.5000000000000000000000000000000000000000
383270370088258.6875000000000000000000000000000000000000
-167875860599572.4062500000000000000000000000000000000000
316623804390978.6250000000000000000000000000000000000000
-1045038845616646.6250000000000000000000000000000000000000
-1028667976785642.6250000000000000000000000000000000000000
372662539245715.5625000000000000000000000000000000000000
-1005103282413646.8750000000000000000000000000000000000000
483739535717626.1875000000000000000000000000000000000000
89273276944206.3906250000000000000000000000000000000000
-899931925554555.6250000000000000000000000000000000000000
43899356349970.6171875000000000000000000000000000000000
-195905650020914.0937500000000000000000000000000000000000
-5974605855255.1767578125000000000000000000000000000000
-235215575822356.0312500000000000000000000000000000000000
-865592205179574.1250000000000000000000000000000000000000
-536821602211802.3750000000000000000000000000000000000000
8356314784347.8964843750000000000000000000000000000000
690779994177764.6250000000000000000000000000000000000000
192816093113659.0625000000000000000000000000000000000000
725471759510505.5000000000000000000000000000000000000000
-143613332624193.6562500000000000000000000000000000000000
1435886282315536.5000000000000000000000000000000000000000
1545644465725467.7500000000000000000000000000000000000000
1300874816937500.2500000000000000000000000000000000000000
-1232887869604125.0000000000000000000000000000000000000000
-860308796654186.3750000000000000000000000000000000000000
360708657356033.7500000000000000000000000000000000000000
989215699202934.5000000000000000000000000000000000000000
-138900488411739.1718750000000000000000000000000000000000
82624894857853.8437500000000000000000000000000000000000
-1015438378367684.6250000000000000000000000000000000000000
-1188794308331003.5000000000000000000000000000000000000000
16438757216603.5898437500000000000000000000000000000000
-607489310730244.6250000000000000000000000000000000000000
-503554427791580.0625000000000000000000000000000000000000
432484717333335.6875000000000000000000000000000000000000
-2306852623399697.0000000000000000000000000000000000000000
89610961549663.1875000000000000000000000000000000000000
-1166392578467139.7500000000000000000000000000000000000000
2446128286809777.0000000000000000000000000000000000000000
865392300523320.8750000000000000000000000000000000000000
-592042662531516.3750000000000000000000000000000000000000
135497168574352.1718750000000000000000000000000000000000
-432361588427152.1250000000000000000000000000000000000000
300878030300673.0625000000000000000000000000000000000000
614848560103326.5000000000000000000000000000000000000000
-1187647680985906.2500000000000000000000000000000000000000
1081609045035302.1250000000000000000000000000000000000000
1141603095702010.0000000000000000000000000000000000000000
312842030411711.7500000000000000000000000000000000000000
-1330416615361128.7500000000000000000000000000000000000000
1399791681613602.0000000000000000000000000000000000000000
159530376701790.1875000000000000000000000000000000000000
-264644314118607.4375000000000000000000000000000000000000
803420700477637.6250000000000000000000000000000000000000
219488678864883.7187500000000000000000000000000000000000
-220597240695614.4375000000000000000000000000000000000000
-332987408172771.9375000000000000000000000000000000000000
452299569009940.6250000000000000000000000000000000000000
1386370245913716.7500000000000000000000000000000000000000
-859609855007493.7500000000000000000000000000000000000000
-341311489272307.0625000000000000000000000000000000000000
-1314008181360008.5000000000000000000000000000000000000000
149561014728935.5625000000000000000000000000000000000000
-1263610415752734.2500000000000000000000000000000000000000
-768232049147282.0000000000000000000000000000000000000000
-313811942553159.9375000000000000000000000000000000000000
-1689933284278934.2500000000000000000000000000000000000000
603942576152935.2500000000000000000000000000000000000000
258828059847763.9687500000000000000000000000000000000000
-117875718117626.0468750000000000000000000000000000000000
1388042377003012.2500000000000000000000000000000000000000
249964331217439.6250000000000000000000000000000000000000
636766965225715.8750000000000000000000000000000000000000
-364585973580105.0000000000000000000000000000000000000000
-103121278511199.2656250000000000000000000000000000000000
-1054127663336145.7500000000000000000000000000000000000000
-402087908502894.8750000000000000000000000000000000000000
1946485608804911.5000000000000000000000000000000000000000
-707250444075403.2500000000000000000000000000000000000000
-204912247674546.5625000000000000000000000000000000000000
338559819343612.5625000000000000000000000000000000000000
214720284162174.1875000000000000000000000000000000000000
2088244277782787.5000000000000000000000000000000000000000
-235055677121965.1250000000000000000000000000000000000000
-134944505928220.3593750000000000000000000000000000000000
-878382127019888.2500000000000000000000000000000000000000
1327448056071927.0000000000000000000000000000000000000000
-670994766259247.0000000000000000000000000000000000000000
414009632699766.5000000000000000000000000000000000000000
123314174534248.1562500000000000000000000000000000000000
229252496077459.6250000000000000000000000000000000000000
176770719174253.0000000000000000000000000000000000000000
1166150606999672.2500000000000000000000000000000000000000
-450474385461395.6250000000000000000000000000000000000000
-1932213336435921.0000000000000000000000000000000000000000
289935910037515.8125000000000000000000000000000000000000
858635687511267.7500000000000000000000000000000000000000
-187779231141751.4062500000000000000000000000000000000000
-2339168951825680.5000000000000000000000000000000000000000
326235581850037.5000000000000000000000000000000000000000
-925579120992711.1250000000000000000000000000000000000000
296615187573072.3125000000000000000000000000000000000000
-209507773768135.3125000000000000000000000000000000000000
-1064471998291585.8750000000000000000000000000000000000000
380243948851814.1250000000000000000000000000000000000000
2184526145193318.2500000000000000000000000000000000000000
-653610137415216.0000000000000000000000000000000000000000
-2373391763637773.5000000000000000000000000000000000000000
-454236892186473.8125000000000000000000000000000000000000
-932344931956784.6250000000000000000000000000000000000000
-984758494443196.8750000000000000000000000000000000000000
1147348841751008.0000000000000000000000000000000000000000
1015170151517124.3750000000000000000000000000000000000000
1524549851447638.7500000000000000000000000000000000000000
2191738832529279.2500000000000000000000000000000000000000
245562238476706.5937500000000000000000000000000000000000
1037049583419862.1250000000000000000000000000000000000000
-491718507364925.6250000000000000000000000000000000000000
1099656699302354.0000000000000000000000000000000000000000
-1021568930324555.3750000000000000000000000000000000000000
1151688390381047.0000000000000000000000000000000000000000
947885886255989.7500000000000000000000000000000000000000
-949202974674138.3750000000000000000000000000000000000000
-1325028671663399.2500000000000000000000000000000000000000
-1453047073653825.5000000000000000000000000000000000000000
607663398058338.2500000000000000000000000000000000000000
2440591851086857.0000000000000000000000000000000000000000
-1560247710397230.5000000000000000000000000000000000000000
-1907539501141209.5000000000000000000000000000000000000000
4513025218796.0166015625000000000000000000000000000000
-285789944647097.4375000000000000000000000000000000000000
-311894192033182.5000000000000000000000000000000000000000
1132743328423764.7500000000000000000000000000000000000000
-1097257863479189.8750000000000000000000000000000000000000
-845352966025209.7500000000000000000000000000000000000000
-1137517123410406.2500000000000000000000000000000000000000
2421630241252858.0000000000000000000000000000000000000000
414884950717769.2500000000000000000000000000000000000000
552005613481149.1875000000000000000000000000000000000000
1362362761118733.0000000000000000000000000000000000000000
767941627835581.3750000000000000000000000000000000000000
-642146997870558.1250000000000000000000000000000000000000
-1027499526949833.0000000000000000000000000000000000000000
-970792578177434.2500000000000000000000000000000000000000
92552124073905.7500000000000000000000000000000000000000
-1161447477094014.5000000000000000000000000000000000000000
-84424354150894.7187500000000000000000000000000000000000
219123277644807.4062500000000000000000000000000000000000
-1600260110111300.2500000000000000000000000000000000000000
-761050483554088.2500000000000000000000000000000000000000
-446712681107751.8750000000000000000000000000000000000000
1347328016058623.2500000000000000000000000000000000000000
30355217489039.5117187500000000000000000000000000000000
1438070484109506.7500000000000000000000000000000000000000
-633164410463689.7500000000000000000000000000000000000000
1806396789801777.2500000000000000000000000000000000000000
-939739000091321.0000000000000000000000000000000000000000
1909164353080054.2500000000000000000000000000000000000000
-202219947722262.2812500000000000000000000000000000000000
1209035810025835.5000000000000000000000000000000000000000
-247349129563968.4062500000000000000000000000000000000000
1618768739172546.2500000000000000000000000000000000000000
-725374715697784.3750000000000000000000000000000000000000
-475198730632543.6250000000000000000000000000000000000000
-287207418598028.3125000000000000000000000000000000000000
-1600906640546361.7500000000000000000000000000000000000000
-316341232157655.0625000000000000000000000000000000000000
596069155321864.7500000000000000000000000000000000000000
-436799802917658.6250000000000000000000000000000000000000
-234274531302193.6250000000000000000000000000000000000000
-550797408491661.7500000000000000000000000000000000000000
507733060523539.9375000000000000000000000000000000000000
794021988325846.3750000000000000000000000000000000000000
-418338490971658.8125000000000000000000000000000000000000
-1089880975594804.1250000000000000000000000000000000000000
867663392256207.3750000000000000000000000000000000000000
-1653410466815408.0000000000000000000000000000000000000000
1455745688843523.0000000000000000000000000000000000000000
-515860064198964.0000000000000000000000000000000000000000
286562912352004.4375000000000000000000000000000000000000
-564828618167084.7500000000000000000000000000000000000000
-688027640431643.1250000000000000000000000000000000000000
-919205543612394.2500000000000000000000000000000000000000
852793584469254.8750000000000000000000000000000000000000
481186090959716.5625000000000000000000000000000000000000
873448653902483.2500000000000000000000000000000000000000
-1064328230046148.0000000000000000000000000000000000000000
457014058226180.0000000000000000000000000000000000000000
54239735299179.8906250000000000000000000000000000000000
-363757735587937.9375000000000000000000000000000000000000
206682038060713.5312500000000000000000000000000000000000
2929736464031528.0000000000000000000000000000000000000000
92923646124147.3281250000000000000000000000000000000000
-496080685405473.4375000000000000000000000000000000000000
-1193140083836709.2500000000000000000000000000000000000000
-511350232856640.1875000000000000000000000000000000000000
608103765483179.1250000000000000000000000000000000000000
2173678879087768.5000000000000000000000000000000000000000
-1407637304217612.5000000000000000000000000000000000000000
346282424307027.3125000000000000000000000000000000000000
-643299324325744.1250000000000000000000000000000000000000
-929336337540200.5000000000000000000000000000000000000000
491331733225518.0625000000000000000000000000000000000000
-441624364254679.4375000000000000000000000000000000000000
-862316738584137.0000000000000000000000000000000000000000
-788448595427319.6250000000000000000000000000000000000000
-585833367422971.8750000000000000000000000000000000000000
1196597978785151.7500000000000000000000000000000000000000
-161749707241468.7500000000000000000000000000000000000000
1288154475613543.7500000000000000000000000000000000000000
-789860743524286.7500000000000000000000000000000000000000
-264696888675342.4687500000000000000000000000000000000000
322374407203496.1250000000000000000000000000000000000000
843324556678522.7500000000000000000000000000000000000000
777795699320002.3750000000000000000000000000000000000000
-1140703202235174.5000000000000000000000000000000000000000
-90304470383151.6093750000000000000000000000000000000000
887577748071536.2500000000000000000000000000000000000000
1140365982705905.0000000000000000000000000000000000000000
-2251053605692377.0000000000000000000000000000000000000000
554526270206822.7500000000000000000000000000000000000000
-417701223117190.2500000000000000000000000000000000000000
-258406970253376.0312500000000000000000000000000000000000
275489315721352.4375000000000000000000000000000000000000
214875059911813.9062500000000000000000000000000000000000
