0.1802774532318499045580040274217026308179
24.9326781984622591892275522695854306221008
-1784.3096489508800459589110687375068664550781
33450.1875539547691005282104015350341796875000
-270238.6933888732455670833587646484375000000000
1025188.9695827557006850838661193847656250000000
-1426060.7634834719356149435043334960937500000000
-1471262.2671892517246305942535400390625000000000
5350711.3722958499565720558166503906250000000000
-817755.0722499594558030366897583007812500000000
-1353278.8951788926497101783752441406250000000000
-15713591.4827118162065744400024414062500000000000
18602477.8655161708593368530273437500000000000000
-1510902.2484875973314046859741210937500000000000
6102352.3415740327909588813781738281250000000000
-2237441.5932391784153878688812255859375000000000
11716803.5035555921494960784912109375000000000000
-26940907.3248852603137493133544921875000000000000
-36085569.1305450648069381713867187500000000000000
21163745.2223496809601783752441406250000000000000
21084298.7460848018527030944824218750000000000000
31639756.8313740231096744537353515625000000000000
9122448.9729079883545637130737304687500000000000
-5209681.8524858253076672554016113281250000000000
-27881831.8712396733462810516357421875000000000000
-35789367.8856373578310012817382812500000000000000
73420535.5206212252378463745117187500000000000000
-70229319.8169370591640472412109375000000000000000
19386349.6847957260906696319580078125000000000000
-24347086.2643735520541667938232421875000000000000
-33342190.7694185040891170501708984375000000000000
31976829.9290493614971637725830078125000000000000
-915997.0033907551551237702369689941406250000000
56101332.8462582230567932128906250000000000000000
34714238.4949681684374809265136718750000000000000
547424.5483080615522339940071105957031250000000
-61374294.6147304549813270568847656250000000000000
26395725.0372225865721702575683593750000000000000
30772598.9580884166061878204345703125000000000000
39330933.9809318929910659790039062500000000000000
-61873227.5572983995079994201660156250000000000000
-59034843.0447915494441986083984375000000000000000
35975786.8133582845330238342285156250000000000000
-35253062.7283922806382179260253906250000000000000
-276538.1383374417782761156558990478515625000000
-37884192.8868551775813102722167968750000000000000
16529646.3346301876008510589599609375000000000000
-18743753.8323592282831668853759765625000000000000
29406682.8154488354921340942382812500000000000000
-7284817.7699584709480404853820800781250000000000
33328581.1495520807802677154541015625000000000000
-8893950.4926224537193775177001953125000000000000
31845433.5056654177606105804443359375000000000000
-49668090.0312858596444129943847656250000000000000
63201596.4751333817839622497558593750000000000000
35472987.0121689513325691223144531250000000000000
-27308215.5723194740712642669677734375000000000000
-26596199.4699580408632755279541015625000000000000
26268565.1708356142044067382812500000000000000000
107548680.5385135114192962646484375000000000000000
-52120774.8979300633072853088378906250000000000000
-84556505.1169768273830413818359375000000000000000
34449020.1734089106321334838867187500000000000000
-45784508.7735028713941574096679687500000000000000
-84230884.8615453839302062988281250000000000000000
120334320.1581282466650009155273437500000000000000
81608206.3374096453189849853515625000000000000000
-5955862.9687891192734241485595703125000000000000
-157255100.7657486796379089355468750000000000000000
191070606.0755972266197204589843750000000000000000
-105957195.0805592536926269531250000000000000000000
93485260.5483644902706146240234375000000000000000
-89900070.5852366536855697631835937500000000000000
-146429984.7745231091976165771484375000000000000000
-48111748.2151570022106170654296875000000000000000
69520141.8035249710083007812500000000000000000000
-18093286.7349126487970352172851562500000000000000
-27839944.3041382730007171630859375000000000000000
-92710588.6344611346721649169921875000000000000000
12856989.5579752251505851745605468750000000000000
23141066.0329976379871368408203125000000000000000
-60169756.4549525305628776550292968750000000000000
222532431.2326595187187194824218750000000000000000
-1506315.6784016699530184268951416015625000000000
97011123.9902720004320144653320312500000000000000
8653994.2410724293440580368041992187500000000000
191946736.1380684971809387207031250000000000000000
-59483444.1439917981624603271484375000000000000000
-31121491.5588415786623954772949218750000000000000
-23500263.5794988125562667846679687500000000000000
-104844138.6862242221832275390625000000000000000000
-128443735.4888534247875213623046875000000000000000
236645800.2991266846656799316406250000000000000000
11265417.8194188512861728668212890625000000000000
3199324.9058368965052068233489990234375000000000
-259170701.4042365849018096923828125000000000000000
26618107.1221188157796859741210937500000000000000
-60879480.9425527602434158325195312500000000000000
96150671.9302442371845245361328125000000000000000
48681189.7406882718205451965332031250000000000000
24764323.8106916621327400207519531250000000000000
3580601.1397807123139500617980957031250000000000
-72902351.8280015140771865844726562500000000000000
128893858.1908557265996932983398437500000000000000
98366852.5805505365133285522460937500000000000000
69323817.9562514722347259521484375000000000000000
-67465670.9558904618024826049804687500000000000000
-56670095.6548113375902175903320312500000000000000
-98104609.6421544402837753295898437500000000000000
27107122.6929125376045703887939453125000000000000
-76344053.1029781997203826904296875000000000000000
-208553090.3380362689495086669921875000000000000000
15569956.1185583826154470443725585937500000000000
63799671.7770206332206726074218750000000000000000
-15047193.4302694164216518402099609375000000000000
44518862.6416058018803596496582031250000000000000
798758.3999152450123801827430725097656250000000
-80311506.6221895962953567504882812500000000000000
-14577245.4647102728486061096191406250000000000000
-42723631.6551566049456596374511718750000000000000
147844936.8434261381626129150390625000000000000000
183850046.6018132567405700683593750000000000000000
-128684559.2045105397701263427734375000000000000000
67806169.6470527499914169311523437500000000000000
-61213797.8279748931527137756347656250000000000000
-128230334.5264961123466491699218750000000000000000
-29576833.2574022486805915832519531250000000000000
-4722038.7980548245832324028015136718750000000000
-83422759.4704855531454086303710937500000000000000
-4337243.4912330135703086853027343750000000000000
182225275.5234015285968780517578125000000000000000
-28604146.4864290021359920501708984375000000000000
20837648.8459260091185569763183593750000000000000
52618468.7356765568256378173828125000000000000000
-54351067.8725026398897171020507812500000000000000
43121326.8844061568379402160644531250000000000000
68802772.4927684813737869262695312500000000000000
-102752699.6164185702800750732421875000000000000000
148962215.3306539058685302734375000000000000000000
197125761.6293950080871582031250000000000000000000
130218602.5141332745552062988281250000000000000000
-77855159.7472815662622451782226562500000000000000
106169220.3242369443178176879882812500000000000000
-5327481.3477137349545955657958984375000000000000
-101492056.3898643553256988525390625000000000000000
-4274811.8024112824350595474243164062500000000000
170780186.9522278308868408203125000000000000000000
-156842290.3355428278446197509765625000000000000000
-110579310.8182708621025085449218750000000000000000
-26660026.0141190662980079650878906250000000000000
-83118942.1088787913322448730468750000000000000000
-4797942.4941378654912114143371582031250000000000
102712953.2115780115127563476562500000000000000000
215704882.1047020852565765380859375000000000000000
-174490807.9293912649154663085937500000000000000000
-136839524.2879832088947296142578125000000000000000
-106205133.4163469523191452026367187500000000000000
-6575457.6979530462995171546936035156250000000000
19375513.5731463953852653503417968750000000000000
-219287231.6078800559043884277343750000000000000000
-176474745.2935360670089721679687500000000000000000
-63310212.8119331076741218566894531250000000000000
61147005.2957979440689086914062500000000000000000
-94741768.0103393495082855224609375000000000000000
162513376.3667604923248291015625000000000000000000
58520929.3328308984637260437011718750000000000000
107935694.5794839859008789062500000000000000000000
60316921.8957655355334281921386718750000000000000
84050232.6552387923002243041992187500000000000000
-163845740.4784764349460601806640625000000000000000
139666340.1713354289531707763671875000000000000000
-90114278.2788333445787429809570312500000000000000
154013469.5860055387020111083984375000000000000000
-137709149.3446565270423889160156250000000000000000
133699909.1153161972761154174804687500000000000000
-55274732.1083597242832183837890625000000000000000
-197877155.0261442065238952636718750000000000000000
32084926.1898930333554744720458984375000000000000
-12165687.4633358120918273925781250000000000000000
126050811.9267643839120864868164062500000000000000
119511476.9340976476669311523437500000000000000000
44663799.8839098066091537475585937500000000000000
118857560.5971938520669937133789062500000000000000
-44876373.0157435312867164611816406250000000000000
1647314.7442422939930111169815063476562500000000
-108669957.2021667808294296264648437500000000000000
-24468565.7680997215211391448974609375000000000000
69543409.8594643473625183105468750000000000000000
-190894730.3798867464065551757812500000000000000000
127038270.4433898329734802246093750000000000000000
-27878138.0410098135471343994140625000000000000000
-25568751.6702454164624214172363281250000000000000
-137627888.8400691151618957519531250000000000000000
150430018.7434396445751190185546875000000000000000
28286042.6312787756323814392089843750000000000000
144787517.2588718831539154052734375000000000000000
-198967814.0231176018714904785156250000000000000000
-27901633.8181040845811367034912109375000000000000
47589206.8278677687048912048339843750000000000000
14917694.4543835297226905822753906250000000000000
-69484507.7383433580398559570312500000000000000000
266025710.1526096165180206298828125000000000000000
275075228.4192975759506225585937500000000000000000
-256475541.1633784472942352294921875000000000000000
11508991.0843613557517528533935546875000000000000
-105344839.1804206073284149169921875000000000000000
-21973492.4335667714476585388183593750000000000000
133161196.1617930084466934204101562500000000000000
-37239603.5449337437748908996582031250000000000000
-82930993.7804376333951950073242187500000000000000
250679049.6740833818912506103515625000000000000000
219757944.4348634481430053710937500000000000000000
-175216292.0491712391376495361328125000000000000000
-303568966.0750429034233093261718750000000000000000
54571751.6085151880979537963867187500000000000000
-201314316.9140440523624420166015625000000000000000
-43178968.6294576004147529602050781250000000000000
49169176.0720040276646614074707031250000000000000
-129532311.0688243508338928222656250000000000000000
26784025.0625380165874958038330078125000000000000
143549127.4220677018165588378906250000000000000000
-173255573.4851714670658111572265625000000000000000
-279533196.8569156527519226074218750000000000000000
2969339.9820150230079889297485351562500000000000
115378141.1126679778099060058593750000000000000000
-79650563.4908806830644607543945312500000000000000
155699964.8018929362297058105468750000000000000000
-13672322.0483045075088739395141601562500000000000
-2952130.0553229823708534240722656250000000000000
40092505.5592711418867111206054687500000000000000
119861365.6068174988031387329101562500000000000000
19662355.5692523419857025146484375000000000000000
25456280.7558301500976085662841796875000000000000
-40798706.2330468371510505676269531250000000000000
-20196591.9707902930676937103271484375000000000000
11596568.9920922312885522842407226562500000000000
165058799.0347804129123687744140625000000000000000
226586389.5860510766506195068359375000000000000000
116363213.2206607162952423095703125000000000000000
27576866.3101040981709957122802734375000000000000
-99991351.6585919260978698730468750000000000000000
-61459774.6528110429644584655761718750000000000000
-23665060.4537306688725948333740234375000000000000
-128493620.5685560852289199829101562500000000000000
-86675273.2376203685998916625976562500000000000000
48973226.0711124911904335021972656250000000000000
-102603116.1814644485712051391601562500000000000000
190630195.0764812827110290527343750000000000000000
67221758.1480250805616378784179687500000000000000
-92044432.1976965367794036865234375000000000000000
-64078549.3541811406612396240234375000000000000000
130535655.4204877912998199462890625000000000000000
-23960963.7440852150321006774902343750000000000000
-320402835.0753925442695617675781250000000000000000
23179310.2329384200274944305419921875000000000000
19481665.0385433770716190338134765625000000000000
-73122252.7495875954627990722656250000000000000000
149963881.0577952861785888671875000000000000000000
-10321288.6793631911277770996093750000000000000000
107232873.8913079202175140380859375000000000000000
-79464382.2839598804712295532226562500000000000000
-50753154.1980787441134452819824218750000000000000
48131411.9455931261181831359863281250000000000000
-56691001.4273245781660079956054687500000000000000
55108689.4773307144641876220703125000000000000000
-127265768.3216979205608367919921875000000000000000
197895235.4061455726623535156250000000000000000000
-93027737.9726748615503311157226562500000000000000
-112986053.6602778136730194091796875000000000000000
-24088976.5023041144013404846191406250000000000000
51212797.3518176674842834472656250000000000000000
-119257445.4527034163475036621093750000000000000000
145475029.6389206051826477050781250000000000000000
107178188.5663038939237594604492187500000000000000
114254569.8993606418371200561523437500000000000000
-22016980.5216611623764038085937500000000000000000
96063158.0992208868265151977539062500000000000000
-162360017.8024776577949523925781250000000000000000
-185155971.3587149679660797119140625000000000000000
95413445.9049983173608779907226562500000000000000
78331111.9534189552068710327148437500000000000000
179545652.4177007377147674560546875000000000000000
-209686534.3105009496212005615234375000000000000000
81326668.6820421516895294189453125000000000000000
254657247.6712579727172851562500000000000000000000
-234704959.8654431700706481933593750000000000000000
8516684.0781936440616846084594726562500000000000
80582858.4628055393695831298828125000000000000000
-118265033.2308314591646194458007812500000000000000
-29604691.4873767904937267303466796875000000000000
-156280562.8077976405620574951171875000000000000000
78272310.4745418876409530639648437500000000000000
-127670680.3759141117334365844726562500000000000000
-69542992.1020680814981460571289062500000000000000
178361467.9876927733421325683593750000000000000000
-145678252.3020675480365753173828125000000000000000
115525303.6383112519979476928710937500000000000000
48770168.7479384019970893859863281250000000000000
48109707.8139963224530220031738281250000000000000
-102888144.2327228337526321411132812500000000000000
262302180.5142427384853363037109375000000000000000
-31870244.2991905473172664642333984375000000000000
-68160423.8480044603347778320312500000000000000000
115306516.2953411191701889038085937500000000000000
-47519904.6081693768501281738281250000000000000000
-92269682.9995777159929275512695312500000000000000
75773656.1075573265552520751953125000000000000000
127955837.2619431316852569580078125000000000000000
-252667944.7187246382236480712890625000000000000000
101089992.9875002950429916381835937500000000000000
-200293635.3750064074993133544921875000000000000000
54777066.6454937011003494262695312500000000000000
-164769399.8353422284126281738281250000000000000000
127961825.2648298740386962890625000000000000000000
91143817.4364458322525024414062500000000000000000
4955189.8021260388195514678955078125000000000000
