0.5550856641271066926890398463001474738121
-47.1031025284717586032456893008202314376831
1052.4694903108513699407922104001045227050781
-9634.5395886917012830963358283042907714843750
36664.2781568763239192776381969451904296875000
-1662.0902575005402468377724289894104003906250
-445793.6602389939944259822368621826171875000000
1398122.9312447293195873498916625976562500000000
-1303683.5885312175378203392028808593750000000000
-1274630.8281933492980897426605224609375000000000
2941235.7968827839940786361694335937500000000000
-505957.5909818062209524214267730712890625000000
-803603.3778861886821687221527099609375000000000
-678201.2666343497112393379211425781250000000000
-955868.7780463587259873747825622558593750000000
1306167.6470107710920274257659912109375000000000
2119130.2826844835653901100158691406250000000000
85842.9934328033996280282735824584960937500000
-3674705.4056461034342646598815917968750000000000
198912.0924645009799860417842864990234375000000
2232069.9370350958779454231262207031250000000000
1046837.8075659712776541709899902343750000000000
-1299046.5550672924146056175231933593750000000000
45120.3263401994190644472837448120117187500000
-1684463.2261555029544979333877563476562500000000
-1974522.5769249105360358953475952148437500000000
1734569.0219817752949893474578857421875000000000
2931942.4424074054695665836334228515625000000000
65328.1703412222195765934884548187255859375000
290364.6147206021705642342567443847656250000000
-3727381.8839902481995522975921630859375000000000
1497283.8781260962132364511489868164062500000000
1884221.9658018634654581546783447265625000000000
155424.3668327681079972535371780395507812500000
-730491.3229460575385019183158874511718750000000
1044040.4747613773215562105178833007812500000000
566666.6353272171691060066223144531250000000000
-2236896.7745235329493880271911621093750000000000
-190829.0570352029171772301197052001953125000000
-1398172.7187368669547140598297119140625000000000
-2114020.3302893806248903274536132812500000000000
426055.4233955625677481293678283691406250000000
-325830.5553704089252278208732604980468750000000
-2451431.2557292804121971130371093750000000000000
-2497517.4303993186913430690765380859375000000000
641093.2415532908635213971138000488281250000000
294829.1354147198144346475601196289062500000000
14262006.7740827631205320358276367187500000000000
1065191.3968986461404711008071899414062500000000
-1282065.9935463243164122104644775390625000000000
760218.7697408109670504927635192871093750000000
1584597.4842245678883045911788940429687500000000
525150.8406491327332332730293273925781250000000
2432779.4902114518918097019195556640625000000000
3289440.4324634457007050514221191406250000000000
426704.6187736589927226305007934570312500000000
-8760414.6109067741781473159790039062500000000000
-13284349.5092919245362281799316406250000000000000
3152545.1940563810057938098907470703125000000000
-8127205.0869126599282026290893554687500000000000
5782409.2927913814783096313476562500000000000000
-10738348.8883361835032701492309570312500000000000
-26505270.0317847244441509246826171875000000000000
16234890.3671815544366836547851562500000000000000
-5563907.6373271280899643898010253906250000000000
14337550.7056289017200469970703125000000000000000
20463055.0857460908591747283935546875000000000000
-14701207.2636216562241315841674804687500000000000
25166161.0831166915595531463623046875000000000000
6763813.6226592445746064186096191406250000000000
-4433437.4372912375256419181823730468750000000000
-13838050.3257342092692852020263671875000000000000
16686404.4361010063439607620239257812500000000000
12655318.9187009967863559722900390625000000000000
-12219794.6678712796419858932495117187500000000000
15554408.9682914931327104568481445312500000000000
-9681813.0481966529041528701782226562500000000000
6201382.9850175399333238601684570312500000000000
-20865488.5377319753170013427734375000000000000000
-18573027.9001063555479049682617187500000000000000
-8553218.4829513803124427795410156250000000000000
6148750.7892970247194170951843261718750000000000
16039216.3983030132949352264404296875000000000000
-12233021.7841909285634756088256835937500000000000
-35676636.1776595935225486755371093750000000000000
27980236.9284831620752811431884765625000000000000
10093684.1996426843106746673583984375000000000000
-931017.8118942937580868601799011230468750000000
-31288692.9534221403300762176513671875000000000000
7042128.3918792931362986564636230468750000000000
-26852377.9684118479490280151367187500000000000000
40235717.6102482974529266357421875000000000000000
15335152.3835911825299263000488281250000000000000
11283495.0383072067052125930786132812500000000000
4955119.5640762150287628173828125000000000000000
37260804.2864385619759559631347656250000000000000
-9242444.5331867504864931106567382812500000000000
-17921700.4461047612130641937255859375000000000000
-14439631.9219125676900148391723632812500000000000
33059580.6786320805549621582031250000000000000000
-12726624.3397068660706281661987304687500000000000
21261923.1842765025794506072998046875000000000000
-5635311.0168806714937090873718261718750000000000
-21519198.8272271901369094848632812500000000000000
-19686424.0740709900856018066406250000000000000000
-13105325.8026285432279109954833984375000000000000
-1379547.7606233153492212295532226562500000000000
-44462485.4776216298341751098632812500000000000000
2578781.1472985227592289447784423828125000000000
-15240234.8582627307623624801635742187500000000000
29161918.5075610354542732238769531250000000000000
-29290890.0024088360369205474853515625000000000000
22621071.2467464245855808258056640625000000000000
-20198131.1610309146344661712646484375000000000000
26204496.3091952241957187652587890625000000000000
4311636.1412386745214462280273437500000000000000
9427673.6602067388594150543212890625000000000000
13329674.8009426556527614593505859375000000000000
24771935.6061163023114204406738281250000000000000
5780357.5414495924487709999084472656250000000000
-5063443.5474482662975788116455078125000000000000
18591712.7034480944275856018066406250000000000000
-35360331.2834509387612342834472656250000000000000
-6678276.4134016856551170349121093750000000000000
24959113.8705807887017726898193359375000000000000
9058447.7662623580545186996459960937500000000000
23414628.6747959703207015991210937500000000000000
-24553501.8856608569622039794921875000000000000000
21895101.0214460752904415130615234375000000000000
9209733.0902587790042161941528320312500000000000
-10479443.4460655357688665390014648437500000000000
25194557.9623029902577400207519531250000000000000
-14533274.7184423822909593582153320312500000000000
3455273.4311881936155259609222412109375000000000
-58336162.4320898875594139099121093750000000000000
6649554.3335563475266098976135253906250000000000
-35653719.6141380444169044494628906250000000000000
10351440.7109676599502563476562500000000000000000
-21036720.9838568791747093200683593750000000000000
10023720.8042715396732091903686523437500000000000
14778495.8415920250117778778076171875000000000000
-372211.8971445364295504987239837646484375000000
727628.0422242120839655399322509765625000000000
6229660.9395120199769735336303710937500000000000
20938307.8684506528079509735107421875000000000000
-7947020.8252513520419597625732421875000000000000
-18318667.5655798800289630889892578125000000000000
16764903.4411663096398115158081054687500000000000
-19202092.5489872805774211883544921875000000000000
3339406.5082093020901083946228027343750000000000
-11262057.4410231299698352813720703125000000000000
11589966.8698884434998035430908203125000000000000
811217.5387382743647322058677673339843750000000
21958274.2350327745079994201660156250000000000000
44637661.5029780864715576171875000000000000000000
-3693386.8519481830298900604248046875000000000000
-120192.1224303218914428725838661193847656250000
-28348080.1086825430393218994140625000000000000000
-11162161.6390026211738586425781250000000000000000
15052880.0960980392992496490478515625000000000000
-22390392.1459721997380256652832031250000000000000
-6752557.8553378824144601821899414062500000000000
-11281146.5351182557642459869384765625000000000000
-1286919.7155280523002147674560546875000000000000
-32589673.7789256609976291656494140625000000000000
-4556919.5099406680092215538024902343750000000000
-10348885.7962550092488527297973632812500000000000
34021150.5590819045901298522949218750000000000000
13682117.2544909007847309112548828125000000000000
-23525688.3895100578665733337402343750000000000000
27094687.6720897108316421508789062500000000000000
-34483741.4613024741411209106445312500000000000000
5007802.2442984124645590782165527343750000000000
-15535864.8700160235166549682617187500000000000000
-8387054.8423127299174666404724121093750000000000
2984891.1352941901423037052154541015625000000000
28947907.6453680247068405151367187500000000000000
-23301851.0872915498912334442138671875000000000000
19518549.8947749696671962738037109375000000000000
8663438.2696543429046869277954101562500000000000
-28232370.8166259676218032836914062500000000000000
38403402.1384669393301010131835937500000000000000
37618862.3602048456668853759765625000000000000000
-8842144.9602163005620241165161132812500000000000
20621270.9669743850827217102050781250000000000000
1331080.4290356407873332500457763671875000000000
12058445.4463281985372304916381835937500000000000
-23475640.0746557377278804779052734375000000000000
13042718.4620598349720239639282226562500000000000
-7339622.9325553001835942268371582031250000000000
1909477.9873801067005842924118041992187500000000
10224333.7174040768295526504516601562500000000000
-961441.3018448696238920092582702636718750000000
-21244715.6582637839019298553466796875000000000000
-13092705.6779617480933666229248046875000000000000
18212370.1459609791636466979980468750000000000000
-749390.1573091918835416436195373535156250000000
27596642.5419491864740848541259765625000000000000
-10821697.5347064733505249023437500000000000000000
-24437619.6006715744733810424804687500000000000000
8666182.3362044300884008407592773437500000000000
-2164474.6411516051739454269409179687500000000000
-19476415.2044429853558540344238281250000000000000
24921821.5627835318446159362792968750000000000000
-13746538.3218592256307601928710937500000000000000
1805091.9453727388754487037658691406250000000000
43415402.7887462228536605834960937500000000000000
9610757.2436387110501527786254882812500000000000
10174854.7180477753281593322753906250000000000000
-69343187.0921178013086318969726562500000000000000
14942002.3370199166238307952880859375000000000000
-5522647.6258054152131080627441406250000000000000
-2551432.8591642011888325214385986328125000000000
-9767549.2830136809498071670532226562500000000000
-30123735.4157783761620521545410156250000000000000
-24296397.5569113269448280334472656250000000000000
16955529.0439777150750160217285156250000000000000
-5291033.1557705085724592208862304687500000000000
14191076.4399504102766513824462890625000000000000
-3926669.3071101047098636627197265625000000000000
-17338486.6129386574029922485351562500000000000000
3372530.1128773237578570842742919921875000000000
2555784.8391438773833215236663818359375000000000
20404165.7855150550603866577148437500000000000000
-3124549.9458272969350218772888183593750000000000
30768538.9093927443027496337890625000000000000000
-17701924.6216295063495635986328125000000000000000
23474093.6833454705774784088134765625000000000000
8938141.5880190171301364898681640625000000000000
6089120.0350282015278935432434082031250000000000
5478239.1926982663571834564208984375000000000000
-21830130.5996833145618438720703125000000000000000
8893878.6075247470289468765258789062500000000000
10041888.9976358413696289062500000000000000000000
-40481641.9481073170900344848632812500000000000000
23477163.8729174248874187469482421875000000000000
9506263.8805607762187719345092773437500000000000
3006962.9265930545516312122344970703125000000000
-8690236.7786527257412672042846679687500000000000
-63632370.4489346891641616821289062500000000000000
-8242274.7413919093087315559387207031250000000000
-1931553.5633395058102905750274658203125000000000
-6541653.8094142004847526550292968750000000000000
-7971663.5948371132835745811462402343750000000000
31966304.9887312203645706176757812500000000000000
19035590.6383197903633117675781250000000000000000
-22865878.6401364393532276153564453125000000000000
20659223.8333228006958961486816406250000000000000
14630502.0229115337133407592773437500000000000000
9468337.3324730601161718368530273437500000000000
31923943.5681702010333538055419921875000000000000
-11197215.6773522272706031799316406250000000000000
-8660890.3086352199316024780273437500000000000000
14648796.4193686023354530334472656250000000000000
-12219723.3501190934330224990844726562500000000000
-612410.1885650625918060541152954101562500000000
-9829130.9300651140511035919189453125000000000000
-33380428.0647330917418003082275390625000000000000
-10053308.5334592852741479873657226562500000000000
-21149171.3930919580161571502685546875000000000000
11567958.9542140290141105651855468750000000000000
18278148.6273002997040748596191406250000000000000
6656602.0231843478977680206298828125000000000000
-23647267.6630833037197589874267578125000000000000
19507880.5113478675484657287597656250000000000000
4102764.3192159235477447509765625000000000000000
-4228191.3217209307476878166198730468750000000000
1495916.2019430776126682758331298828125000000000
-1043625.8117272991221398115158081054687500000000
-19898806.3466945812106132507324218750000000000000
47632840.3960139155387878417968750000000000000000
35229655.7586696669459342956542968750000000000000
-2550088.7630806006491184234619140625000000000000
-8414832.3380273282527923583984375000000000000000
-1538235.8633065293543040752410888671875000000000
3229019.4742334093898534774780273437500000000000
22233563.0114419944584369659423828125000000000000
-6840251.0917329518124461174011230468750000000000
23182632.4919256307184696197509765625000000000000
-11683782.5537274666130542755126953125000000000000
5623037.2715555867180228233337402343750000000000
4464376.4768529860302805900573730468750000000000
-15247082.8710517566651105880737304687500000000000
348258.8639807378058321774005889892578125000000
1494002.7611588088329881429672241210937500000000
-6469399.3782620849087834358215332031250000000000
8583126.8898052275180816650390625000000000000000
7821769.8194821942597627639770507812500000000000
-3756402.9414524743333458900451660156250000000000
-42124308.3990768492221832275390625000000000000000
-16760253.1755836233496665954589843750000000000000
669452.9056170466355979442596435546875000000000
-30055644.3629172444343566894531250000000000000000
-36696282.7493010014295578002929687500000000000000
-40603947.0787963047623634338378906250000000000000
4538563.4143740385770797729492187500000000000000
22155833.4759212695062160491943359375000000000000
10178014.4518501423299312591552734375000000000000
114851.6853310500155203044414520263671875000000
5469499.8827218813821673393249511718750000000000
-8587306.6861295774579048156738281250000000000000
-11387369.7506192885339260101318359375000000000000
-9556655.5270013138651847839355468750000000000000
18997841.5168284922838211059570312500000000000000
10100670.1231803521513938903808593750000000000000
25826604.1218371652066707611083984375000000000000
2717424.6417711614631116390228271484375000000000
24519591.2823426946997642517089843750000000000000
28202409.0824195742607116699218750000000000000000
12584052.3229925911873579025268554687500000000000
28525088.4386911205947399139404296875000000000000
-1937597.5594690064899623394012451171875000000000
-7294081.6027458598837256431579589843750000000000
14930757.6539206076413393020629882812500000000000
-32822919.8062392771244049072265625000000000000000
10714408.9967046659439802169799804687500000000000
1614313.8211911234539002180099487304687500000000
-6526590.6686083385720849037170410156250000000000
44953532.4380772188305854797363281250000000000000
-11787382.7333739306777715682983398437500000000000
-43140323.9937675446271896362304687500000000000000
-26432915.1510977484285831451416015625000000000000
-6208533.2077764309942722320556640625000000000000
-14599080.8980034086853265762329101562500000000000
11415262.6449904516339302062988281250000000000000
-42292638.1217296123504638671875000000000000000000
-31280577.8606013394892215728759765625000000000000
8962876.4148093927651643753051757812500000000000
-17721294.0810169205069541931152343750000000000000
-16907638.2908113151788711547851562500000000000000
-18879285.8897391892969608306884765625000000000000
1366538.7552698149811476469039916992187500000000
10741509.7263001948595046997070312500000000000000
5528581.6414119228720664978027343750000000000000
6182895.8093724418431520462036132812500000000000
28626522.6951730065047740936279296875000000000000
-18295719.9315980412065982818603515625000000000000
15969330.5131128579378128051757812500000000000000
-13497238.4867026824504137039184570312500000000000
52959598.1263312846422195434570312500000000000000
11995456.8972794003784656524658203125000000000000
33691002.1173997968435287475585937500000000000000
-8893977.5798131432384252548217773437500000000000
-3598633.8761373036541044712066650390625000000000
43122794.2480775117874145507812500000000000000000
27464492.9182117842137813568115234375000000000000
21012950.3967630229890346527099609375000000000000
-16609279.1611679885536432266235351562500000000000
328094.6940330040524713695049285888671875000000
-4996894.3704840010032057762145996093750000000000
30542006.2927287332713603973388671875000000000000
2632699.9759443560615181922912597656250000000000
6139936.7641179179772734642028808593750000000000
6803737.2432597624137997627258300781250000000000
-7508116.3223864641040563583374023437500000000000
-10641062.7999400179833173751831054687500000000000
9861649.0174914561212062835693359375000000000000
-37837981.1881791055202484130859375000000000000000
26956318.6432616151869297027587890625000000000000
-14473114.7610809430480003356933593750000000000000
-26492454.8782881759107112884521484375000000000000
2218388.9660601993091404438018798828125000000000
4655940.4728036634624004364013671875000000000000
16574803.6055117305368185043334960937500000000000
516706.5587270985124632716178894042968750000000
37575373.2311067357659339904785156250000000000000
-20188746.7042666263878345489501953125000000000000
10497706.5831738151609897613525390625000000000000
-33836565.7047811523079872131347656250000000000000
-22314339.8594871200621128082275390625000000000000
-8696000.1002324875444173812866210937500000000000
-10581910.4323615524917840957641601562500000000000
6900422.1766642713919281959533691406250000000000
8249190.8607541276142001152038574218750000000000
-3871373.4575225738808512687683105468750000000000
-714862.0527708372101187705993652343750000000000
28995062.6523606590926647186279296875000000000000
-32064168.4220942482352256774902343750000000000000
-38892185.8370817229151725769042968750000000000000
-8165885.4202660731971263885498046875000000000000
-22284316.1548521220684051513671875000000000000000
-19950812.0081279799342155456542968750000000000000
-2201545.3398547014221549034118652343750000000000
24606501.8313525468111038208007812500000000000000
39028709.6455889269709587097167968750000000000000
-12055229.0143982842564582824707031250000000000000
20686559.7167638540267944335937500000000000000000
-25785938.8370278850197792053222656250000000000000
-7488466.7895276844501495361328125000000000000000
562180.6538818383123725652694702148437500000000
-9056239.5618295781314373016357421875000000000000
-22178704.6488784551620483398437500000000000000000
-19013358.7296824976801872253417968750000000000000
-9086864.8074863348156213760375976562500000000000
18601674.0755672305822372436523437500000000000000
13428524.1347665172070264816284179687500000000000
-12780956.8677222356200218200683593750000000000000
-2760776.3322711647488176822662353515625000000000
3209710.6066814814694225788116455078125000000000
4448943.3084380514919757843017578125000000000000
138501.2269106872263364493846893310546875000000
7447340.6418489133939146995544433593750000000000
11926392.2928409334272146224975585937500000000000
2187144.5325504918582737445831298828125000000000
12774599.8502460215240716934204101562500000000000
-5662865.2086033476516604423522949218750000000000
8077859.9288506126031279563903808593750000000000
-2502762.4525708490982651710510253906250000000000
7794103.8793338583782315254211425781250000000000
14843202.3841224089264869689941406250000000000000
-13804323.3177964668720960617065429687500000000000
17116943.1552443392574787139892578125000000000000
-5862310.7194447014480829238891601562500000000000
41649588.2220765873789787292480468750000000000000
-14373327.4746270291507244110107421875000000000000
28030095.1127219162881374359130859375000000000000
3524140.9579871911555528640747070312500000000000
-9335458.3381770215928554534912109375000000000000
-24712815.4205971434712409973144531250000000000000
-5455952.1881176549941301345825195312500000000000
-23836198.7135362774133682250976562500000000000000
-8794761.1895484291017055511474609375000000000000
-18162714.1926618367433547973632812500000000000000
-240512.1151068511244375258684158325195312500000
-37708591.6303954049944877624511718750000000000000
-17170066.3319243602454662322998046875000000000000
1891550.1444386187940835952758789062500000000000
-4777914.1552446894347667694091796875000000000000
9010463.6823187507688999176025390625000000000000
2754130.8291276856325566768646240234375000000000
-13752823.0582549814134836196899414062500000000000
3787513.8547469479963183403015136718750000000000
5467374.3532300544902682304382324218750000000000
32064230.0182536616921424865722656250000000000000
-14280182.2578014135360717773437500000000000000000
14547932.9536484740674495697021484375000000000000
16967127.4131896309554576873779296875000000000000
-1602605.7611133866012096405029296875000000000000
24380694.6336006447672843933105468750000000000000
-20870926.1733808517456054687500000000000000000000
35435080.9835347682237625122070312500000000000000
-34219006.3721752986311912536621093750000000000000
-9435209.6407599095255136489868164062500000000000
2017351.3582482722122222185134887695312500000000
5037584.1557953078299760818481445312500000000000
22993303.4640955701470375061035156250000000000000
-12970334.7259907554835081100463867187500000000000
70995052.0937600433826446533203125000000000000000
-18403986.4522046335041522979736328125000000000000
2976218.3516667624935507774353027343750000000000
21545527.0960247665643692016601562500000000000000
-4014520.9354918338358402252197265625000000000000
-17776679.7898104861378669738769531250000000000000
-15226722.9561131075024604797363281250000000000000
2106199.0790995159186422824859619140625000000000
8855702.2556615043431520462036132812500000000000
-18120917.9109866581857204437255859375000000000000
-27829317.1533881351351737976074218750000000000000
-1409637.0441264326218515634536743164062500000000
17158447.9677222557365894317626953125000000000000
-17309153.5832435153424739837646484375000000000000
-11628630.4367879945784807205200195312500000000000
-25299166.7560848370194435119628906250000000000000
-8745715.5718509554862976074218750000000000000000
608403.0840465816436335444450378417968750000000
1671545.1935099302791059017181396484375000000000
-4453538.7125230273231863975524902343750000000000
-39107964.4390279054641723632812500000000000000000
22364971.6534645780920982360839843750000000000000
19302338.9236236028373241424560546875000000000000
16992926.4794563315808773040771484375000000000000
16700973.9522606022655963897705078125000000000000
-24675194.9622782841324806213378906250000000000000
6269267.6502352776005864143371582031250000000000
-12923035.3587402198463678359985351562500000000000
-8935997.9491118881851434707641601562500000000000
-13877642.4834776800125837326049804687500000000000
22695072.4054880701005458831787109375000000000000
5250454.7575389025732874870300292968750000000000
-15329068.3769121263176202774047851562500000000000
7961848.3816015888005495071411132812500000000000
21184496.4683048166334629058837890625000000000000
23380801.6900253072381019592285156250000000000000
19606266.3551495000720024108886718750000000000000
2595042.0086074750870466232299804687500000000000
-16787.6825516811695706564933061599731445312500
-1974795.5041357199661433696746826171875000000000
-12253041.0882492773234844207763671875000000000000
7767134.1126669906079769134521484375000000000000
17130203.4654071070253849029541015625000000000000
7444358.7487462041899561882019042968750000000000
16465319.2893641628324985504150390625000000000000
22952866.2318207323551177978515625000000000000000
4013787.5015831305645406246185302734375000000000
15887579.2113106455653905868530273437500000000000
-25396955.1623460911214351654052734375000000000000
-13672188.7396314684301614761352539062500000000000
6282450.6126275174319744110107421875000000000000
2916079.7280266536399722099304199218750000000000
-12285242.9109632316976785659790039062500000000000
-1067906.9415231817401945590972900390625000000000
-18583543.7332410402595996856689453125000000000000
3496796.7503961692564189434051513671875000000000
6179917.5427835350856184959411621093750000000000
-169003.1375688733241986483335494995117187500000
-22775530.0791183896362781524658203125000000000000
1525143.6366756130009889602661132812500000000000
24514165.1038107424974441528320312500000000000000
33252467.1866907551884651184082031250000000000000
-20228358.1992160268127918243408203125000000000000
-13622943.6621514260768890380859375000000000000000
14745380.1356512829661369323730468750000000000000
-23247378.8496320210397243499755859375000000000000
-9078407.6837653852999210357666015625000000000000
16978196.1828353554010391235351562500000000000000
-4713718.7953303400427103042602539062500000000000
-1145984.7578614186495542526245117187500000000000
-8837518.2150710839778184890747070312500000000000
15002166.5718170907348394393920898437500000000000
-5397746.3533390583470463752746582031250000000000
-2392391.6430563116446137428283691406250000000000
33121952.9174213334918022155761718750000000000000
-22062062.3132130205631256103515625000000000000000
-14672197.4440651107579469680786132812500000000000
1579846.9395763077773153781890869140625000000000
-2772945.4526090035215020179748535156250000000000
-6388140.8182648178189992904663085937500000000000
26462647.1318083219230175018310546875000000000000
4784139.2638615975156426429748535156250000000000
2030187.2878092650789767503738403320312500000000
-111155.6239494404871948063373565673828125000000
2950576.6241810102947056293487548828125000000000
-1159804.0727852187119424343109130859375000000000
11544735.8582075238227844238281250000000000000000
-12576472.2218891270458698272705078125000000000000
19122994.6363215334713459014892578125000000000000
-9941771.7590840514749288558959960937500000000000
15327872.0189581960439682006835937500000000000000
-14538584.1498398501425981521606445312500000000000
-15616036.6497689522802829742431640625000000000000
-2745372.0000037578865885734558105468750000000000
4524778.8436911767348647117614746093750000000000
4528528.1493803858757019042968750000000000000000
-8338327.5051810517907142639160156250000000000000
-6189721.7901482731103897094726562500000000000000
7469595.2677546450868248939514160156250000000000
-284045.1985102156177163124084472656250000000000
9300750.3532648310065269470214843750000000000000
-123476.1897133212332846596837043762207031250000
-10875989.9924537818878889083862304687500000000000
11941191.9101479686796665191650390625000000000000
-672246.4559856719570234417915344238281250000000
-17165265.3423651456832885742187500000000000000000
6528088.3219542782753705978393554687500000000000
-17086420.4014247991144657135009765625000000000000
9270292.4433981664478778839111328125000000000000
-6507387.5853937510401010513305664062500000000000
-10158156.8242189139127731323242187500000000000000
2164835.2520360951311886310577392578125000000000
-727501.8831065851263701915740966796875000000000
-2832587.5277747255750000476837158203125000000000
13672131.4622398130595684051513671875000000000000
-14762722.9594289921224117279052734375000000000000
9969297.9122828189283609390258789062500000000000
16079715.9427931532263755798339843750000000000000
-23197609.8829513527452945709228515625000000000000
-16208990.1696343719959259033203125000000000000000
9763624.7626625783741474151611328125000000000000
-16173330.7634028997272253036499023437500000000000
-2968369.5988889704458415508270263671875000000000
-24492324.9740865118801593780517578125000000000000
14112926.6437934972345829010009765625000000000000
-9594346.9472185391932725906372070312500000000000
-29413200.6294431351125240325927734375000000000000
-29729781.6760643385350704193115234375000000000000
18591731.3334435150027275085449218750000000000000
13470129.1308637466281652450561523437500000000000
6521678.5083035994321107864379882812500000000000
8839965.1481899041682481765747070312500000000000
24976862.3542384058237075805664062500000000000000
839542.0259994851658120751380920410156250000000
-15219653.5384070351719856262207031250000000000000
-18563799.9509212337434291839599609375000000000000
-1519765.9068831303156912326812744140625000000000
-48155.4632172505807830020785331726074218750000
-15329250.3783300351351499557495117187500000000000
-17515891.9393520578742027282714843750000000000000
-7486028.8042963109910488128662109375000000000000
2791798.0113797048106789588928222656250000000000
12486437.0158621016889810562133789062500000000000
21611711.5247159227728843688964843750000000000000
16762546.0762275978922843933105468750000000000000
16878516.1124360114336013793945312500000000000000
12708614.5370933972299098968505859375000000000000
-5474831.9664444094523787498474121093750000000000
1448881.6016324767842888832092285156250000000000
4652553.8770444551482796669006347656250000000000
8550535.2827435992658138275146484375000000000000
8294982.5391678046435117721557617187500000000000
-12613128.4734916966408491134643554687500000000000
14816865.3539434690028429031372070312500000000000
6624786.1157960146665573120117187500000000000000
-3575677.5042259679175913333892822265625000000000
-4225786.4435160495340824127197265625000000000000
-2171322.1436573732644319534301757812500000000000
-938608.7459007943980395793914794921875000000000
-1472863.6078746591228991746902465820312500000000
-2503691.2834308571182191371917724609375000000000
-15690988.0296283178031444549560546875000000000000
-10244852.4387758094817399978637695312500000000000
15705691.3962669372558593750000000000000000000000
18850412.4345132224261760711669921875000000000000
16051949.9675300158560276031494140625000000000000
-3320104.9452077932655811309814453125000000000000
-20135732.3732847981154918670654296875000000000000
-25544456.7988048419356346130371093750000000000000
4685719.7052608337253332138061523437500000000000
-67184.0582023620809195563197135925292968750000
10258532.8979624267667531967163085937500000000000
-11917588.0914773326367139816284179687500000000000
7185752.0792969828471541404724121093750000000000
-2685839.2340080994181334972381591796875000000000
-23514483.8869375251233577728271484375000000000000
-6721442.0319373328238725662231445312500000000000
-20815247.5836803242564201354980468750000000000000
6250716.6548769837245345115661621093750000000000
26425288.6796593926846981048583984375000000000000
-419346.9518052366911433637142181396484375000000
6330418.3864269945770502090454101562500000000000
15311871.1619110945612192153930664062500000000000
879723.2678093600552529096603393554687500000000
-9166947.7949049547314643859863281250000000000000
-14125782.0462023336440324783325195312500000000000
-6591752.5312349228188395500183105468750000000000
-9315438.0937392823398113250732421875000000000000
2317942.4755898541770875453948974609375000000000
13059957.9152937717735767364501953125000000000000
1069535.3766929900739341974258422851562500000000
1651337.4896447523497045040130615234375000000000
-3000317.5458833016455173492431640625000000000000
-766754.4150146465981379151344299316406250000000
-753398.5558782221050933003425598144531250000000
827876.2380051910877227783203125000000000000000
-10726645.2615061197429895401000976562500000000000
-14382903.1999346930533647537231445312500000000000
-20337078.8315893262624740600585937500000000000000
-5323558.3901779158040881156921386718750000000000
-13828551.4819552190601825714111328125000000000000
-13725170.3673348519951105117797851562500000000000
9552126.8560099676251411437988281250000000000000
1930559.2841443624347448348999023437500000000000
26052135.7363728173077106475830078125000000000000
2376211.4146095821633934974670410156250000000000
14987121.4741803146898746490478515625000000000000
-18271368.9523884989321231842041015625000000000000
-7750209.4377572620287537574768066406250000000000
-2682923.3785729631781578063964843750000000000000
-5584673.1199147347360849380493164062500000000000
-14905266.9703046698123216629028320312500000000000
16415651.1826165337115526199340820312500000000000
20994451.6070194542407989501953125000000000000000
9304488.5390915405005216598510742187500000000000
-729288.9958593255141749978065490722656250000000
19770968.4022112265229225158691406250000000000000
17929683.4334631450474262237548828125000000000000
7910505.4182512406259775161743164062500000000000
-2242157.0107703860849142074584960937500000000000
-4375002.3212949577718973159790039062500000000000
3708506.3101280317641794681549072265625000000000
1405704.4364245457109063863754272460937500000000
-8926819.0617200937122106552124023437500000000000
5874078.5122106922790408134460449218750000000000
9825746.9076362326741218566894531250000000000000
3488372.3371543935500085353851318359375000000000
24755810.4745723307132720947265625000000000000000
-7433522.6421500910073518753051757812500000000000
5158072.2159095117822289466857910156250000000000
18592792.2367002777755260467529296875000000000000
-4754827.8990239622071385383605957031250000000000
8848294.7526335045695304870605468750000000000000
-8280358.5031083095818758010864257812500000000000
-32843676.0586685240268707275390625000000000000000
-3867444.9066634331829845905303955078125000000000
26283265.8144299089908599853515625000000000000000
11163484.2591784093528985977172851562500000000000
-5389878.7769548697397112846374511718750000000000
-7869821.4607330309227108955383300781250000000000
-4153460.9430571375414729118347167968750000000000
703726.8264509477885439991950988769531250000000
5728198.3447544621303677558898925781250000000000
1855354.1842237026430666446685791015625000000000
5405354.1335806855931878089904785156250000000000
-2362212.5632331557571887969970703125000000000000
9740475.2623395379632711410522460937500000000000
-2738936.2396789663471281528472900390625000000000
14436206.8699593245983123779296875000000000000000
-14735553.5593067891895771026611328125000000000000
-2714441.8205904592759907245635986328125000000000
19663304.3563118577003479003906250000000000000000
7730417.6900668106973171234130859375000000000000
-2974515.5552921788766980171203613281250000000000
16511929.3157515525817871093750000000000000000000
2951389.6845062393695116043090820312500000000000
3683852.3776980582624673843383789062500000000000
12082159.1499292347580194473266601562500000000000
2551238.2873142347671091556549072265625000000000
-2234286.0607478930614888668060302734375000000000
-6807769.7624770533293485641479492187500000000000
-4845994.7738799555227160453796386718750000000000
19222359.3246864974498748779296875000000000000000
3402568.0826044627465307712554931640625000000000
-2556408.8176298285834491252899169921875000000000
6207609.8079066369682550430297851562500000000000
95847.2446079130459111183881759643554687500000
-4093744.7046812726184725761413574218750000000000
9319331.4076895415782928466796875000000000000000
-12016396.3239830974489450454711914062500000000000
-5826903.4566454207524657249450683593750000000000
-30067462.2014019005000591278076171875000000000000
-18392257.6349398493766784667968750000000000000000
-6328379.1617139307782053947448730468750000000000
8942092.6505740713328123092651367187500000000000
-2811686.3761493680067360401153564453125000000000
4452301.2131654033437371253967285156250000000000
-2117673.4506701799109578132629394531250000000000
-12829286.1031650323420763015747070312500000000000
-7076868.4183063693344593048095703125000000000000
-8626665.4474230706691741943359375000000000000000
23652963.7570424713194370269775390625000000000000
-5471948.7967477403581142425537109375000000000000
-1439271.8511973202694207429885864257812500000000
-4727342.1176070189103484153747558593750000000000
5126168.4800111902877688407897949218750000000000
-1390385.4581498685292899608612060546875000000000
11369244.2190431170165538787841796875000000000000
11064017.9763588849455118179321289062500000000000
-18041657.4295037724077701568603515625000000000000
-8267438.1839624829590320587158203125000000000000
3642213.3739243797026574611663818359375000000000
3198790.2896023071371018886566162109375000000000
2818951.7346460586413741111755371093750000000000
117010.9157865330198546871542930603027343750000
1942030.5677356226369738578796386718750000000000
6437441.8620404908433556556701660156250000000000
13764067.0931370612233877182006835937500000000000
-6943918.7736333310604095458984375000000000000000
-18771445.2220245264470577239990234375000000000000
-14733292.4210361316800117492675781250000000000000
-8298554.4258712511509656906127929687500000000000
-7120594.9305270472541451454162597656250000000000
3695377.2217415273189544677734375000000000000000
-21044494.2225525341928005218505859375000000000000
1828553.0853661014698445796966552734375000000000
7056721.4074863474816083908081054687500000000000
-2087722.6110191056504845619201660156250000000000
-4709477.4484958285465836524963378906250000000000
16184695.0681291501969099044799804687500000000000
-17955334.3595375008881092071533203125000000000000
-3275948.4709176896139979362487792968750000000000
-552412.0357041446259245276451110839843750000000
-1162402.0829008349683135747909545898437500000000
-6834516.5432288870215415954589843750000000000000
5486338.4257893785834312438964843750000000000000
4407450.2414769195020198822021484375000000000000
-17597158.6765625476837158203125000000000000000000
-15296489.7767142392694950103759765625000000000000
693656.3508630355354398488998413085937500000000
7257492.0426044845953583717346191406250000000000
13437557.8384474180638790130615234375000000000000
-669031.5007594235939905047416687011718750000000
-12408013.3991071581840515136718750000000000000000
1784106.2758540520444512367248535156250000000000
5591516.6646261475980281829833984375000000000000
12072993.9225534293800592422485351562500000000000
-1975903.5519850591663271188735961914062500000000
17801273.0331313274800777435302734375000000000000
2393921.2192630837671458721160888671875000000000
-2495350.8262044806033372879028320312500000000000
9615202.4948440603911876678466796875000000000000
3864487.7107289591804146766662597656250000000000
-14451609.9290045462548732757568359375000000000000
-11324591.1375553943216800689697265625000000000000
-8867434.0287056993693113327026367187500000000000
-4549815.1812892509624361991882324218750000000000
-16269178.7758379951119422912597656250000000000000
4309314.9919192055240273475646972656250000000000
-1525387.9108407958410680294036865234375000000000
-2669925.2602983065880835056304931640625000000000
-14787846.5237575266510248184204101562500000000000
7327328.4671139055863022804260253906250000000000
-9116840.8100008908659219741821289062500000000000
11476416.8738704603165388107299804687500000000000
1227437.0195610504597425460815429687500000000000
-10769641.2692456021904945373535156250000000000000
2009527.5753872920759022235870361328125000000000
-2273882.3981316899880766868591308593750000000000
-20457241.0868540890514850616455078125000000000000
8100703.4541493561118841171264648437500000000000
1048445.1272326690377667546272277832031250000000
-12690881.7473442275077104568481445312500000000000
-7884267.8877848703414201736450195312500000000000
5341438.9145252462476491928100585937500000000000
-686056.1521642771549522876739501953125000000000
394474.1251613238127902150154113769531250000000
16968006.7549406737089157104492187500000000000000
1068518.6780782898422330617904663085937500000000
-6962079.5142511017620563507080078125000000000000
11001408.5907132979482412338256835937500000000000
7583338.7323816195130348205566406250000000000000
154076.8904133527539670467376708984375000000000
5177236.9684863816946744918823242187500000000000
7842402.8035393469035625457763671875000000000000
-5775676.0027153659611940383911132812500000000000
-773015.1783691374585032463073730468750000000000
23728132.0387291721999645233154296875000000000000
-4016964.7873602551408112049102783203125000000000
3188416.6081367214210331439971923828125000000000
11753572.0938896741718053817749023437500000000000
-8024739.7936450671404600143432617187500000000000
3153955.6419693455100059509277343750000000000000
10214949.9895503036677837371826171875000000000000
-3217988.7539822747930884361267089843750000000000
3891254.2904789950698614120483398437500000000000
23424032.0838407836854457855224609375000000000000
15241699.6393922716379165649414062500000000000000
-11272424.7533789221197366714477539062500000000000
5124602.6830340372398495674133300781250000000000
2061067.4793131661135703325271606445312500000000
4969621.3366073695942759513854980468750000000000
-4229912.1105249933898448944091796875000000000000
-2639683.3076162920333445072174072265625000000000
2059703.0184261677786707878112792968750000000000
6931657.6406007651239633560180664062500000000000
-19443382.8625319935381412506103515625000000000000
14726988.2712403591722249984741210937500000000000
3587874.6957181128673255443572998046875000000000
15280790.2963993307203054428100585937500000000000
-3251598.4270486943423748016357421875000000000000
-12945379.0607320703566074371337890625000000000000
10638352.1424758788198232650756835937500000000000
5936230.5168739529326558113098144531250000000000
-222410.6932086818851530551910400390625000000000
404836.4443693221546709537506103515625000000000
-9244452.7410353552550077438354492187500000000000
-1264204.3133401349186897277832031250000000000000
-11737060.3198384456336498260498046875000000000000
55320.3592202009822358377277851104736328125000
3992050.1158120040781795978546142578125000000000
-1316385.7514030712191015481948852539062500000000
3659473.9963994743302464485168457031250000000000
246221.8253533834358677268028259277343750000000
-11409317.1351740676909685134887695312500000000000
-3816844.5680421101860702037811279296875000000000
-5109786.9684523195028305053710937500000000000000
-7442342.6243868768215179443359375000000000000000
95925.1103494884009705856442451477050781250000
11080008.1497579067945480346679687500000000000000
-6064085.8140807235613465309143066406250000000000
105611.7436660035746172070503234863281250000000
-9362408.4348198585212230682373046875000000000000
-263840.6888617158401757478713989257812500000000
-8104908.9866841603070497512817382812500000000000
-13063321.4546835403889417648315429687500000000000
2568093.6106519126333296298980712890625000000000
5013310.9585145786404609680175781250000000000000
10502536.6969730742275714874267578125000000000000
-1465511.6305615529417991638183593750000000000000
968997.1656861752271652221679687500000000000000
-2340404.2456783815287053585052490234375000000000
5743615.0025130547583103179931640625000000000000
949121.0836883545853197574615478515625000000000
7108274.8363720867782831192016601562500000000000
-2008806.6239919434301555156707763671875000000000
-6400563.7941649863496422767639160156250000000000
-4181076.0416055107489228248596191406250000000000
23008600.0503764078021049499511718750000000000000
5763265.2250692723318934440612792968750000000000
275495.3458701816853135824203491210937500000000
-680913.9120738060446456074714660644531250000000
7212077.9863335788249969482421875000000000000000
-11098351.5562312733381986618041992187500000000000
11669574.1620819997042417526245117187500000000000
5591288.8301915256306529045104980468750000000000
-12103740.6380027811974287033081054687500000000000
4118267.9946544156409800052642822265625000000000
-2126648.6694124382920563220977783203125000000000
-3558996.5728225642815232276916503906250000000000
-5663599.4667818341404199600219726562500000000000
14282690.9605008587241172790527343750000000000000
-4842356.3477516835555434226989746093750000000000
3778641.1086164503358304500579833984375000000000
-9606536.5986617077142000198364257812500000000000
2358771.0288825789466500282287597656250000000000
-11034745.2232001330703496932983398437500000000000
-4533581.8852572161704301834106445312500000000000
-1819052.9403261356055736541748046875000000000000
-4265475.4616243485361337661743164062500000000000
-16279720.3558331672102212905883789062500000000000
1152778.1277097803540527820587158203125000000000
2145380.1562315239571034908294677734375000000000
6462228.8511707875877618789672851562500000000000
-7214766.8694129558280110359191894531250000000000
2417977.7978359139524400234222412109375000000000
-2915132.9969790750183165073394775390625000000000
4623170.4343965640291571617126464843750000000000
-1856691.6530148002784699201583862304687500000000
-1228046.2899503400549292564392089843750000000000
1658892.2934127803891897201538085937500000000000
-6543970.5284992549568414688110351562500000000000
1993565.2779655889607965946197509765625000000000
-6554291.0214112764224410057067871093750000000000
5625324.4209804674610495567321777343750000000000
-1870527.1533799532335251569747924804687500000000
8433160.8318582363426685333251953125000000000000
-6814841.2466970179229974746704101562500000000000
-2741941.1623305864632129669189453125000000000000
-12079834.2669240552932024002075195312500000000000
4888368.9959088293835520744323730468750000000000
6439268.9129563160240650177001953125000000000000
10001198.8293872624635696411132812500000000000000
-4649226.1337856212630867958068847656250000000000
-6696786.1788470521569252014160156250000000000000
-6973965.5172939710319042205810546875000000000000
-11842821.0592382252216339111328125000000000000000
3830449.9083367823623120784759521484375000000000
-1442896.1404278199188411235809326171875000000000
15700466.5138941612094640731811523437500000000000
6203284.1325214449316263198852539062500000000000
-4145835.9766435632482171058654785156250000000000
1308969.3528571855276823043823242187500000000000
3596976.9256350174546241760253906250000000000000
7027460.2036129636690020561218261718750000000000
731957.4331263157073408365249633789062500000000
26313472.9501549005508422851562500000000000000000
-2371838.0004363218322396278381347656250000000000
2412872.6983679248951375484466552734375000000000
-3913296.3802741817198693752288818359375000000000
-1306708.2440184098668396472930908203125000000000
-5445240.9974109996110200881958007812500000000000
-6098986.2698750533163547515869140625000000000000
699078.1581777343526482582092285156250000000000
-2308678.4125858731567859649658203125000000000000
15458672.1920123826712369918823242187500000000000
9401681.4767295476049184799194335937500000000000
-171043.7567995708377566188573837280273437500000
-12916143.2095958031713962554931640625000000000000
8439050.2185996025800704956054687500000000000000
7282822.0151542099192738533020019531250000000000
-979306.2970031549921259284019470214843750000000
-3330469.7866141526028513908386230468750000000000
-7557859.5328450473025441169738769531250000000000
5319978.9863386712968349456787109375000000000000
-1272490.4769592408556491136550903320312500000000
-106908.2076471036270959302783012390136718750000
4356828.9052007989957928657531738281250000000000
-1441029.2071983860805630683898925781250000000000
-3969036.6361504043452441692352294921875000000000
7777115.8668969878926873207092285156250000000000
-4253324.4622278595343232154846191406250000000000
-7351370.8221335345879197120666503906250000000000
6737750.8831236390396952629089355468750000000000
-3947267.7351680085994303226470947265625000000000
-14785716.3032460026443004608154296875000000000000
-9447706.0892373993992805480957031250000000000000
-2125075.0598984220996499061584472656250000000000
-3403026.6576374168507754802703857421875000000000
2040153.2051228354685008525848388671875000000000
1931386.3438738565891981124877929687500000000000
-3848701.3352679372765123844146728515625000000000
16571.4392883699147205334156751632690429687500
-43553.7878120305176707915961742401123046875000
-4496663.7797958292067050933837890625000000000000
-4742031.3793634222820401191711425781250000000000
3034656.9654502412304282188415527343750000000000
-15247112.4524462372064590454101562500000000000000
6019018.0133831780403852462768554687500000000000
114821.5144200827635359019041061401367187500000
4611360.5307779451832175254821777343750000000000
11434724.5741773266345262527465820312500000000000
-328051.5330038889078423380851745605468750000000
-1090350.3421369288116693496704101562500000000000
-9382185.1908228918910026550292968750000000000000
-1181224.4122169455513358116149902343750000000000
-1170229.2050996357575058937072753906250000000000
8218446.1876894859597086906433105468750000000000
2668982.0340233780443668365478515625000000000000
-1248894.8577525508590042591094970703125000000000
431827.0089000819134525954723358154296875000000
9459189.9894259348511695861816406250000000000000
-853621.0460675297072157263755798339843750000000
16172027.7100996561348438262939453125000000000000
-2124270.9382962575182318687438964843750000000000
9148751.4478770941495895385742187500000000000000
3269472.3203218942508101463317871093750000000000
-7340903.7896862234920263290405273437500000000000
-4426896.4727681232616305351257324218750000000000
-732672.2468912495533004403114318847656250000000
-3393218.9948032810352742671966552734375000000000
-2057424.8921976312994956970214843750000000000000
1219163.5331074525602161884307861328125000000000
-5450560.1221102271229028701782226562500000000000
