0.8375949053944445887864844735304359346628
-91.0339993297900207380735082551836967468262
2513.6684487154166163236368447542190551757812
-28774.5802790243251365609467029571533203125000
156684.4804808261687867343425750732421875000000
-368582.4157077556010335683822631835937500000000
-60753.4451724536120309494435787200927734375000
2077595.9291432406753301620483398437500000000000
-3729033.3223985731601715087890625000000000000000
1851460.9015958157833665609359741210937500000000
-109808.3136624330800259485840797424316406250000
2170782.0084046619012951850891113281250000000000
-2875448.5297448835335671901702880859375000000000
1846627.8761847270652651786804199218750000000000
871135.9198400449240580201148986816406250000000
-4659617.5941221704706549644470214843750000000000
1072035.7680262313224375247955322265625000000000
-4481183.8829231271520256996154785156250000000000
9045084.6809521690011024475097656250000000000000
5880871.0783236958086490631103515625000000000000
-9298219.4257641825824975967407226562500000000000
3785785.6997426571324467658996582031250000000000
-618121.0730071460129693150520324707031250000000
-6506979.9998663580045104026794433593750000000000
2896466.7858140524476766586303710937500000000000
-6900427.0442181779071688652038574218750000000000
11392137.2669115066528320312500000000000000000000
642160.1497410665033385157585144042968750000000
-11443129.9581422563642263412475585937500000000000
-1179209.9743159865029156208038330078125000000000
949114.0123837430728599429130554199218750000000
5297584.2675029048696160316467285156250000000000
10136664.7916352413594722747802734375000000000000
-10407637.1257602144032716751098632812500000000000
15513935.9293462242931127548217773437500000000000
13126824.6331445481628179550170898437500000000000
-2176063.5164725715294480323791503906250000000000
-14142571.8995085414499044418334960937500000000000
-70853.5365799610008252784609794616699218750000
-13892361.1881339401006698608398437500000000000000
-4190821.1567695173434913158416748046875000000000
-31711041.4759782105684280395507812500000000000000
-1869083.9527633090037852525711059570312500000000
19286990.4522056281566619873046875000000000000000
10124059.8868166543543338775634765625000000000000
-7403748.2493589082732796669006347656250000000000
10992428.6066106110811233520507812500000000000000
18066972.5041268616914749145507812500000000000000
-9312208.9761339612305164337158203125000000000000
17361023.0451207309961318969726562500000000000000
1194140.0448257445823401212692260742187500000000
17714698.1419123634696006774902343750000000000000
3816503.3499793517403304576873779296875000000000
-13851445.9957876428961753845214843750000000000000
6369933.8035650467500090599060058593750000000000
5829302.4430430587381124496459960937500000000000
16028849.4350373260676860809326171875000000000000
-14583080.8333460278809070587158203125000000000000
-70358875.9897137135267257690429687500000000000000
-50914859.6775068640708923339843750000000000000000
54132661.1835866570472717285156250000000000000000
-64327844.0032237619161605834960937500000000000000
52618213.1283835992217063903808593750000000000000
69154007.0520776659250259399414062500000000000000
-29619571.6903156749904155731201171875000000000000
13142378.2837473452091217041015625000000000000000
-60144725.8906031697988510131835937500000000000000
4317869.1577949402853846549987792968750000000000
21736952.4473165422677993774414062500000000000000
-13644555.4429461378604173660278320312500000000000
-30970649.3222058303654193878173828125000000000000
26182167.2956022471189498901367187500000000000000
84296360.8221943676471710205078125000000000000000
20188329.7112387791275978088378906250000000000000
-16136331.0753483604639768600463867187500000000000
-7929849.7762706130743026733398437500000000000000
5782916.2338341372087597846984863281250000000000
-30507179.5293997414410114288330078125000000000000
-15905258.7816258631646633148193359375000000000000
29679695.4711347855627536773681640625000000000000
-39376754.3985743746161460876464843750000000000000
16837054.3325006477534770965576171875000000000000
29691097.4300377592444419860839843750000000000000
4530191.3913573678582906723022460937500000000000
33324171.0460357889533042907714843750000000000000
-3636263.2636688333004713058471679687500000000000
-64518985.4277623072266578674316406250000000000000
-20116638.7028970122337341308593750000000000000000
18980347.8354994952678680419921875000000000000000
35643648.7202328667044639587402343750000000000000
-37936885.2340268790721893310546875000000000000000
-12639571.8234766367822885513305664062500000000000
-26456153.2554644159972667694091796875000000000000
-12395754.0429599042981863021850585937500000000000
-18196626.9810671731829643249511718750000000000000
-1607670.9888535453937947750091552734375000000000
-64914738.0656911656260490417480468750000000000000
63952825.2130389288067817687988281250000000000000
24071288.9956578277051448822021484375000000000000
3978121.5109227932989597320556640625000000000000
8456191.9502491094172000885009765625000000000000
-20003246.7782985270023345947265625000000000000000
26656943.9014509469270706176757812500000000000000
-27607459.9981014654040336608886718750000000000000
-51503028.6781963557004928588867187500000000000000
38434285.8911605775356292724609375000000000000000
29695964.6099653244018554687500000000000000000000
39169961.4063463583588600158691406250000000000000
36114149.0337913781404495239257812500000000000000
37088817.3519819155335426330566406250000000000000
49670087.6402870714664459228515625000000000000000
-46218125.7225818112492561340332031250000000000000
-11378011.6391804050654172897338867187500000000000
-1157358.9632554608397185802459716796875000000000
115722874.1093100160360336303710937500000000000000
-60379651.5027458816766738891601562500000000000000
-56813100.2874271944165229797363281250000000000000
21452386.0667940787971019744873046875000000000000
-63349017.7913021743297576904296875000000000000000
24098879.2906170673668384552001953125000000000000
-15008602.7487259097397327423095703125000000000000
-39331679.2679977044463157653808593750000000000000
4912601.9901114776730537414550781250000000000000
13467062.2589032668620347976684570312500000000000
3161734.1161714708432555198669433593750000000000
-73060113.2676379680633544921875000000000000000000
-7057275.2504963912069797515869140625000000000000
16952646.9200200401246547698974609375000000000000
-13723392.9405934996902942657470703125000000000000
8763055.0274934694170951843261718750000000000000
33091541.1642324849963188171386718750000000000000
5016135.5018547112122178077697753906250000000000
-33122334.0909774415194988250732421875000000000000
-13002024.8294745534658432006835937500000000000000
60915953.9521730393171310424804687500000000000000
-30979554.1567772030830383300781250000000000000000
5402596.5300911981612443923950195312500000000000
2708108.6281526428647339344024658203125000000000
25077988.1708446145057678222656250000000000000000
-23212643.3389879241585731506347656250000000000000
14807321.6274150460958480834960937500000000000000
-23225563.0571848340332508087158203125000000000000
-20004381.3905738219618797302246093750000000000000
20766761.5394020602107048034667968750000000000000
34036294.1678225025534629821777343750000000000000
-4445915.7935476237908005714416503906250000000000
31255994.2858930788934230804443359375000000000000
7052913.2764294911175966262817382812500000000000
40735978.3790922686457633972167968750000000000000
-32710869.9247755892574787139892578125000000000000
-43637965.5295258089900016784667968750000000000000
-68409455.6808523386716842651367187500000000000000
22044974.8595240339636802673339843750000000000000
49140101.6205217018723487854003906250000000000000
-21762632.3178969062864780426025390625000000000000
-1116280.9303521371912211179733276367187500000000
15610828.0860165227204561233520507812500000000000
-13389057.5941405668854713439941406250000000000000
207400.6191501691064331680536270141601562500000
77736820.0722395777702331542968750000000000000000
-23561274.8732837140560150146484375000000000000000
-31821833.4347938857972621917724609375000000000000
3677694.8444277043454349040985107421875000000000
-5923113.4274210566654801368713378906250000000000
-36728422.5023270770907402038574218750000000000000
83527766.8056780844926834106445312500000000000000
-61822612.4832412824034690856933593750000000000000
12715901.4042485784739255905151367187500000000000
-59311510.9857189282774925231933593750000000000000
-16823171.0915375873446464538574218750000000000000
-38409665.9803037717938423156738281250000000000000
-42353183.9861753135919570922851562500000000000000
37722838.0136282294988632202148437500000000000000
1342988.2800249315332621335983276367187500000000
-36783144.5278966575860977172851562500000000000000
101026284.9074948877096176147460937500000000000000
-71361484.7962350398302078247070312500000000000000
76489096.4447986036539077758789062500000000000000
10919901.7027727942913770675659179687500000000000
25284801.2997670173645019531250000000000000000000
93230738.4842913746833801269531250000000000000000
73244082.8853089809417724609375000000000000000000
-397265.4294383271480910480022430419921875000000
-48900048.9423491582274436950683593750000000000000
122803857.2507217526435852050781250000000000000000
-42365192.3078751787543296813964843750000000000000
-3011858.5778402723371982574462890625000000000000
46963656.7796548530459403991699218750000000000000
12637143.4008290413767099380493164062500000000000
-67171476.2623146027326583862304687500000000000000
-24324765.6739686280488967895507812500000000000000
-16278380.6688596140593290328979492187500000000000
-12860848.4222854711115360260009765625000000000000
-9578514.9876975249499082565307617187500000000000
-73634337.4548777043819427490234375000000000000000
-35915854.6541200503706932067871093750000000000000
32145944.0998088903725147247314453125000000000000
6310697.4105239575728774070739746093750000000000
-73535450.1232461482286453247070312500000000000000
-46032360.8760304749011993408203125000000000000000
-36167156.5545333102345466613769531250000000000000
-60816641.1685333922505378723144531250000000000000
14605782.0641786102205514907836914062500000000000
96550361.6600103527307510375976562500000000000000
11988850.2411251589655876159667968750000000000000
-18700624.9289859831333160400390625000000000000000
-53269340.8354015722870826721191406250000000000000
23501623.5177459977567195892333984375000000000000
-563438.0180687858955934643745422363281250000000
1826820.4493618805427104234695434570312500000000
48602660.6228976175189018249511718750000000000000
-1899571.8305798140354454517364501953125000000000
-21589984.8317715674638748168945312500000000000000
-17594295.6367868520319461822509765625000000000000
30386471.7570633590221405029296875000000000000000
12159884.9983444940298795700073242187500000000000
-36403294.7803603932261466979980468750000000000000
-49327616.4045280516147613525390625000000000000000
77151415.1282981932163238525390625000000000000000
916605.3692195742623880505561828613281250000000
17706405.3889682851731777191162109375000000000000
65683937.4267363771796226501464843750000000000000
-7067683.0704621663317084312438964843750000000000
-52591473.0339274704456329345703125000000000000000
15459315.2648698631674051284790039062500000000000
-751314.8817376217339187860488891601562500000000
-9501399.7265221364796161651611328125000000000000
15865584.8864697720855474472045898437500000000000
-32245542.8802775554358959197998046875000000000000
-16537311.3067230749875307083129882812500000000000
13229501.1564289070665836334228515625000000000000
43959520.1044893637299537658691406250000000000000
-69395797.7506331950426101684570312500000000000000
56103347.0592037141323089599609375000000000000000
10160028.2266497798264026641845703125000000000000
-25415717.3595353588461875915527343750000000000000
-35379755.2324025928974151611328125000000000000000
13325979.5828178618103265762329101562500000000000
37606290.3131177425384521484375000000000000000000
51713059.8764707818627357482910156250000000000000
18077933.8610432483255863189697265625000000000000
-18504355.4893040955066680908203125000000000000000
12521391.8315634839236736297607421875000000000000
-15354350.6115687657147645950317382812500000000000
56842577.6549242734909057617187500000000000000000
-85588378.4770163446664810180664062500000000000000
69159612.0346146821975708007812500000000000000000
-37662068.7090715542435646057128906250000000000000
-24174857.0986506417393684387207031250000000000000
-2597747.7967949705198407173156738281250000000000
-52679173.8003259301185607910156250000000000000000
19243100.6915631853044033050537109375000000000000
34558327.2896499186754226684570312500000000000000
42959447.6097436696290969848632812500000000000000
37476019.6033320724964141845703125000000000000000
42459670.0816799029707908630371093750000000000000
-37811981.2253304049372673034667968750000000000000
-29303956.9827271811664104461669921875000000000000
35453477.0910531133413314819335937500000000000000
-31391877.7396682649850845336914062500000000000000
21670765.5334264934062957763671875000000000000000
-58686773.3423125967383384704589843750000000000000
-12867537.7453947290778160095214843750000000000000
-80780594.5895978659391403198242187500000000000000
17465884.2729218900203704833984375000000000000000
-22966138.0670271553099155426025390625000000000000
1096480.3300061912741512060165405273437500000000
18818543.4916613884270191192626953125000000000000
51589625.1785366311669349670410156250000000000000
-35125365.6137844771146774291992187500000000000000
87726053.1798589378595352172851562500000000000000
7693859.9996980885043740272521972656250000000000
55379487.8487284407019615173339843750000000000000
13408077.4002184700220823287963867187500000000000
-70720657.1574887484312057495117187500000000000000
-99989687.6114261895418167114257812500000000000000
37022920.0760165303945541381835937500000000000000
-16273140.6354037802666425704956054687500000000000
-1356512.2322551466058939695358276367187500000000
32838198.0092236660420894622802734375000000000000
44049318.6287453100085258483886718750000000000000
26206746.5960176140069961547851562500000000000000
-28982394.5499993227422237396240234375000000000000
-19824926.8636939525604248046875000000000000000000
-77794613.1232048422098159790039062500000000000000
9680389.3230502288788557052612304687500000000000
-5007242.0798723669722676277160644531250000000000
-20648563.3181950896978378295898437500000000000000
-8758519.9424738232046365737915039062500000000000
30728827.5035575851798057556152343750000000000000
58647368.5736057311296463012695312500000000000000
-9440765.5945055577903985977172851562500000000000
66273772.7753679081797599792480468750000000000000
35316057.2008880600333213806152343750000000000000
-71493563.9412347525358200073242187500000000000000
-1190697.6645923240575939416885375976562500000000
-9450652.8578044883906841278076171875000000000000
44454571.9711564853787422180175781250000000000000
-15030676.3721719384193420410156250000000000000000
-14424057.6671414338052272796630859375000000000000
20530557.0293900221586227416992187500000000000000
-17134583.9586833938956260681152343750000000000000
36862810.8090988174080848693847656250000000000000
-32509813.0448303744196891784667968750000000000000
-6520384.8486206922680139541625976562500000000000
-54669891.8896273300051689147949218750000000000000
-71201585.4256565123796463012695312500000000000000
-79738669.4223733842372894287109375000000000000000
49013066.5353780761361122131347656250000000000000
-8008630.0431730356067419052124023437500000000000
29336203.9640262760221958160400390625000000000000
-36410680.1129276677966117858886718750000000000000
495798.1493749142973683774471282958984375000000
-6769948.5163700887933373451232910156250000000000
-86289458.9215754717588424682617187500000000000000
8363934.9630374535918235778808593750000000000000
51865506.6509591862559318542480468750000000000000
11752040.7644076049327850341796875000000000000000
45158894.7617082670331001281738281250000000000000
39898908.3936229646205902099609375000000000000000
-1853385.3796226158738136291503906250000000000000
16868816.7281939163804054260253906250000000000000
49682544.5790106505155563354492187500000000000000
13189668.5418042019009590148925781250000000000000
-13907475.8083540685474872589111328125000000000000
9941547.6014994401484727859497070312500000000000
-1105882.2598025021143257617950439453125000000000
-48354032.3186056166887283325195312500000000000000
60545252.0441841185092926025390625000000000000000
21823235.7643765956163406372070312500000000000000
-25978045.2969410233199596405029296875000000000000
-11872624.5365831218659877777099609375000000000000
-4555412.2283228700980544090270996093750000000000
-10314311.2406993377953767776489257812500000000000
1727459.8760481779463589191436767578125000000000
31199686.1926112323999404907226562500000000000000
-50521259.9153062924742698669433593750000000000000
-3001255.0122939618304371833801269531250000000000
66594518.3884171396493911743164062500000000000000
-841743.3413423907477408647537231445312500000000
-11261137.2243675272911787033081054687500000000000
-62173658.0520827248692512512207031250000000000000
-30196787.7100008502602577209472656250000000000000
-12058687.6415522377938032150268554687500000000000
-43816031.8716025948524475097656250000000000000000
1062891.0330090289935469627380371093750000000000
-17924911.5789018087089061737060546875000000000000
-75373515.7538926303386688232421875000000000000000
77107706.5772098898887634277343750000000000000000
-36833685.8157765194773674011230468750000000000000
38633062.0716764256358146667480468750000000000000
5738308.9532863665372133255004882812500000000000
-16831768.3001586124300956726074218750000000000000
23221750.2991723567247390747070312500000000000000
-7344297.7354323202744126319885253906250000000000
-17311148.4599681124091148376464843750000000000000
60313121.3549884781241416931152343750000000000000
20583664.3782923147082328796386718750000000000000
26133268.5656580664217472076416015625000000000000
55123995.0001351162791252136230468750000000000000
56355594.1856476292014122009277343750000000000000
-43607049.1718111410737037658691406250000000000000
8540747.3944740220904350280761718750000000000000
54197897.6115848347544670104980468750000000000000
49883739.6258612647652626037597656250000000000000
-2753709.0375778959132730960845947265625000000000
87855746.4311485886573791503906250000000000000000
25895902.3848069235682487487792968750000000000000
-20762506.3349711410701274871826171875000000000000
3504118.2461281740106642246246337890625000000000
60403927.8298478350043296813964843750000000000000
-27603115.5518648773431777954101562500000000000000
-20089555.3129194676876068115234375000000000000000
-43859561.8861355781555175781250000000000000000000
16627777.5152727290987968444824218750000000000000
-16239134.1666817199438810348510742187500000000000
-140041.2562703365401830524206161499023437500000
2061856.6646725155878812074661254882812500000000
55771581.0433747544884681701660156250000000000000
7568189.7722368445247411727905273437500000000000
-36196401.5468904525041580200195312500000000000000
-59718003.1556253731250762939453125000000000000000
29849663.0080085471272468566894531250000000000000
-33453360.4942207597196102142333984375000000000000
-20173447.6434119790792465209960937500000000000000
15182920.1889698896557092666625976562500000000000
-53649351.9225748553872108459472656250000000000000
-68559126.1647478193044662475585937500000000000000
47159867.7027284577488899230957031250000000000000
-48541453.9198507592082023620605468750000000000000
-63510323.1565135046839714050292968750000000000000
-94814495.0134034007787704467773437500000000000000
-16881791.9348962493240833282470703125000000000000
-13998633.2220730725675821304321289062500000000000
1668377.3669795664027333259582519531250000000000
23449154.2736626304686069488525390625000000000000
-48705327.3180067092180252075195312500000000000000
-21582962.9751652218401432037353515625000000000000
22378479.9514559023082256317138671875000000000000
-51417836.0022214725613594055175781250000000000000
-35279529.9875086620450019836425781250000000000000
58214458.7418132722377777099609375000000000000000
-39349318.2317170053720474243164062500000000000000
-34976229.1339408233761787414550781250000000000000
17362229.6778177432715892791748046875000000000000
21119572.0230952575802803039550781250000000000000
133737.6067667362221982330083847045898437500000
39215612.7567452564835548400878906250000000000000
65166134.5003796517848968505859375000000000000000
-6074815.5771831776946783065795898437500000000000
-13574106.9374007601290941238403320312500000000000
-14480948.9099015947431325912475585937500000000000
4973034.6699371375143527984619140625000000000000
-3693951.3575621522031724452972412109375000000000
38913764.6283785402774810791015625000000000000000
57056970.0666802451014518737792968750000000000000
-29946422.3657471761107444763183593750000000000000
60612314.8490172103047370910644531250000000000000
-31191280.2607165612280368804931640625000000000000
16540489.5159763209521770477294921875000000000000
31280908.8001723960041999816894531250000000000000
-40153057.8563046604394912719726562500000000000000
11826126.2581737451255321502685546875000000000000
64976289.7023523449897766113281250000000000000000
5164601.0798560054972767829895019531250000000000
-3606889.6113101593218743801116943359375000000000
-11390659.6380363497883081436157226562500000000000
61626133.8010728880763053894042968750000000000000
28051568.3932872675359249114990234375000000000000
-1881311.8777211732231080532073974609375000000000
8636521.2251444868743419647216796875000000000000
-31941528.8445537760853767395019531250000000000000
16779331.1243866942822933197021484375000000000000
-34450423.3012528195977210998535156250000000000000
-6474344.3040416799485683441162109375000000000000
-12924408.4703832156956195831298828125000000000000
-49045105.7737947255373001098632812500000000000000
1985345.0779433278366923332214355468750000000000
17476421.8311043307185173034667968750000000000000
-56373112.0127109587192535400390625000000000000000
27740890.9033100493252277374267578125000000000000
21078549.5098091401159763336181640625000000000000
10152699.9370949678122997283935546875000000000000
31438600.6271553896367549896240234375000000000000
-6233824.5987074133008718490600585937500000000000
9432324.8274735081940889358520507812500000000000
32652700.2014929950237274169921875000000000000000
29294582.8974709324538707733154296875000000000000
-48257426.7101142853498458862304687500000000000000
22360094.0998766012489795684814453125000000000000
40358883.6195740550756454467773437500000000000000
27651611.1852053590118885040283203125000000000000
18276169.8959529362618923187255859375000000000000
6030795.1643437901511788368225097656250000000000
9016435.1536846198141574859619140625000000000000
-51191349.0391649007797241210937500000000000000000
12191963.9836821909993886947631835937500000000000
-45926157.3643337041139602661132812500000000000000
-34425929.7883810624480247497558593750000000000000
-22652640.1489779986441135406494140625000000000000
-1071970.6541333789937198162078857421875000000000
-80764948.8041009306907653808593750000000000000000
-1995026.7401624785270541906356811523437500000000
-7819968.5390332378447055816650390625000000000000
-15801212.6548773571848869323730468750000000000000
20500392.6784853152930736541748046875000000000000
-14033829.0824066884815692901611328125000000000000
51115532.6891765370965003967285156250000000000000
-21103069.8088296540081501007080078125000000000000
-52112791.3105459138751029968261718750000000000000
-22216446.2148892730474472045898437500000000000000
3349746.5992805031128227710723876953125000000000
47324505.0387082546949386596679687500000000000000
38825882.5915671214461326599121093750000000000000
1207447.4846959721762686967849731445312500000000
6896416.6483459481969475746154785156250000000000
-14642625.1412845440208911895751953125000000000000
-4235443.3356491690501570701599121093750000000000
-42320228.8053245693445205688476562500000000000000
15463600.1982397511601448059082031250000000000000
-5258919.8638388849794864654541015625000000000000
10577366.9587780237197875976562500000000000000000
24810199.9873397238552570343017578125000000000000
2087361.7508263993076980113983154296875000000000
-9024759.8206540029495954513549804687500000000000
-1829692.1772018608171492815017700195312500000000
26512024.1952973306179046630859375000000000000000
-20107390.4285310097038745880126953125000000000000
-4854057.4971357509493827819824218750000000000000
17423441.7144105769693851470947265625000000000000
-53786782.0093142911791801452636718750000000000000
-13567561.7892050351947546005249023437500000000000
8229172.5727139599621295928955078125000000000000
49891502.7245786488056182861328125000000000000000
71340733.1771703064441680908203125000000000000000
-2828896.5102704707533121109008789062500000000000
15147950.8825970571488142013549804687500000000000
13401752.6420325431972742080688476562500000000000
-5149266.3664634553715586662292480468750000000000
-7006123.6012222440913319587707519531250000000000
-64840003.4639582782983779907226562500000000000000
