0.6924227197620159701685338404786307364702
-66.2072125305504783909782418049871921539307
1712.4293406255221725587034597992897033691406
-19484.5670623317746503744274377822875976562500
115065.1478324685303959995508193969726562500000
-368198.3295754976570606231689453125000000000000
590976.3869611601112410426139831542968750000000
-280742.5181263425038196146488189697265625000000
-244455.5521047586807981133460998535156250000000
-203106.1802367057825904339551925659179687500000
818760.8644157020607963204383850097656250000000
-141585.7578999021789059042930603027343750000000
7625.6459320442991156596690416336059570312500
-468431.6544458213611505925655364990234375000000
-597270.7239200418116524815559387207031250000000
839681.5884376988979056477546691894531250000000
-103607.4791317240742500871419906616210937500000
787020.2776810557115823030471801757812500000000
-992759.3758841968374326825141906738281250000000
162606.0003416475956328213214874267578125000000
315766.1629689299734309315681457519531250000000
-278436.2544164787395857274532318115234375000000
177040.4896370794449467211961746215820312500000
-811111.8317449942696839570999145507812500000000
1727217.6439908416941761970520019531250000000000
104734.9009132369101280346512794494628906250000
463676.1661891339463181793689727783203125000000
-2705565.9150457209907472133636474609375000000000
-2095930.7968253174331039190292358398437500000000
-332150.5098682372481562197208404541015625000000
1010913.3574617918347939848899841308593750000000
4966351.3142163548618555068969726562500000000000
649697.5179398913169279694557189941406250000000
-1347361.8724987839814275503158569335937500000000
874706.7585676222806796431541442871093750000000
-791774.6297164808493107557296752929687500000000
-1644829.9988435090053826570510864257812500000000
-2245950.7573454696685075759887695312500000000000
2247792.3469753363169729709625244140625000000000
-953093.6654639273183420300483703613281250000000
-310923.9258443518774583935737609863281250000000
309735.7321360604837536811828613281250000000000
-377024.8559826863347552716732025146484375000000
2898885.1211161278188228607177734375000000000000
-547568.4943166238954290747642517089843750000000
-2704259.1180731412023305892944335937500000000000
655811.2484700143104419112205505371093750000000
570929.2665330237941816449165344238281250000000
-1003622.9828959322767332196235656738281250000000
554152.7908523981459438800811767578125000000000
-992583.1592931384220719337463378906250000000000
1872986.4554449887946248054504394531250000000000
338915.1731931526446714997291564941406250000000
-2448634.5470433668233454227447509765625000000000
-1565963.4557985151186585426330566406250000000000
152436.1416634382330812513828277587890625000000
-3687787.5380614665336906909942626953125000000000
4766733.3452195851132273674011230468750000000000
8512216.2487429790198802947998046875000000000000
-12258676.6893005855381488800048828125000000000000
26159937.8091718181967735290527343750000000000000
3464945.5990569111891090869903564453125000000000
-17222996.5990284942090511322021484375000000000000
-14242134.0851736515760421752929687500000000000000
-2116119.1817132905125617980957031250000000000000
2719737.3444766704924404621124267578125000000000
13612877.6644971724599599838256835937500000000000
13947410.6244573108851909637451171875000000000000
-3125502.4828679217025637626647949218750000000000
-10320582.4014148302376270294189453125000000000000
315224.0593459389638155698776245117187500000000
-10433594.4769200216978788375854492187500000000000
-167210.6965088254073634743690490722656250000000
10899257.6983261499553918838500976562500000000000
-17405282.9986621327698230743408203125000000000000
-20902854.3165098056197166442871093750000000000000
4433610.9749016780406236648559570312500000000000
-6233032.9478771118447184562683105468750000000000
-5058830.9064045920968055725097656250000000000000
10173135.3353513833135366439819335937500000000000
5235057.7369152605533599853515625000000000000000
9219422.6889275349676609039306640625000000000000
16179287.7661967277526855468750000000000000000000
-5760540.1571228858083486557006835937500000000000
9211472.1795657332986593246459960937500000000000
5676789.3790515884757041931152343750000000000000
7179651.8222302636131644248962402343750000000000
-10856939.5458328239619731903076171875000000000000
10423621.2419544775038957595825195312500000000000
17247120.9494800679385662078857421875000000000000
-3508859.8668168061412870883941650390625000000000
3532695.0714200693182647228240966796875000000000
-6596904.7158603146672248840332031250000000000000
-21819602.2121808975934982299804687500000000000000
8217705.8672656649723649024963378906250000000000
4115533.5670710708945989608764648437500000000000
-11420099.7234162427484989166259765625000000000000
20570383.4721896313130855560302734375000000000000
-9752955.6517728306353092193603515625000000000000
-15913258.0295677892863750457763671875000000000000
-5476411.3822577577084302902221679687500000000000
-1561973.7335163226816803216934204101562500000000
-2030106.2391285817138850688934326171875000000000
-12424193.2453208956867456436157226562500000000000
2635911.5693022301420569419860839843750000000000
5750117.1488307798281311988830566406250000000000
5747930.3009196557104587554931640625000000000000
-10588756.9363367892801761627197265625000000000000
2722022.8426647162996232509613037109375000000000
674163.4549407043959945440292358398437500000000
39999630.8818599954247474670410156250000000000000
-25113562.2513986304402351379394531250000000000000
-11213581.2010294571518898010253906250000000000000
-35022065.2431881949305534362792968750000000000000
9702439.0627716649323701858520507812500000000000
-4348827.7003734195604920387268066406250000000000
-11396368.7846999391913414001464843750000000000000
-5968308.0408139266073703765869140625000000000000
12447683.1999725885689258575439453125000000000000
-12553023.6614589802920818328857421875000000000000
-369117.8053422728553414344787597656250000000000
23547256.2641475796699523925781250000000000000000
1771067.5047920183278620243072509765625000000000
13827813.3251762166619300842285156250000000000000
902918.8254594194004312157630920410156250000000
12237120.5938962288200855255126953125000000000000
15748909.6748207490891218185424804687500000000000
2113697.9330916977487504482269287109375000000000
5920411.3450981760397553443908691406250000000000
-6511043.9735483825206756591796875000000000000000
3348322.2410724740475416183471679687500000000000
14208852.3467874694615602493286132812500000000000
12431369.6531561091542243957519531250000000000000
-170998.1480022824835032224655151367187500000000
791373.5097922327695414423942565917968750000000
984990.0990078410832211375236511230468750000000
11403748.0436319652944803237915039062500000000000
-18662338.5644912496209144592285156250000000000000
11677197.0275827180594205856323242187500000000000
8465429.3689193781465291976928710937500000000000
-4980965.8319752961397171020507812500000000000000
-11413749.4655676316469907760620117187500000000000
-16336289.7391805481165647506713867187500000000000
15479354.5296197049319744110107421875000000000000
-21897820.9207359999418258666992187500000000000000
-8849921.5926134679466485977172851562500000000000
-2462103.7680182689800858497619628906250000000000
9772692.4348033685237169265747070312500000000000
-33615336.7103870585560798645019531250000000000000
-11601945.4833708629012107849121093750000000000000
-1555708.4966313992626965045928955078125000000000
8669454.2340310402214527130126953125000000000000
-9608305.4462886732071638107299804687500000000000
-7941423.5091148931533098220825195312500000000000
-3454533.6580305746756494045257568359375000000000
3550046.7169253006577491760253906250000000000000
19390920.7894434444606304168701171875000000000000
-4852574.8611744334921240806579589843750000000000
1286520.5831156692001968622207641601562500000000
14625411.6288933642208576202392578125000000000000
11239464.9312148056924343109130859375000000000000
210930.4093154456641059368848800659179687500000
10156818.2448898162692785263061523437500000000000
5290310.0147644542157649993896484375000000000000
3088603.6631101169623434543609619140625000000000
-11749597.1291909459978342056274414062500000000000
-2486844.8070377232506871223449707031250000000000
-15088112.1180900186300277709960937500000000000000
-16057617.9119722526520490646362304687500000000000
3986279.1033625504933297634124755859375000000000
-5315689.1616326412186026573181152343750000000000
-17821303.6937512010335922241210937500000000000000
-779615.2216345272026956081390380859375000000000
-3500792.1736209364607930183410644531250000000000
-6013137.5165473269298672676086425781250000000000
-1495554.6029599544126540422439575195312500000000
-6922227.2875045044347643852233886718750000000000
12807934.4213151242583990097045898437500000000000
-3506539.6700274543836712837219238281250000000000
2261420.6027352386154234409332275390625000000000
29794584.3919876404106616973876953125000000000000
22315976.2485359683632850646972656250000000000000
6001316.7688207225874066352844238281250000000000
42268792.1704461500048637390136718750000000000000
-643937.3230968388961628079414367675781250000000
-6083089.0403465824201703071594238281250000000000
-18898849.7799067012965679168701171875000000000000
-17496735.8212729431688785552978515625000000000000
-7462693.5897145634517073631286621093750000000000
-6788435.8794717481359839439392089843750000000000
-2221432.5511288493871688842773437500000000000000
4498616.8794971760362386703491210937500000000000
8127177.0377229452133178710937500000000000000000
8582099.0337830912321805953979492187500000000000
11351842.8219407312572002410888671875000000000000
-2059746.3472413248382508754730224609375000000000
4122394.3908952628262341022491455078125000000000
-18331717.4915944002568721771240234375000000000000
1953214.6433599286247044801712036132812500000000
-14065962.8054175078868865966796875000000000000000
-12411705.5161318071186542510986328125000000000000
19856113.9827802181243896484375000000000000000000
-3751213.6989958523772656917572021484375000000000
-3244055.2604482132010161876678466796875000000000
-11360313.0900547243654727935791015625000000000000
20178803.0805688053369522094726562500000000000000
-5164883.4306046804413199424743652343750000000000
-14164368.7480077110230922698974609375000000000000
8873028.4694545716047286987304687500000000000000
23871002.3601811081171035766601562500000000000000
-14158994.5216007661074399948120117187500000000000
-16674594.7759584393352270126342773437500000000000
5982207.2863515298813581466674804687500000000000
3555142.4615183100104331970214843750000000000000
18379567.0204939097166061401367187500000000000000
20238360.0589084364473819732666015625000000000000
-14758365.6501394808292388916015625000000000000000
21388876.5110920444130897521972656250000000000000
6305940.4123547021299600601196289062500000000000
-21313458.5520247519016265869140625000000000000000
4101817.4998310166411101818084716796875000000000
-29841595.9572735801339149475097656250000000000000
-11566492.5596360880881547927856445312500000000000
-14197883.6826075352728366851806640625000000000000
10175226.5996953658759593963623046875000000000000
-15583164.4617492370307445526123046875000000000000
-1607637.4621460745111107826232910156250000000000
23199501.6946924775838851928710937500000000000000
15481748.0022554602473974227905273437500000000000
-6554323.3448412287980318069458007812500000000000
4377228.8408434037119150161743164062500000000000
-6495474.2496459009125828742980957031250000000000
475422.7301735398359596729278564453125000000000
-1385242.6682682032696902751922607421875000000000
15283892.8676026333123445510864257812500000000000
-2769576.0603090180084109306335449218750000000000
16780593.5495914258062839508056640625000000000000
14909076.0126983597874641418457031250000000000000
-2474788.9896169272251427173614501953125000000000
-1508704.5919391398783773183822631835937500000000
-3225877.6487122569233179092407226562500000000000
-16741151.5515783689916133880615234375000000000000
8300115.2997684441506862640380859375000000000000
8010096.1242257924750447273254394531250000000000
-16210590.6994583476334810256958007812500000000000
-11955245.4467241745442152023315429687500000000000
-19972614.1221920363605022430419921875000000000000
-10100106.3509392589330673217773437500000000000000
17207922.4838877394795417785644531250000000000000
524844.9766520558623597025871276855468750000000
2143090.3466583350673317909240722656250000000000
4832739.3638090919703245162963867187500000000000
-30451388.5597615800797939300537109375000000000000
-4052923.9211052297614514827728271484375000000000
-5187594.6187373073771595954895019531250000000000
-35695885.4995909556746482849121093750000000000000
30852304.3265721201896667480468750000000000000000
4004984.2509626024402678012847900390625000000000
37842257.0846132561564445495605468750000000000000
-4540776.3025796972215175628662109375000000000000
-25810722.4891255050897598266601562500000000000000
-147766.4287519799545407295227050781250000000000
12350438.0036727637052536010742187500000000000000
12948573.0891666766256093978881835937500000000000
10228927.3093351833522319793701171875000000000000
26039136.7773918062448501586914062500000000000000
-15265241.2643656246364116668701171875000000000000
5282490.0902810711413621902465820312500000000000
-6115276.3846212085336446762084960937500000000000
-12588326.0544016100466251373291015625000000000000
162938.4662655383872333914041519165039062500000
-15052156.8801381289958953857421875000000000000000
-7502399.3303060745820403099060058593750000000000
3674715.3334785546176135540008544921875000000000
10497430.6385090183466672897338867187500000000000
5669012.4293760443106293678283691406250000000000
2354804.9257516358047723770141601562500000000000
-8078979.4256413141265511512756347656250000000000
-8116405.2106809914112091064453125000000000000000
11912256.5682319849729537963867187500000000000000
-4606302.4683968676254153251647949218750000000000
5350429.0418786266818642616271972656250000000000
17965168.6107842177152633666992187500000000000000
7445995.7175638303160667419433593750000000000000
-4433519.4955267775803804397583007812500000000000
2331626.9363439893350005149841308593750000000000
-20906231.6169731579720973968505859375000000000000
-9390670.4396242275834083557128906250000000000000
-718006.3017957296688109636306762695312500000000
-7574712.6316069373860955238342285156250000000000
23476772.8227585144340991973876953125000000000000
8214586.8131339391693472862243652343750000000000
-25956571.1937893331050872802734375000000000000000
-28094206.8748840019106864929199218750000000000000
2537343.7327948841266334056854248046875000000000
-20237111.2873901128768920898437500000000000000000
3265551.2701681465841829776763916015625000000000
8632439.2871758472174406051635742187500000000000
16890931.7215813808143138885498046875000000000000
-970466.3620326149975880980491638183593750000000
-8794353.7077666167169809341430664062500000000000
3397105.6348040113225579261779785156250000000000
17264751.0820436887443065643310546875000000000000
8058429.7038951572030782699584960937500000000000
20036086.5374784544110298156738281250000000000000
12757858.8421133439987897872924804687500000000000
-3177573.0216177105903625488281250000000000000000
1195611.2954453146085143089294433593750000000000
7140880.4784846026450395584106445312500000000000
-6335136.6296688672155141830444335937500000000000
-18249862.3043597154319286346435546875000000000000
3137716.4614883414469659328460693359375000000000
-10302436.4126725587993860244750976562500000000000
6175006.8509661694988608360290527343750000000000
1740529.7443689072970300912857055664062500000000
-8493303.9866736158728599548339843750000000000000
9713887.6886241789907217025756835937500000000000
1092054.5403468054719269275665283203125000000000
8206950.6708338949829339981079101562500000000000
18787584.1931194178760051727294921875000000000000
-7265689.1975637422874569892883300781250000000000
-23063127.0063844956457614898681640625000000000000
21427635.6071393340826034545898437500000000000000
3325559.3843149645254015922546386718750000000000
-8427396.3130460660904645919799804687500000000000
8177628.4778962908312678337097167968750000000000
-14360804.4881875533610582351684570312500000000000
13373423.4468789976090192794799804687500000000000
3981552.2944656107574701309204101562500000000000
-59487.4625643160034087486565113067626953125000
-7593012.3104971703141927719116210937500000000000
3949843.2572080837562680244445800781250000000000
3738660.7284363326616585254669189453125000000000
299588.9240367536549456417560577392578125000000
1227962.5905974106863141059875488281250000000000
-8058900.4425506442785263061523437500000000000000
-2887355.5463799596764147281646728515625000000000
-8906765.4624256733804941177368164062500000000000
-763842.6408935841172933578491210937500000000000
-30492735.6361758559942245483398437500000000000000
13123987.3122404925525188446044921875000000000000
-10568500.0144069511443376541137695312500000000000
2103920.1202067993581295013427734375000000000000
5921044.5545628247782588005065917968750000000000
-7304455.1175319440662860870361328125000000000000
-33199082.6512936353683471679687500000000000000000
13370600.4980124626308679580688476562500000000000
2790005.5662303282879292964935302734375000000000
10405947.0244614668190479278564453125000000000000
4186173.9442123533226549625396728515625000000000
-12719066.6934480536729097366333007812500000000000
15774080.4213646017014980316162109375000000000000
4771545.5022863112390041351318359375000000000000
-15060030.1732526104897260665893554687500000000000
-17665022.0311184190213680267333984375000000000000
5625907.1807250967249274253845214843750000000000
2824082.5890124905854463577270507812500000000000
6530033.3900708779692649841308593750000000000000
10230568.9868056811392307281494140625000000000000
1445886.0231071363668888807296752929687500000000
7680189.0284775039181113243103027343750000000000
-6180264.5394466537982225418090820312500000000000
-3725332.9624127419665455818176269531250000000000
-7218592.7812598450109362602233886718750000000000
-4046265.2984988554380834102630615234375000000000
8878488.4279832597821950912475585937500000000000
-20836106.6891162209212779998779296875000000000000
8261957.5058651426807045936584472656250000000000
1980745.7496431607287377119064331054687500000000
11563453.0267962999641895294189453125000000000000
8494861.9167261533439159393310546875000000000000
28376400.4358376152813434600830078125000000000000
-3614853.6197430542670190334320068359375000000000
-4376651.9312521182000637054443359375000000000000
21324587.5230647511780261993408203125000000000000
5566081.2197145894169807434082031250000000000000
11967348.4294363558292388916015625000000000000000
3569323.4415362314321100711822509765625000000000
1698474.6561220071744173765182495117187500000000
-19889378.4798686094582080841064453125000000000000
-8519278.9257705397903919219970703125000000000000
-10547141.9968641251325607299804687500000000000000
3309970.7821259237825870513916015625000000000000
-3664550.0129149234853684902191162109375000000000
10123865.2479533087462186813354492187500000000000
-15080530.4867562465369701385498046875000000000000
-6365154.8438363624736666679382324218750000000000
19248971.0954913683235645294189453125000000000000
-309728.9963086444186046719551086425781250000000
-9029272.0375540927052497863769531250000000000000
6457035.2054476160556077957153320312500000000000
21642463.4319482706487178802490234375000000000000
20553579.5429160557687282562255859375000000000000
-14606696.4106821324676275253295898437500000000000
-3535104.0280148782767355442047119140625000000000
-14372582.3458296414464712142944335937500000000000
2687600.6503528258763253688812255859375000000000
-2293032.8088272819295525550842285156250000000000
6382170.2296457029879093170166015625000000000000
-7709964.1527142049744725227355957031250000000000
2078840.3983173076994717121124267578125000000000
-1301399.2324224261101335287094116210937500000000
-2827960.8557256907224655151367187500000000000000
10078612.3293472640216350555419921875000000000000
7518605.6232445631176233291625976562500000000000
-13355610.7318008393049240112304687500000000000000
-10328222.5332485884428024291992187500000000000000
3286342.7126330672763288021087646484375000000000
-6150404.2729792725294828414916992187500000000000
-10045145.5312957148998975753784179687500000000000
22172112.6179983243346214294433593750000000000000
2476907.5244778892956674098968505859375000000000
2025483.5919023626483976840972900390625000000000
-23674043.9494667239487171173095703125000000000000
-9164077.1090948563069105148315429687500000000000
-8805801.8812536764889955520629882812500000000000
99546.4649642848962685093283653259277343750000
1242214.9983191345818340778350830078125000000000
-9609142.2009000331163406372070312500000000000000
-12186763.8139102961868047714233398437500000000000
9779907.9460138250142335891723632812500000000000
1324269.6799020387697964906692504882812500000000
12460497.2050448507070541381835937500000000000000
-14075856.6715561021119356155395507812500000000000
-5875863.2655398035421967506408691406250000000000
1179829.3374952378217130899429321289062500000000
-6880318.7063070014119148254394531250000000000000
-3451309.6316371955908834934234619140625000000000
24563292.4993640258908271789550781250000000000000
-4413709.6041056280955672264099121093750000000000
-6816252.5778666725382208824157714843750000000000
-7052197.5869206320494413375854492187500000000000
-6821594.2045763107016682624816894531250000000000
10650160.2970234751701354980468750000000000000000
-6058894.7244701115414500236511230468750000000000
2869237.9379424108192324638366699218750000000000
12122030.7880763746798038482666015625000000000000
9807972.7626156900078058242797851562500000000000
-361221.4206217130413278937339782714843750000000
8892086.8775371033698320388793945312500000000000
10652773.6137959398329257965087890625000000000000
-10167643.3145761806517839431762695312500000000000
-12853476.4871636368334293365478515625000000000000
-16578711.4762211441993713378906250000000000000000
13475134.2672407720237970352172851562500000000000
5545904.4575367243960499763488769531250000000000
-24358838.6223308108747005462646484375000000000000
7275230.8333222027868032455444335937500000000000
-12826334.4620207399129867553710937500000000000000
6651912.9350559711456298828125000000000000000000
-11819344.5203860737383365631103515625000000000000
-3418374.3733319160528481006622314453125000000000
8519727.1694210749119520187377929687500000000000
10511488.5788078792393207550048828125000000000000
-2554445.8108159941621124744415283203125000000000
-6489775.1332755675539374351501464843750000000000
11495560.6624193936586380004882812500000000000000
-18540092.2816843912005424499511718750000000000000
5135335.6412895321846008300781250000000000000000
-6401134.3450983492657542228698730468750000000000
19845037.4491466172039508819580078125000000000000
4645281.6493922583758831024169921875000000000000
3125529.2461282522417604923248291015625000000000
10318448.4081312827765941619873046875000000000000
4208866.2396950097754597663879394531250000000000
429529.3315957877202890813350677490234375000000
-11962891.8257599808275699615478515625000000000000
6141416.3614165186882019042968750000000000000000
2358614.1769610759802162647247314453125000000000
-13042666.3926215786486864089965820312500000000000
-2398191.9796388568356633186340332031250000000000
-11187816.5800421331077814102172851562500000000000
6299585.9078716598451137542724609375000000000000
-2740127.4959544357843697071075439453125000000000
19652034.4647709503769874572753906250000000000000
-11573288.8936021961271762847900390625000000000000
-7638491.1247021760791540145874023437500000000000
1537891.5526443289127200841903686523437500000000
-19902019.9772576615214347839355468750000000000000
17293086.1110755912959575653076171875000000000000
-13695.0527136128384881885722279548645019531250
11190169.2993696667253971099853515625000000000000
-10881468.2746816929429769515991210937500000000000
9412996.8946132976561784744262695312500000000000
22680729.9193357117474079132080078125000000000000
7795811.0145413717254996299743652343750000000000
-1982220.0578670054674148559570312500000000000000
4208972.9017202677205204963684082031250000000000
-7192350.5960956783965229988098144531250000000000
10955835.8800626136362552642822265625000000000000
-3463886.3974588732235133647918701171875000000000
-10511326.3157482668757438659667968750000000000000
-3863040.9889752678573131561279296875000000000000
3067833.1913948380388319492340087890625000000000
5645756.3911036793142557144165039062500000000000
-2604791.9339017830789089202880859375000000000000
2365525.7358744270168244838714599609375000000000
-2219812.0549930282868444919586181640625000000000
996153.4983468649443238973617553710937500000000
-5472782.3832806851714849472045898437500000000000
176128.7278224131150636821985244750976562500000
13229775.4734293352812528610229492187500000000000
-16050073.3368198387324810028076171875000000000000
-2537364.4804241629317402839660644531250000000000
-525467.8128016361733898520469665527343750000000
-5188097.7718407800421118736267089843750000000000
13546501.4008252434432506561279296875000000000000
6071838.4371364582329988479614257812500000000000
1243423.0161608366761356592178344726562500000000
4884348.6454417128115892410278320312500000000000
-1679151.6935907611623406410217285156250000000000
-1333509.0329700973816215991973876953125000000000
22731.5784525098642916418612003326416015625000
8330698.3590749399736523628234863281250000000000
-19115907.6132328771054744720458984375000000000000
8367094.2783667352050542831420898437500000000000
376087.9153561346465721726417541503906250000000
-2205225.4311647652648389339447021484375000000000
16282841.1458484195172786712646484375000000000000
7095527.2371272267773747444152832031250000000000
8516174.0973132904618978500366210937500000000000
8335341.7535017905756831169128417968750000000000
-2316615.4156687264330685138702392578125000000000
-10493617.4938105754554271697998046875000000000000
4187533.0479920161888003349304199218750000000000
478880.1398360881139524281024932861328125000000
6259387.1579100266098976135253906250000000000000
-8860282.1670161355286836624145507812500000000000
512086.0053333510295487940311431884765625000000
5086651.3449539802968502044677734375000000000000
16017435.1612019632011651992797851562500000000000
-18912373.2556866817176342010498046875000000000000
-16906701.0822322256863117218017578125000000000000
-1144370.7485152911394834518432617187500000000000
16157732.0865059960633516311645507812500000000000
-3686459.9904510392807424068450927734375000000000
-14870799.4620543997734785079956054687500000000000
-1608015.8481308196205645799636840820312500000000
-13277375.3060677051544189453125000000000000000000
-134824.9475496609811671078205108642578125000000
1500152.9019164554774761199951171875000000000000
-7215444.8940390124917030334472656250000000000000
13921369.8216017223894596099853515625000000000000
-10390725.0502515733242034912109375000000000000000
6557620.2471947586163878440856933593750000000000
13374723.9823892470449209213256835937500000000000
-5667039.7616221951320767402648925781250000000000
-11383588.9616823755204677581787109375000000000000
-8988497.2387943193316459655761718750000000000000
3508594.9928910797461867332458496093750000000000
13070278.6097103022038936614990234375000000000000
-3743765.9004747308790683746337890625000000000000
-7107899.6067370241507887840270996093750000000000
794997.8357289318228140473365783691406250000000
1315940.4994496242143213748931884765625000000000
-5321777.2201208006590604782104492187500000000000
-14272731.6834837198257446289062500000000000000000
14339164.4427307769656181335449218750000000000000
3986129.0206508878618478775024414062500000000000
16055877.2030032780021429061889648437500000000000
-1741233.5994736840948462486267089843750000000000
-16619112.3312494512647390365600585937500000000000
7255883.9750125864520668983459472656250000000000
-4320540.3017503544688224792480468750000000000000
-2034977.9965899165254086256027221679687500000000
-5287560.8819083087146282196044921875000000000000
7253726.6561999516561627388000488281250000000000
-11802850.7409967295825481414794921875000000000000
-4439082.0326328203082084655761718750000000000000
16652179.4101706594228744506835937500000000000000
-10460786.1839580442756414413452148437500000000000
7672627.7039045887067914009094238281250000000000
-233611.9275593955535441637039184570312500000000
2064158.8815407236106693744659423828125000000000
-8692589.6512194424867630004882812500000000000000
-9676295.2086143977940082550048828125000000000000
1505979.2846287128049880266189575195312500000000
3722426.0160238686949014663696289062500000000000
-1835465.0330997693818062543869018554687500000000
4408607.1074001062661409378051757812500000000000
4045037.5101130395196378231048583984375000000000
-23393754.6324718035757541656494140625000000000000
-3892741.8753503104671835899353027343750000000000
-7492173.3278077337890863418579101562500000000000
3969946.8237508255988359451293945312500000000000
2136032.2844317732378840446472167968750000000000
-2010929.1212293088901787996292114257812500000000
13736524.4548036269843578338623046875000000000000
-3084512.0635281559079885482788085937500000000000
5750684.9985023681074380874633789062500000000000
203292.3795859163219574838876724243164062500000
266130.4653813687036745250225067138671875000000
7102358.9248273679986596107482910156250000000000
-2452985.5736467847600579261779785156250000000000
13080258.1106159631162881851196289062500000000000
14901739.0035976544022560119628906250000000000000
-5859085.5979692330583930015563964843750000000000
161563.7507428327517118304967880249023437500000
-3799707.9846703419461846351623535156250000000000
4842128.6839502407237887382507324218750000000000
2063578.2205527625046670436859130859375000000000
-6751029.3865095535293221473693847656250000000000
3825276.1660817679949104785919189453125000000000
10866578.4599621668457984924316406250000000000000
6768746.6013094671070575714111328125000000000000
-4224312.5219460418447852134704589843750000000000
-7672916.8146278541535139083862304687500000000000
-8600267.7316858079284429550170898437500000000000
-5533908.9669974269345402717590332031250000000000
-4864099.5046809194609522819519042968750000000000
-244636.5194001540949102491140365600585937500000
4818432.2103085089474916458129882812500000000000
-2144986.5466316356323659420013427734375000000000
-8108250.7654636995866894721984863281250000000000
-14248816.0639648698270320892333984375000000000000
-15788715.0027387551963329315185546875000000000000
10830758.2852393668144941329956054687500000000000
-9788695.5725452229380607604980468750000000000000
-9300362.5842086449265480041503906250000000000000
4436808.9132164837792515754699707031250000000000
6762812.7276665018871426582336425781250000000000
12650585.8469253145158290863037109375000000000000
5417244.7641806574538350105285644531250000000000
8365496.4001382188871502876281738281250000000000
-10422972.5786760896444320678710937500000000000000
-2753727.6377785545773804187774658203125000000000
2075962.2595720889512449502944946289062500000000
-3051146.6750070452690124511718750000000000000000
8324679.1036194618791341781616210937500000000000
-718914.4661000438500195741653442382812500000000
960413.5295667819445952773094177246093750000000
3406463.7513425904326140880584716796875000000000
497219.1737050677184015512466430664062500000000
-1641383.3436026785057038068771362304687500000000
-5260013.7542447624728083610534667968750000000000
6800405.6081676837056875228881835937500000000000
2183141.9038819167762994766235351562500000000000
-912751.4690012526698410511016845703125000000000
-4651211.2463155668228864669799804687500000000000
-6959419.3563164770603179931640625000000000000000
-8853774.7907219696789979934692382812500000000000
2211939.4499901961535215377807617187500000000000
7621296.0827167313545942306518554687500000000000
-80152.1994830520416144281625747680664062500000
4767390.2074165055528283119201660156250000000000
2775267.4773301593959331512451171875000000000000
-5831896.6920345323160290718078613281250000000000
-10059595.9794506169855594635009765625000000000000
965469.9050135976867750287055969238281250000000
-1674090.4701830544508993625640869140625000000000
8593492.6580337360501289367675781250000000000000
6240722.4235940631479024887084960937500000000000
-4864341.3505601733922958374023437500000000000000
-1330745.8408866308163851499557495117187500000000
-2556021.3960399082861840724945068359375000000000
8893392.7903770972043275833129882812500000000000
-6384051.4687979659065604209899902343750000000000
6043414.3430419852957129478454589843750000000000
3444602.0066631971858441829681396484375000000000
-9703044.7340166792273521423339843750000000000000
10147160.1703684888780117034912109375000000000000
-5858192.6776119414716958999633789062500000000000
6761016.3744843238964676856994628906250000000000
-7754323.8085719412192702293395996093750000000000
6992172.8321984214708209037780761718750000000000
8533519.5178997144103050231933593750000000000000
332264.9554201525752432644367218017578125000000
1239852.4463629957754164934158325195312500000000
2850420.1483053485862910747528076171875000000000
9221748.0788852553814649581909179687500000000000
4786636.1606175089254975318908691406250000000000
-5806213.7048332402482628822326660156250000000000
-1843882.8164659382309764623641967773437500000000
4716914.6240155622363090515136718750000000000000
-4548300.4682785235345363616943359375000000000000
1808830.3778229628223925828933715820312500000000
3989193.2034787070006132125854492187500000000000
-2168921.5149576375260949134826660156250000000000
2417929.2552958163432776927947998046875000000000
2146366.6976721435785293579101562500000000000000
-1034878.3630780833773314952850341796875000000000
134529.6833902681246399879455566406250000000000
8851072.1669540014117956161499023437500000000000
4343429.3461684705689549446105957031250000000000
5014502.5968138584867119789123535156250000000000
-2841431.6691051083616912364959716796875000000000
-8773253.2951208204030990600585937500000000000000
-7560850.2652054782956838607788085937500000000000
9505523.4221313875168561935424804687500000000000
-1616470.4197315739002078771591186523437500000000
-2467101.1485816449858248233795166015625000000000
2936022.2372431484982371330261230468750000000000
8818132.3826948404312133789062500000000000000000
-5706878.5051028300076723098754882812500000000000
9326913.9940125644207000732421875000000000000000
-3070783.4314533947035670280456542968750000000000
-7829664.5472767390310764312744140625000000000000
324384.1535404699970968067646026611328125000000
2970219.1858144700527191162109375000000000000000
1137900.9622792510781437158584594726562500000000
-5620827.4102811031043529510498046875000000000000
4095412.3767925193533301353454589843750000000000
1132904.1734454345423728227615356445312500000000
-1625193.9787909148726612329483032226562500000000
3099509.6033082078211009502410888671875000000000
-6625119.4915231997147202491760253906250000000000
1237486.7876784505788236856460571289062500000000
-4152673.9009808134287595748901367187500000000000
-1991394.6100637125782668590545654296875000000000
3493584.6610387028194963932037353515625000000000
-2039007.3781493280548602342605590820312500000000
364039.5143179071019403636455535888671875000000
-346915.2281583255389705300331115722656250000000
240890.9377747362013906240463256835937500000000
971361.2851052037440240383148193359375000000000
-4648274.7869082000106573104858398437500000000000
-799726.2799103754805400967597961425781250000000
-3173919.1094378763809800148010253906250000000000
-6542657.6193950595334172248840332031250000000000
-4596526.8351536896079778671264648437500000000000
2947729.9061591308563947677612304687500000000000
-112199.0609579514712095260620117187500000000000
-322469.8597310631885193288326263427734375000000
-5714708.6585217909887433052062988281250000000000
-2518426.7930132653564214706420898437500000000000
-2255994.3138313526287674903869628906250000000000
-5984452.3710108911618590354919433593750000000000
-3161750.2177418847568333148956298828125000000000
-2596830.5947681115940213203430175781250000000000
1748090.0663970671594142913818359375000000000000
-2948761.6633178861811757087707519531250000000000
-12574874.2052120380103588104248046875000000000000
2339284.2091538808308541774749755859375000000000
-4888100.8763482933863997459411621093750000000000
2488502.5099566681310534477233886718750000000000
5764244.1714252103120088577270507812500000000000
1931715.6184560584370046854019165039062500000000
-8940441.8575650639832019805908203125000000000000
2659282.2150233085267245769500732421875000000000
15584610.8008044920861721038818359375000000000000
-4836265.8648076429963111877441406250000000000000
2991499.8053566068410873413085937500000000000000
3196774.0914290831424295902252197265625000000000
-2160334.6769632776267826557159423828125000000000
1873395.6176214225124567747116088867187500000000
10235505.2404902745038270950317382812500000000000
-2298488.8527378542348742485046386718750000000000
-630230.7319205607054755091667175292968750000000
-1490042.8662703775335103273391723632812500000000
9848837.5047169197350740432739257812500000000000
-8105189.1876683337613940238952636718750000000000
-481812.8465663666138425469398498535156250000000
-3890210.8722243141382932662963867187500000000000
-435584.4114475656533613801002502441406250000000
5239919.4017028575763106346130371093750000000000
-3795193.4650692380964756011962890625000000000000
-5689561.7018685899674892425537109375000000000000
-377904.7162581854499876499176025390625000000000
2663776.0171873886138200759887695312500000000000
-1220406.7395491418428719043731689453125000000000
1939263.9285570809151977300643920898437500000000
-2054082.5210662032477557659149169921875000000000
2217602.3404241548851132392883300781250000000000
-1465489.3792338380590081214904785156250000000000
2983224.2363735307008028030395507812500000000000
304525.9892828273004852235317230224609375000000
1479746.8436500169336795806884765625000000000000
-2933977.6704582311213016510009765625000000000000
-4407058.9098083041608333587646484375000000000000
3085206.7852272330783307552337646484375000000000
3521957.5663671172223985195159912109375000000000
1463712.7626534686423838138580322265625000000000
-7895159.1853122944012284278869628906250000000000
-1981112.7755107346456497907638549804687500000000
4366596.6556432964280247688293457031250000000000
10762189.9620395880192518234252929687500000000000
377854.4809526043245568871498107910156250000000
16164654.5198947843164205551147460937500000000000
-1761198.6581263444386422634124755859375000000000
-501811.9367371693369932472705841064453125000000
1686894.7995603682938963174819946289062500000000
1418523.0487029920332133769989013671875000000000
-3935582.9874731292948126792907714843750000000000
3222507.7829331117682158946990966796875000000000
339435.6702416372136212885379791259765625000000
1872251.5481863587629050016403198242187500000000
-6796406.6169275753200054168701171875000000000000
4471668.5733394175767898559570312500000000000000
-8979016.2439664881676435470581054687500000000000
5540513.0417603543028235435485839843750000000000
-2985940.1193556366488337516784667968750000000000
-791970.1332206224324181675910949707031250000000
-2382196.8456521364860236644744873046875000000000
1999728.0230459610465914011001586914062500000000
-3279958.3667055559344589710235595703125000000000
-1639176.3172322551254183053970336914062500000000
-3178152.1628984371200203895568847656250000000000
-4191393.3012834899127483367919921875000000000000
6138643.3686267379671335220336914062500000000000
-5154414.8350943615660071372985839843750000000000
4069743.6265998729504644870758056640625000000000
