-1.4109970163498715134409167148987762629986
905.9877851062331046705367043614387512207031
-117286.8545716612861724570393562316894531250000
6271211.5782325603067874908447265625000000000000
-182651597.9773825705051422119140625000000000000000
3323158809.9803800582885742187500000000000000000000
-40854666391.7366561889648437500000000000000000000000
356143072079.0288085937500000000000000000000000000000
-2266834295070.1884765625000000000000000000000000000000
10692200927996.1054687500000000000000000000000000000000
-37385591437988.9218750000000000000000000000000000000000
94968432153579.8750000000000000000000000000000000000000
-164558535785076.7500000000000000000000000000000000000000
156290219238814.6875000000000000000000000000000000000000
30378141899117.7695312500000000000000000000000000000000
-293571062924865.5000000000000000000000000000000000000000
282534039457108.5625000000000000000000000000000000000000
99470257609956.0781250000000000000000000000000000000000
-319838230425674.9375000000000000000000000000000000000000
59064713872571.2890625000000000000000000000000000000000
78205796733533.3593750000000000000000000000000000000000
105374325330110.3125000000000000000000000000000000000000
126040346324512.0468750000000000000000000000000000000000
-413665511758266.9375000000000000000000000000000000000000
-23217259447422.1523437500000000000000000000000000000000
206356982811366.5000000000000000000000000000000000000000
145607951085596.4687500000000000000000000000000000000000
-82205671445731.2656250000000000000000000000000000000000
22890929074420.1484375000000000000000000000000000000000
110197035612275.6250000000000000000000000000000000000000
-364259086145729.1250000000000000000000000000000000000000
65546892875112.9296875000000000000000000000000000000000
-388709953332962.9375000000000000000000000000000000000000
386102109810418.1875000000000000000000000000000000000000
437800750636122.5000000000000000000000000000000000000000
155907971218532.0625000000000000000000000000000000000000
32205410712585.9765625000000000000000000000000000000000
-565850933700961.2500000000000000000000000000000000000000
-333403948630908.1875000000000000000000000000000000000000
188052003310223.6875000000000000000000000000000000000000
-389018396440998.5000000000000000000000000000000000000000
10020168964207.8007812500000000000000000000000000000000
687312238616700.6250000000000000000000000000000000000000
338904096694257.2500000000000000000000000000000000000000
-117206824233110.5312500000000000000000000000000000000000
189580767912105.5625000000000000000000000000000000000000
-77427605172465.3281250000000000000000000000000000000000
44264695658829.8828125000000000000000000000000000000000
-452633529385659.0000000000000000000000000000000000000000
-468624157380755.6875000000000000000000000000000000000000
-414419490899437.5000000000000000000000000000000000000000
50093287078535.0625000000000000000000000000000000000000
120364416693989.9531250000000000000000000000000000000000
63940061688291.2500000000000000000000000000000000000000
498724731458962.1250000000000000000000000000000000000000
711265071410332.6250000000000000000000000000000000000000
524093509623223.4375000000000000000000000000000000000000
100466511086677.8437500000000000000000000000000000000000
-569589752564764.7500000000000000000000000000000000000000
-175509165587648.6250000000000000000000000000000000000000
27282516525298.1132812500000000000000000000000000000000
-836398201580781.5000000000000000000000000000000000000000
-380363819059339.4375000000000000000000000000000000000000
-150087851907967.9375000000000000000000000000000000000000
40327869302985.7890625000000000000000000000000000000000
-60418568545314.8125000000000000000000000000000000000000
25613231520719.3476562500000000000000000000000000000000
190536237948161.9375000000000000000000000000000000000000
374341178428246.0000000000000000000000000000000000000000
427153687021284.5000000000000000000000000000000000000000
717765995721706.7500000000000000000000000000000000000000
-16071513552665.4199218750000000000000000000000000000000
385797431067440.6250000000000000000000000000000000000000
-236491449845185.7500000000000000000000000000000000000000
-108918740351221.0625000000000000000000000000000000000000
-186360792955241.0625000000000000000000000000000000000000
-332746005843805.0625000000000000000000000000000000000000
-272414454298398.1875000000000000000000000000000000000000
-500494371195902.3750000000000000000000000000000000000000
-21445901669878.0781250000000000000000000000000000000000
-128049600352221.5625000000000000000000000000000000000000
-452227136974511.8125000000000000000000000000000000000000
-242024135983311.5937500000000000000000000000000000000000
-141743768450200.0000000000000000000000000000000000000000
720253481523196.0000000000000000000000000000000000000000
116795758666100.7656250000000000000000000000000000000000
-134261392379239.5000000000000000000000000000000000000000
622079633237991.0000000000000000000000000000000000000000
209049045513056.8437500000000000000000000000000000000000
528045653032004.7500000000000000000000000000000000000000
91509789102656.8593750000000000000000000000000000000000
394962008319799.9375000000000000000000000000000000000000
221581258236290.5625000000000000000000000000000000000000
-5566480617891.2822265625000000000000000000000000000000
55613553236217.5078125000000000000000000000000000000000
-576395247042702.2500000000000000000000000000000000000000
-219411977107117.8750000000000000000000000000000000000000
-475606161030136.5625000000000000000000000000000000000000
-390092443200280.8750000000000000000000000000000000000000
-282991265554395.8750000000000000000000000000000000000000
-24749618112336.3046875000000000000000000000000000000000
-170297304012902.1562500000000000000000000000000000000000
-512233885821339.6250000000000000000000000000000000000000
37172312161826.6250000000000000000000000000000000000000
532541736579844.3750000000000000000000000000000000000000
-496687174941727.6250000000000000000000000000000000000000
4336349301371.6718750000000000000000000000000000000000
88528840879925.7812500000000000000000000000000000000000
478695823000551.6875000000000000000000000000000000000000
417219479739101.5625000000000000000000000000000000000000
186635651312010.8750000000000000000000000000000000000000
262477249845787.1250000000000000000000000000000000000000
27102594176595.8593750000000000000000000000000000000000
388142252949193.3125000000000000000000000000000000000000
207778992515353.5937500000000000000000000000000000000000
157723454722783.2812500000000000000000000000000000000000
-241410175699195.9375000000000000000000000000000000000000
336500645863024.4375000000000000000000000000000000000000
137859048393519.7656250000000000000000000000000000000000
-248914294662369.0625000000000000000000000000000000000000
-371917892821871.4375000000000000000000000000000000000000
173282511020800.4375000000000000000000000000000000000000
-74746515124609.8437500000000000000000000000000000000000
-355458338565864.6875000000000000000000000000000000000000
-615908300536455.3750000000000000000000000000000000000000
-467728202800814.5625000000000000000000000000000000000000
-53832697150849.4687500000000000000000000000000000000000
-13116683739019.2519531250000000000000000000000000000000
-72981058156136.2656250000000000000000000000000000000000
-107249302887300.9687500000000000000000000000000000000000
54902293268240.1953125000000000000000000000000000000000
-324796609111055.6875000000000000000000000000000000000000
66469094375227.7343750000000000000000000000000000000000
-65536121143707.7968750000000000000000000000000000000000
200049644146596.5937500000000000000000000000000000000000
263401766409016.2500000000000000000000000000000000000000
316080438430733.0625000000000000000000000000000000000000
355342723177604.0000000000000000000000000000000000000000
-260452604948335.6875000000000000000000000000000000000000
178672332908293.8125000000000000000000000000000000000000
371936649480885.3750000000000000000000000000000000000000
-191941539624873.8750000000000000000000000000000000000000
593184199653500.0000000000000000000000000000000000000000
146605452602466.0937500000000000000000000000000000000000
280282444001233.2187500000000000000000000000000000000000
408743747066262.5000000000000000000000000000000000000000
-69988775082186.2187500000000000000000000000000000000000
110277002903530.1250000000000000000000000000000000000000
-267946615245347.2500000000000000000000000000000000000000
-674291182348133.7500000000000000000000000000000000000000
-122162126575142.8593750000000000000000000000000000000000
-27867078593975.5625000000000000000000000000000000000000
-189020770129054.9062500000000000000000000000000000000000
-224541559670263.2187500000000000000000000000000000000000
-55658297540183.4062500000000000000000000000000000000000
-20375586100941.1640625000000000000000000000000000000000
-394810959619308.8125000000000000000000000000000000000000
265248287115809.7187500000000000000000000000000000000000
-69256155762509.3359375000000000000000000000000000000000
-233317141615432.2812500000000000000000000000000000000000
-136303561908118.0000000000000000000000000000000000000000
-377639126610892.6250000000000000000000000000000000000000
126510467454445.8125000000000000000000000000000000000000
-68509966443010.4375000000000000000000000000000000000000
-58012726897540.8750000000000000000000000000000000000000
257281077164777.9062500000000000000000000000000000000000
316305499707650.0000000000000000000000000000000000000000
115852232235208.0468750000000000000000000000000000000000
-343759801394176.8750000000000000000000000000000000000000
460316677827653.5000000000000000000000000000000000000000
-294380917434853.0625000000000000000000000000000000000000
86790224579873.6406250000000000000000000000000000000000
314400524772033.6250000000000000000000000000000000000000
-292978085819905.1250000000000000000000000000000000000000
574410845418180.3750000000000000000000000000000000000000
39743142315991.6093750000000000000000000000000000000000
171064799465189.8125000000000000000000000000000000000000
24161706559951.3515625000000000000000000000000000000000
7714348637515.9160156250000000000000000000000000000000
-24491085934700.2539062500000000000000000000000000000000
237689280902777.0000000000000000000000000000000000000000
-39490379701732.2890625000000000000000000000000000000000
159221827725014.6250000000000000000000000000000000000000
311636705284453.7500000000000000000000000000000000000000
97629830881500.5937500000000000000000000000000000000000
174523196000210.4687500000000000000000000000000000000000
-322372581137494.3125000000000000000000000000000000000000
-28732310627830.7890625000000000000000000000000000000000
-541214817649884.0625000000000000000000000000000000000000
-382748316660457.5000000000000000000000000000000000000000
-31732812955065.1367187500000000000000000000000000000000
-233069573773915.7500000000000000000000000000000000000000
80312909894832.7031250000000000000000000000000000000000
82851170548533.7343750000000000000000000000000000000000
144373702567188.6875000000000000000000000000000000000000
-460976652175028.7500000000000000000000000000000000000000
-363064568640251.5000000000000000000000000000000000000000
-65946200948209.5000000000000000000000000000000000000000
125116321438902.9531250000000000000000000000000000000000
-202190147546726.1250000000000000000000000000000000000000
-22056468874369.4492187500000000000000000000000000000000
-233439806783995.8125000000000000000000000000000000000000
138189511897517.7812500000000000000000000000000000000000
5645895437705.7177734375000000000000000000000000000000
260148579849219.4687500000000000000000000000000000000000
-85501012988029.0312500000000000000000000000000000000000
391551926261560.1875000000000000000000000000000000000000
-395182086822620.0000000000000000000000000000000000000000
343545017532027.6875000000000000000000000000000000000000
351913281974541.1875000000000000000000000000000000000000
160046449646955.2812500000000000000000000000000000000000
279800507465722.4687500000000000000000000000000000000000
59851489272622.4687500000000000000000000000000000000000
-52406402767816.6640625000000000000000000000000000000000
20960443798448.8203125000000000000000000000000000000000
120507190104233.6093750000000000000000000000000000000000
106113307661914.4687500000000000000000000000000000000000
-149644071187660.9687500000000000000000000000000000000000
212383405768559.1250000000000000000000000000000000000000
146508260141467.9375000000000000000000000000000000000000
28235361806677.1367187500000000000000000000000000000000
1507113711503.0061035156250000000000000000000000000000
-325477012567593.7500000000000000000000000000000000000000
387444694489489.8750000000000000000000000000000000000000
-286471174469495.4375000000000000000000000000000000000000
-19079029750155.2070312500000000000000000000000000000000
-274903551343058.0937500000000000000000000000000000000000
-293607450766407.6875000000000000000000000000000000000000
72370922707516.6406250000000000000000000000000000000000
296091059140474.0625000000000000000000000000000000000000
-596173151943664.0000000000000000000000000000000000000000
105295069752436.6718750000000000000000000000000000000000
118864918432395.2968750000000000000000000000000000000000
25247421813962.1132812500000000000000000000000000000000
-695971184428598.1250000000000000000000000000000000000000
-280543860823416.6875000000000000000000000000000000000000
238577570918917.8125000000000000000000000000000000000000
260576393613500.9687500000000000000000000000000000000000
210501060222942.9375000000000000000000000000000000000000
20729671918788.5351562500000000000000000000000000000000
12765687202242.3046875000000000000000000000000000000000
194729037127127.9687500000000000000000000000000000000000
-482745184917017.8750000000000000000000000000000000000000
-508049592599103.3125000000000000000000000000000000000000
-239039472722726.9375000000000000000000000000000000000000
270372495126241.1875000000000000000000000000000000000000
319821862024599.0625000000000000000000000000000000000000
405101121855202.8750000000000000000000000000000000000000
66490982701528.1328125000000000000000000000000000000000
201186768793647.7812500000000000000000000000000000000000
808963675932.0607910156250000000000000000000000000000
277921894840821.1250000000000000000000000000000000000000
370290494089591.6250000000000000000000000000000000000000
-213400663133382.3125000000000000000000000000000000000000
-139177314719780.7812500000000000000000000000000000000000
-279262337793948.4062500000000000000000000000000000000000
550861096074334.8125000000000000000000000000000000000000
43947717920447.0078125000000000000000000000000000000000
-196293528889775.7187500000000000000000000000000000000000
-56740305954232.8671875000000000000000000000000000000000
-451822085135108.3750000000000000000000000000000000000000
312555552547546.4375000000000000000000000000000000000000
232960250539182.5625000000000000000000000000000000000000
-151438483936376.7500000000000000000000000000000000000000
-29341005908331.9843750000000000000000000000000000000000
-16118947770355.5039062500000000000000000000000000000000
-99906232837393.5468750000000000000000000000000000000000
406173345565019.1875000000000000000000000000000000000000
-171892316778150.9687500000000000000000000000000000000000
-439261757358230.9375000000000000000000000000000000000000
-7113872870142.1914062500000000000000000000000000000000
-222335249527446.4375000000000000000000000000000000000000
-243704346178225.4687500000000000000000000000000000000000
65358557116738.8515625000000000000000000000000000000000
354921732698076.2500000000000000000000000000000000000000
-288239002700641.5625000000000000000000000000000000000000
103187699408319.5000000000000000000000000000000000000000
-326369119036761.5625000000000000000000000000000000000000
159351759765639.0625000000000000000000000000000000000000
226431492105905.0312500000000000000000000000000000000000
-479565388145723.5625000000000000000000000000000000000000
64862401005822.5078125000000000000000000000000000000000
209115549734807.5625000000000000000000000000000000000000
125163638309105.0781250000000000000000000000000000000000
93409109873981.9062500000000000000000000000000000000000
347575433311615.4375000000000000000000000000000000000000
-397571032663251.5000000000000000000000000000000000000000
47218246792693.4375000000000000000000000000000000000000
232545011906867.9687500000000000000000000000000000000000
46539348549191.6562500000000000000000000000000000000000
1049631601767776.1250000000000000000000000000000000000000
-349610769678526.7500000000000000000000000000000000000000
-306400853467948.3750000000000000000000000000000000000000
99172084586995.9843750000000000000000000000000000000000
-336510741987425.0625000000000000000000000000000000000000
-178651398509305.4687500000000000000000000000000000000000
-387027421574445.4375000000000000000000000000000000000000
474901484853548.5000000000000000000000000000000000000000
207671290615202.1875000000000000000000000000000000000000
-27471756949629.9648437500000000000000000000000000000000
-224398249956510.5937500000000000000000000000000000000000
-686520986019397.0000000000000000000000000000000000000000
-216391682007310.9062500000000000000000000000000000000000
151254313177426.5312500000000000000000000000000000000000
298764721334592.6875000000000000000000000000000000000000
295630686718373.7500000000000000000000000000000000000000
56730768669796.0859375000000000000000000000000000000000
-86014191252644.8593750000000000000000000000000000000000
63577517873271.5859375000000000000000000000000000000000
25780236593817.1796875000000000000000000000000000000000
409561203137096.1250000000000000000000000000000000000000
-78199835704508.2343750000000000000000000000000000000000
-417134565519382.3125000000000000000000000000000000000000
6054357826361.4599609375000000000000000000000000000000
-52028657258044.6328125000000000000000000000000000000000
107109256282798.1250000000000000000000000000000000000000
