-0.0025504884153517031787627988848043969483
2.0368636380185503043094286113046109676361
-94.8390634789261923742742510512471199035645
1520.2687446580571304366458207368850708007812
-11492.6355666243816813221201300621032714843750
45702.0604439517264836467802524566650390625000
-95957.4054697975516319274902343750000000000000
91852.0038018346385797485709190368652343750000
-11820.5313389162074599880725145339965820312500
-9161.0036697449068014975637197494506835937500
-84664.0772926643694518133997917175292968750000
157112.4574102854821830987930297851562500000000
-44476.3817482059821486473083496093750000000000
-198679.9913830215518828481435775756835937500000
34996.9423894947394728660583496093750000000000
226787.4580246805271599441766738891601562500000
77027.7400527033896651118993759155273437500000
140606.4306825229432433843612670898437500000000
-396707.1215092352358624339103698730468750000000
-115882.6041909132036380469799041748046875000000
71991.8120003002695739269256591796875000000000
-18860.5055350836737488862127065658569335937500
-62535.9799675772446789778769016265869140625000
-41773.4996380567972664721310138702392578125000
43601.8591780594506417401134967803955078125000
540655.7099828434875234961509704589843750000000
-60401.3983132700086571276187896728515625000000
389153.5073074976680800318717956542968750000000
-169821.0947207566932775080204010009765625000000
-307559.8989538812311366200447082519531250000000
-359333.2768038288922980427742004394531250000000
-126300.0495158652920508757233619689941406250000
127197.9972036757535533979535102844238281250000
-152612.4481488512828946113586425781250000000000
-2206.3340915602566383313387632369995117187500
-285075.0558933885768055915832519531250000000000
57046.1502360741433221846818923950195312500000
21879.8947439192015735898166894912719726562500
798016.4197868271730840206146240234375000000000
-12788.4790304759571881731972098350524902343750
-178441.7124855923175346106290817260742187500000
328750.1105497212265618145465850830078125000000
-524580.2526668811915442347526550292968750000000
738410.4605491249822080135345458984375000000000
453003.0995374114718288183212280273437500000000
59901.2470742926088860258460044860839843750000
-905392.6955812718952074646949768066406250000000
-373904.5435256877099163830280303955078125000000
-454258.2629686438594944775104522705078125000000
-19034.6418289510838803835213184356689453125000
205055.1326103470928501337766647338867187500000
432650.5288910158560611307621002197265625000000
308247.9236252844566479325294494628906250000000
-165308.9505814960284624248743057250976562500000
-389152.4062628186075016856193542480468750000000
-340591.7380774933844804763793945312500000000000
200882.4337790394783951342105865478515625000000
-61113.2051190167912864126265048980712890625000
167380.6589414380723610520362854003906250000000
362977.0915790447616018354892730712890625000000
-161684.3068919634679332375526428222656250000000
24524.8112139015320281032472848892211914062500
22239.7760940968546492513269186019897460937500
106924.5238850014720810577273368835449218750000
-99904.3361025663762120530009269714355468750000
286402.1170423850999213755130767822265625000000
-392473.6772449780255556106567382812500000000000
-18190.0113384128126199357211589813232421875000
310597.1724348991410806775093078613281250000000
-5738.6820875060084290453232824802398681640625
55924.1112970001559006050229072570800781250000
-50056.3925252138433279469609260559082031250000
47466.5466881912943790666759014129638671875000
-274101.6293710321187973022460937500000000000000
48658.5946260908604017458856105804443359375000
-47724.8075400028537842445075511932373046875000
-110495.7010443955077789723873138427734375000000
244209.6432975986099336296319961547851562500000
273208.1491988776833750307559967041015625000000
-212989.9247948406555224210023880004882812500000
-80134.7701404593244660645723342895507812500000
374410.0219762402120977640151977539062500000000
-91887.8068605633889092132449150085449218750000
-323256.4983645169413648545742034912109375000000
277578.9469797320780344307422637939453125000000
-447076.6388242378598079085350036621093750000000
-269703.0002600607112981379032135009765625000000
-278358.3808736025821417570114135742187500000000
41894.0419179040982271544635295867919921875000
-463263.7196843593847006559371948242187500000000
184444.2310127739619929343461990356445312500000
79120.3372157003323081880807876586914062500000
138308.6903941255295649170875549316406250000000
-174574.2902568920690100640058517456054687500000
142014.7985658749530557543039321899414062500000
12683.4118698031161329708993434906005859375000
292744.5339800977380946278572082519531250000000
-231200.5907920270692557096481323242187500000000
432390.8981312690302729606628417968750000000000
330766.2989891091128811240196228027343750000000
-28015.2407742389405029825866222381591796875000
-185671.7310490225790999829769134521484375000000
-202019.2631509985658340156078338623046875000000
-359792.8744417840498499572277069091796875000000
-313930.6249355071340687572956085205078125000000
551136.7586411713855341076850891113281250000000
141658.5478950740653090178966522216796875000000
-341848.2235298257437534630298614501953125000000
-117703.6737201416835887357592582702636718750000
-446927.3854267340502701699733734130859375000000
5213.1050989176237635547295212745666503906250
95124.3303427833452587947249412536621093750000
8244565.3834011377766728401184082031250000000000
29362384.4854757450520992279052734375000000000000
-20457069.5142037570476531982421875000000000000000
20888808.3686755821108818054199218750000000000000
1929547.6633369626943022012710571289062500000000
-30446853.6959579847753047943115234375000000000000
435489.7468324953806586563587188720703125000000
-2359717.2280474277213215827941894531250000000000
-1854243.2622959809377789497375488281250000000000
10799282.0945239830762147903442382812500000000000
-29354677.3481724746525287628173828125000000000000
-30877432.0070102214813232421875000000000000000000
11884531.2597609777003526687622070312500000000000
-6442073.1416198629885911941528320312500000000000
3227178.9131248458288609981536865234375000000000
-20440376.6025412380695343017578125000000000000000
26425691.9550551287829875946044921875000000000000
-31760836.7314553372561931610107421875000000000000
1098431.1494068286847323179244995117187500000000
18786968.5199888870120048522949218750000000000000
-2777636.9439844293519854545593261718750000000000
30182050.1945183575153350830078125000000000000000
1958395.8415324341040104627609252929687500000000
26490153.7395620942115783691406250000000000000000
12236174.0608583260327577590942382812500000000000
28488265.9291869550943374633789062500000000000000
-973132.6691265214467421174049377441406250000000
13912956.0192672666162252426147460937500000000000
-16571577.3924205470830202102661132812500000000000
971189.0552961352514103055000305175781250000000
-1085521.8777319719083607196807861328125000000000
-50351855.8288810253143310546875000000000000000000
-15981098.3232419248670339584350585937500000000000
8783465.9564937073737382888793945312500000000000
18792972.5204576589167118072509765625000000000000
41057880.8513008132576942443847656250000000000000
-17729932.2684316821396350860595703125000000000000
-45047359.8756773099303245544433593750000000000000
448965.3006367658381350338459014892578125000000
21505562.5268937051296234130859375000000000000000
16649349.1533764377236366271972656250000000000000
10032034.8972165808081626892089843750000000000000
-23675204.1608974300324916839599609375000000000000
-16796403.0095358155667781829833984375000000000000
-18489534.6509849727153778076171875000000000000000
14240296.7459516413509845733642578125000000000000
-25753094.7710734568536281585693359375000000000000
-5724318.1513871066272258758544921875000000000000
26846361.6700270846486091613769531250000000000000
-26377709.3026497699320316314697265625000000000000
6344251.4994235588237643241882324218750000000000
-15358695.2893428429961204528808593750000000000000
53499587.6726164668798446655273437500000000000000
17821981.1092365197837352752685546875000000000000
-24421585.9106195829808712005615234375000000000000
33541349.3286342918872833251953125000000000000000
-21812138.7506018541753292083740234375000000000000
-10995173.2585572060197591781616210937500000000000
5898151.7412473196163773536682128906250000000000
-7294938.2186088413000106811523437500000000000000
16971706.0476239509880542755126953125000000000000
14083457.3309694137424230575561523437500000000000
-28559468.3344718068838119506835937500000000000000
-21475787.3161178603768348693847656250000000000000
18500189.7076611220836639404296875000000000000000
7967953.8818017067387700080871582031250000000000
29315429.0203435905277729034423828125000000000000
-23333054.3030996918678283691406250000000000000000
24222234.3468268066644668579101562500000000000000
-8290313.2924624653533101081848144531250000000000
-19101269.8695772811770439147949218750000000000000
-20519730.4060717932879924774169921875000000000000
-13887976.0522378627210855484008789062500000000000
-56187773.0519379302859306335449218750000000000000
23366042.4271009191870689392089843750000000000000
32059449.1043303981423377990722656250000000000000
23510718.4745614528656005859375000000000000000000
-985128.2619400331750512123107910156250000000000
-48642828.5805421099066734313964843750000000000000
-7297617.3874675594270229339599609375000000000000
20076697.5177996158599853515625000000000000000000
13072688.4475985988974571228027343750000000000000
-8188613.9939288692548871040344238281250000000000
-9900164.9380156248807907104492187500000000000000
-4882641.3831892013549804687500000000000000000000
10953149.7131489068269729614257812500000000000000
10252554.1176606547087430953979492187500000000000
-6844017.7886395100504159927368164062500000000000
-11848098.1811047550290822982788085937500000000000
30908537.7796062380075454711914062500000000000000
-1441814.0603382638655602931976318359375000000000
25055485.3110372498631477355957031250000000000000
-10476252.4778661634773015975952148437500000000000
8723274.2969294823706150054931640625000000000000
-15591703.4735171124339103698730468750000000000000
-10907481.2999099474400281906127929687500000000000
6598234.7511042179539799690246582031250000000000
58329811.1398537829518318176269531250000000000000
6227434.9014358818531036376953125000000000000000
-31633513.6802223958075046539306640625000000000000
28910596.2709563151001930236816406250000000000000
-35431785.6265645027160644531250000000000000000000
30140609.2191720008850097656250000000000000000000
-21117492.6656960733234882354736328125000000000000
41711353.8157174587249755859375000000000000000000
-27144522.1073290817439556121826171875000000000000
-13167085.3520772885531187057495117187500000000000
-19432731.6656071767210960388183593750000000000000
3373885.8407468190416693687438964843750000000000
-23739728.5156068317592144012451171875000000000000
29556245.5079010277986526489257812500000000000000
551838.8715150362113490700721740722656250000000
6241254.4591992544010281562805175781250000000000
22552755.4676900245249271392822265625000000000000
-16713840.9581522401422262191772460937500000000000
-49656798.7332544699311256408691406250000000000000
24431750.6551942266523838043212890625000000000000
9600105.3123586066067218780517578125000000000000
-6603091.3413218986243009567260742187500000000000
26147815.2354570887982845306396484375000000000000
62872027.4116405770182609558105468750000000000000
-7487232.4993637818843126296997070312500000000000
-3486295.7944805789738893508911132812500000000000
14797482.0247190706431865692138671875000000000000
-60268740.2176908254623413085937500000000000000000
-34263811.5208008810877799987792968750000000000000
3156497.2361114160157740116119384765625000000000
20483247.8292082734405994415283203125000000000000
-27914793.5653279460966587066650390625000000000000
-3425576.8781578349880874156951904296875000000000
-21396815.8789532147347927093505859375000000000000
-11379375.0774054694920778274536132812500000000000
-18356749.2180304378271102905273437500000000000000
-15532259.1391774546355009078979492187500000000000
26813123.6841510795056819915771484375000000000000
-22188187.1408438272774219512939453125000000000000
25241172.8458330295979976654052734375000000000000
-1059336.0077179835643619298934936523437500000000
40544750.7411234751343727111816406250000000000000
3641078.0760537488386034965515136718750000000000
-8938492.2156497966498136520385742187500000000000
40621388.4256489574909210205078125000000000000000
4333092.9762814538553357124328613281250000000000
21722399.2975430265069007873535156250000000000000
-49480039.4095752835273742675781250000000000000000
-57689878.1546387523412704467773437500000000000000
56338312.8562944754958152770996093750000000000000
-11565335.7981505040079355239868164062500000000000
-24695179.6455787494778633117675781250000000000000
-38945761.0988133922219276428222656250000000000000
-26391878.5348283909261226654052734375000000000000
6326459.0580552322790026664733886718750000000000
-1034648.0600357478251680731773376464843750000000
-8631502.4840398821979761123657226562500000000000
-12011922.3908211383968591690063476562500000000000
-13422959.3538726810365915298461914062500000000000
18374494.0806643292307853698730468750000000000000
-1990526.1796653787605464458465576171875000000000
-1822534.9951857288833707571029663085937500000000
21900301.9240153469145298004150390625000000000000
61309008.3500955179333686828613281250000000000000
28973819.4244943223893642425537109375000000000000
48391427.5203649327158927917480468750000000000000
-4875281.4243121184408664703369140625000000000000
35602580.2489276602864265441894531250000000000000
-6466831.9058498721569776535034179687500000000000
-19094550.5824570283293724060058593750000000000000
28481977.5008651241660118103027343750000000000000
67725884.3882342725992202758789062500000000000000
-23854927.3772671483457088470458984375000000000000
48847811.4348814859986305236816406250000000000000
-5786570.2224883213639259338378906250000000000000
8309672.1341149611398577690124511718750000000000
7004562.9559645783156156539916992187500000000000
-49330132.8089559823274612426757812500000000000000
-51168339.7401795908808708190917968750000000000000
-29787994.8005896918475627899169921875000000000000
21453705.7134603932499885559082031250000000000000
-13377610.2982716262340545654296875000000000000000
-58489772.2228728160262107849121093750000000000000
6170091.9456854239106178283691406250000000000000
38681855.0274984762072563171386718750000000000000
15480081.9088978674262762069702148437500000000000
-33394273.7842081896960735321044921875000000000000
-8168351.7650428367778658866882324218750000000000
-602414.7719617770053446292877197265625000000000
1115912.9830241037998348474502563476562500000000
-28746655.7478558197617530822753906250000000000000
-28465697.3909962363541126251220703125000000000000
-21878758.6551125645637512207031250000000000000000
-4350747.7023341301828622817993164062500000000000
-8054211.8615889623761177062988281250000000000000
-7219406.7599331475794315338134765625000000000000
-17080609.2072712592780590057373046875000000000000
4550501.4973892839625477790832519531250000000000
-50527541.5839979872107505798339843750000000000000
-35015683.3501670584082603454589843750000000000000
-3718053.9254828817211091518402099609375000000000
-25697280.6675503216683864593505859375000000000000
21999241.3339108861982822418212890625000000000000
72543079.6261351704597473144531250000000000000000
9096525.3791458364576101303100585937500000000000
95929.9710209648474119603633880615234375000000
65135899.7763371542096138000488281250000000000000
2195701.3364703748375177383422851562500000000000
-33407234.2610232122242450714111328125000000000000
8053094.3244840502738952636718750000000000000000
9795908.3375189173966646194458007812500000000000
8296325.3652390660718083381652832031250000000000
34612163.8550931662321090698242187500000000000000
-13326353.5751327704638242721557617187500000000000
20923603.6819928325712680816650390625000000000000
-2782308.2338487622328102588653564453125000000000
7977954.6600865619257092475891113281250000000000
3599770.9001450915820896625518798828125000000000
9021372.1078258119523525238037109375000000000000
-37780354.2825863137841224670410156250000000000000
15454239.0941615775227546691894531250000000000000
-22737009.9642236828804016113281250000000000000000
-16811927.2211683578789234161376953125000000000000
25316731.4033752419054508209228515625000000000000
-29712624.0139990225434303283691406250000000000000
27465589.6652498543262481689453125000000000000000
4807183.5036967201158404350280761718750000000000
33607899.0645510926842689514160156250000000000000
-17166353.9069457836449146270751953125000000000000
37887679.3809314593672752380371093750000000000000
-10266541.7647128663957118988037109375000000000000
-23110870.3550124764442443847656250000000000000000
-3308821.2611728012561798095703125000000000000000
27921931.2290367931127548217773437500000000000000
-9361057.7662247605621814727783203125000000000000
-46957704.6776377335190773010253906250000000000000
11989529.4886935669928789138793945312500000000000
-23237695.5994048751890659332275390625000000000000
-18900847.2644183747470378875732421875000000000000
36359355.1779605001211166381835937500000000000000
-16570647.7127834800630807876586914062500000000000
-14808070.0616169366985559463500976562500000000000
18850022.5938321128487586975097656250000000000000
16685919.4605294149369001388549804687500000000000
-17253857.0555131882429122924804687500000000000000
17522902.1924728415906429290771484375000000000000
4471346.8976157801225781440734863281250000000000
25946316.6948153190314769744873046875000000000000
-9920583.5361529048532247543334960937500000000000
-28461035.6592889651656150817871093750000000000000
-11384620.3249848019331693649291992187500000000000
4559838.1765805650502443313598632812500000000000
-21510340.6632839217782020568847656250000000000000
28156227.9400674663484096527099609375000000000000
22059669.7002289332449436187744140625000000000000
-16163850.6031817775219678878784179687500000000000
8496483.7374885696917772293090820312500000000000
-20460582.1313259042799472808837890625000000000000
-7962272.9591866992413997650146484375000000000000
28477343.2328436374664306640625000000000000000000
-3017770.5535011673346161842346191406250000000000
7330642.9789380459114909172058105468750000000000
-30974813.0418660715222358703613281250000000000000
-21073076.6031111665070056915283203125000000000000
59977371.4112664908170700073242187500000000000000
-9959304.8787791728973388671875000000000000000000
-1141540.8856522301211953163146972656250000000000
30331639.9638031460344791412353515625000000000000
-12635783.1461596339941024780273437500000000000000
-9828718.7895982153713703155517578125000000000000
-14079919.4466029629111289978027343750000000000000
23838520.8615935482084751129150390625000000000000
22167162.4802413210272789001464843750000000000000
-13186732.3840279094874858856201171875000000000000
25493345.4261183924973011016845703125000000000000
25414362.9937066473066806793212890625000000000000
-13832834.8496457431465387344360351562500000000000
-29559628.3389355540275573730468750000000000000000
37854824.0682283863425254821777343750000000000000
38339415.5471848025918006896972656250000000000000
18566761.1138002499938011169433593750000000000000
-34239686.0926432535052299499511718750000000000000
-26058177.5440695770084857940673828125000000000000
-29986894.9551653303205966949462890625000000000000
27619088.3272885791957378387451171875000000000000
27513988.1090923920273780822753906250000000000000
-14073607.1347210723906755447387695312500000000000
14645743.7788377106189727783203125000000000000000
37818760.5263415947556495666503906250000000000000
8356294.0599150024354457855224609375000000000000
16496383.0424232259392738342285156250000000000000
2142319.0854801647365093231201171875000000000000
-24058059.7453433610498905181884765625000000000000
-5230681.6113701649010181427001953125000000000000
-25982430.5021494403481483459472656250000000000000
10869201.8892819080501794815063476562500000000000
-12127662.0003738608211278915405273437500000000000
-14169020.8880711738020181655883789062500000000000
5235990.8472508275881409645080566406250000000000
19939677.7043326720595359802246093750000000000000
-21041744.1691274940967559814453125000000000000000
24823722.6845901869237422943115234375000000000000
22588947.4972975365817546844482421875000000000000
-18767242.0874552540481090545654296875000000000000
-50400778.2349189370870590209960937500000000000000
-13985701.3668833598494529724121093750000000000000
-4483521.9686067104339599609375000000000000000000
-2878830.3371681282296776771545410156250000000000
-20047835.8460404910147190093994140625000000000000
8111998.1546452594920992851257324218750000000000
-25119693.6696804203093051910400390625000000000000
-13261578.9847434870898723602294921875000000000000
13837545.0948978345841169357299804687500000000000
-31007341.0848661288619041442871093750000000000000
-5864535.7531380550935864448547363281250000000000
4509170.9611106934025883674621582031250000000000
-24802671.8505755253136157989501953125000000000000
5170268.8896484496071934700012207031250000000000
-5842145.3588232463225722312927246093750000000000
1303103.5003289906308054924011230468750000000000
19960012.4827719628810882568359375000000000000000
37323786.7279433161020278930664062500000000000000
-14361455.1688906587660312652587890625000000000000
26893326.1632736697793006896972656250000000000000
-3748088.2621885384432971477508544921875000000000
-34280836.9297718182206153869628906250000000000000
1720115.6059573967941105365753173828125000000000
-2620390.6762987668626010417938232421875000000000
-9440937.2617913763970136642456054687500000000000
-39239032.0952455177903175354003906250000000000000
-31686362.2141825221478939056396484375000000000000
4613866.4480368187651038169860839843750000000000
-39326613.4189314246177673339843750000000000000000
22238033.2116832882165908813476562500000000000000
3795711.5876818671822547912597656250000000000000
-13526123.9955582730472087860107421875000000000000
-14296659.5209667719900608062744140625000000000000
-30284824.1045492887496948242187500000000000000000
25167552.7636881731450557708740234375000000000000
36596490.9332953765988349914550781250000000000000
-1165479.4611739134415984153747558593750000000000
-15630278.8422928266227245330810546875000000000000
10259744.6864876225590705871582031250000000000000
-4387079.4220192050561308860778808593750000000000
-29049641.5898196250200271606445312500000000000000
35158186.1045565903186798095703125000000000000000
13066108.1568320561200380325317382812500000000000
25097758.1580189727246761322021484375000000000000
-20520684.7362329848110675811767578125000000000000
18288936.3676833100616931915283203125000000000000
-7336070.3767058188095688819885253906250000000000
-9022651.1151839680969715118408203125000000000000
7061447.4545772708952426910400390625000000000000
-24594973.6957699134945869445800781250000000000000
837947.3754726410843431949615478515625000000000
29026540.5926928892731666564941406250000000000000
25686336.8580224961042404174804687500000000000000
9517644.8156697414815425872802734375000000000000
7524516.6587009085342288017272949218750000000000
-28226066.8788773603737354278564453125000000000000
-12069471.7083180081099271774291992187500000000000
31041885.3906903490424156188964843750000000000000
20628794.9248337373137474060058593750000000000000
25273436.9775417447090148925781250000000000000000
-2730454.3674903209321200847625732421875000000000
-15884885.4701957069337368011474609375000000000000
17500237.0148745402693748474121093750000000000000
-1000639.9174160567345097661018371582031250000000
-8154566.8258161358535289764404296875000000000000
-2140824.3962330436334013938903808593750000000000
-9727660.3761065211147069931030273437500000000000
16820546.8213882260024547576904296875000000000000
-21610590.9643712863326072692871093750000000000000
-5189636.1444201283156871795654296875000000000000
-9441049.5728964749723672866821289062500000000000
20356157.6946686431765556335449218750000000000000
1474302.4394449386745691299438476562500000000000
-15348570.2766799814999103546142578125000000000000
-7756874.0578299909830093383789062500000000000000
-32385504.5656588226556777954101562500000000000000
14446748.8775148224085569381713867187500000000000
-13584018.0395271331071853637695312500000000000000
1677651.6078153529670089483261108398437500000000
36112174.2840823605656623840332031250000000000000
5280336.6328362198546528816223144531250000000000
-9570926.3980129417032003402709960937500000000000
1596153.7494340315461158752441406250000000000000
-4495259.2733633387833833694458007812500000000000
-15490399.7424527406692504882812500000000000000000
8195925.4527904149144887924194335937500000000000
-11608587.3089379053562879562377929687500000000000
-10683792.1576479561626911163330078125000000000000
-7921483.1107339495792984962463378906250000000000
324307.5236732168123126029968261718750000000000
-3785794.3107450888492166996002197265625000000000
18101920.1593918278813362121582031250000000000000
23345825.1899525001645088195800781250000000000000
31454305.5820447914302349090576171875000000000000
4779864.4461200339719653129577636718750000000000
792506.0328082580817863345146179199218750000000
13895491.6012036055326461791992187500000000000000
12337379.1819670032709836959838867187500000000000
6265223.8447585226967930793762207031250000000000
17558033.7901522740721702575683593750000000000000
-17962759.1687208339571952819824218750000000000000
-6751513.4652564786374568939208984375000000000000
-39995543.3820500895380973815917968750000000000000
27085961.2515659257769584655761718750000000000000
-29282523.4025474190711975097656250000000000000000
-15863041.0160264372825622558593750000000000000000
12690917.7938974294811487197875976562500000000000
5201019.8067560074850916862487792968750000000000
-4229147.4745408296585083007812500000000000000000
20014029.2137665785849094390869140625000000000000
-859570.8616171578178182244300842285156250000000
-9425018.2388969156891107559204101562500000000000
-2054746.2963550004642456769943237304687500000000
13617723.8485199343413114547729492187500000000000
9309245.3617307543754577636718750000000000000000
11394920.5470960736274719238281250000000000000000
-17212483.8446085564792156219482421875000000000000
11436012.7764161080121994018554687500000000000000
2058094.6408135783858597278594970703125000000000
9163971.5157884508371353149414062500000000000000
-5501123.2683593025431036949157714843750000000000
-4502576.8173483163118362426757812500000000000000
1981577.8399362000636756420135498046875000000000
-1153932.6657224809750914573669433593750000000000
8823550.3688973002135753631591796875000000000000
-18179127.5000000558793544769287109375000000000000
23999752.5845248736441135406494140625000000000000
2933849.5718227517791092395782470703125000000000
7275062.3549259491264820098876953125000000000000
11910385.5236846469342708587646484375000000000000
-5712905.7274073790758848190307617187500000000000
2010059.6554403097834438085556030273437500000000
-3055770.9361300091259181499481201171875000000000
-646230.0549827421782538294792175292968750000000
9586294.7051698211580514907836914062500000000000
4074872.1458904617466032505035400390625000000000
-8566370.2195830699056386947631835937500000000000
6576229.4900746624916791915893554687500000000000
17907238.3966438435018062591552734375000000000000
-11011029.8393087051808834075927734375000000000000
-8218435.2117881774902343750000000000000000000000
-15222338.1740846578031778335571289062500000000000
-5520540.1458686925470829010009765625000000000000
12446909.8185421451926231384277343750000000000000
31149716.3402879126369953155517578125000000000000
562913.5975604046834632754325866699218750000000
-5684718.1359151331707835197448730468750000000000
10645187.8335048612207174301147460937500000000000
-4323735.3015374876558780670166015625000000000000
-3362416.6769156265072524547576904296875000000000
2810492.9516614810563623905181884765625000000000
15206125.1753883883357048034667968750000000000000
-8501928.8134520724415779113769531250000000000000
1708445.0652775657363235950469970703125000000000
-12642464.5240806769579648971557617187500000000000
-9746200.0671922806650400161743164062500000000000
-1398934.5268235784024000167846679687500000000000
1151352.0500873187556862831115722656250000000000
-16529887.1794468779116868972778320312500000000000
3765218.7886591437272727489471435546875000000000
30336116.5076906383037567138671875000000000000000
10140490.8121901396661996841430664062500000000000
-2092264.9899785276502370834350585937500000000000
-2469235.8782504233531653881072998046875000000000
-19336106.0591719858348369598388671875000000000000
-1210052.8183642309159040451049804687500000000000
-6863463.9115164661779999732971191406250000000000
5103740.8952095098793506622314453125000000000000
-9051313.0388096794486045837402343750000000000000
-22146784.8341981098055839538574218750000000000000
-4224319.9170862492173910140991210937500000000000
-7775676.5270235473290085792541503906250000000000
3208013.8631426487118005752563476562500000000000
-6900509.1919891843572258949279785156250000000000
19095922.7134910598397254943847656250000000000000
-5919236.4777585249394178390502929687500000000000
8075309.3073331788182258605957031250000000000000
7379207.9087386252358555793762207031250000000000
-4144090.8107879082672297954559326171875000000000
-4740395.1523899026215076446533203125000000000000
9471574.8705375213176012039184570312500000000000
-19011979.1093517579138278961181640625000000000000
14297507.1982023660093545913696289062500000000000
-6663076.3788101375102996826171875000000000000000
11820448.9895466901361942291259765625000000000000
13003820.0678268205374479293823242187500000000000
-11835163.0611227937042713165283203125000000000000
10634167.0662406235933303833007812500000000000000
-14308466.0451893825083971023559570312500000000000
-22409664.8951894231140613555908203125000000000000
2604662.7694072858430445194244384765625000000000
-3080194.2671609581448137760162353515625000000000
7054815.0254265516996383666992187500000000000000
-9091991.7226300463080406188964843750000000000000
685971.3831643977900967001914978027343750000000
946500.1481261189328506588935852050781250000000
-31789302.3254876211285591125488281250000000000000
11183438.9159206226468086242675781250000000000000
-9091144.6685583572834730148315429687500000000000
1104421.5918514886870980262756347656250000000000
5760617.8047739472240209579467773437500000000000
5381095.7565489783883094787597656250000000000000
16555058.5361391846090555191040039062500000000000
-8140003.2582460474222898483276367187500000000000
61411.3285997487910208292305469512939453125000
955423.4925198440905660390853881835937500000000
-15588653.3545730542391538619995117187500000000000
-4258988.0282965879887342453002929687500000000000
-17287129.8741980455815792083740234375000000000000
-3027233.0181084899231791496276855468750000000000
-7898031.8903371114283800125122070312500000000000
1917904.7612288962118327617645263671875000000000
14865760.4606474991887807846069335937500000000000
7760069.3101627575233578681945800781250000000000
3931889.4338235897012054920196533203125000000000
1317495.2902709676418453454971313476562500000000
-854045.5273401663871482014656066894531250000000
-2927548.8542503272183239459991455078125000000000
-10829048.7782382145524024963378906250000000000000
1877564.4957935286220163106918334960937500000000
-6867380.8652548817917704582214355468750000000000
968692.8597310283221304416656494140625000000000
-6346117.4159579910337924957275390625000000000000
-9091184.6807012874633073806762695312500000000000
-4545083.8616088265553116798400878906250000000000
1553211.1560335464309900999069213867187500000000
1170753.5482495764736086130142211914062500000000
-2150085.7164668850600719451904296875000000000000
-12107761.2252479866147041320800781250000000000000
331741.5453342706314288079738616943359375000000
-16282946.6682865656912326812744140625000000000000
4885162.7325731217861175537109375000000000000000
-18106189.3679588697850704193115234375000000000000
-1001507.2730284171411767601966857910156250000000
-2212189.2022011834196746349334716796875000000000
-4813071.4497423823922872543334960937500000000000
-609516.4809193017426878213882446289062500000000
-4035765.0519207948818802833557128906250000000000
-10870626.6569036077708005905151367187500000000000
-11945616.5264754127711057662963867187500000000000
7488192.4109626598656177520751953125000000000000
15284658.3561083823442459106445312500000000000000
-18905635.2354277931153774261474609375000000000000
8861785.2314569484442472457885742187500000000000
184754.7381950910494197160005569458007812500000
3092762.6929028513841331005096435546875000000000
-2878262.3423131499439477920532226562500000000000
7818898.0088373515754938125610351562500000000000
8295441.2499835146591067314147949218750000000000
22750513.4475570321083068847656250000000000000000
-1256516.5045783901587128639221191406250000000000
734548.3659078379860147833824157714843750000000
22587999.8835673332214355468750000000000000000000
4024407.6766117303632199764251708984375000000000
-10300405.9967754390090703964233398437500000000000
8734488.9634177256375551223754882812500000000000
3645348.9921425115317106246948242187500000000000
-3333912.6081387256272137165069580078125000000000
-4463226.2454106193035840988159179687500000000000
12401784.9279063455760478973388671875000000000000
7991353.2281398028135299682617187500000000000000
-2972832.9345396370626986026763916015625000000000
-8110203.6742930812761187553405761718750000000000
1884260.5747037252876907587051391601562500000000
10002743.4979321174323558807373046875000000000000
-2221580.0537064764648675918579101562500000000000
-15846126.6661086101084947586059570312500000000000
1366316.7682893068995326757431030273437500000000
-5661515.2877595899626612663269042968750000000000
-14007745.5418229177594184875488281250000000000000
6027085.4232753599062561988830566406250000000000
7263282.4900389257818460464477539062500000000000
-4074780.8865174981765449047088623046875000000000
4977142.0788381593301892280578613281250000000000
-16032439.2218202594667673110961914062500000000000
-11141716.8152641803026199340820312500000000000000
4813710.0582858249545097351074218750000000000000
10813856.3040916342288255691528320312500000000000
6855713.1992389541119337081909179687500000000000
3789831.7431402751244604587554931640625000000000
-3722617.3865821845829486846923828125000000000000
4318657.8520919019356369972229003906250000000000
-732223.2782692095497623085975646972656250000000
-6841559.5608775028958916664123535156250000000000
6960147.0364893432706594467163085937500000000000
-3339307.5388685758225619792938232421875000000000
-1737849.2695774454623460769653320312500000000000
10429781.7172313909977674484252929687500000000000
16730870.8230214063078165054321289062500000000000
1506992.6080382876098155975341796875000000000000
7720701.2765172030776739120483398437500000000000
6461573.4634217713028192520141601562500000000000
6650311.9096064679324626922607421875000000000000
4468690.4788129758089780807495117187500000000000
2156162.1179473102092742919921875000000000000000
8941743.0189330149441957473754882812500000000000
5704418.2192341554909944534301757812500000000000
3628760.7161463471129536628723144531250000000000
-7189701.2469012606889009475708007812500000000000
14838838.1205873955041170120239257812500000000000
-7957441.7193507421761751174926757812500000000000
8099657.6784454882144927978515625000000000000000
-1954405.3045529306400567293167114257812500000000
-7941588.3776829112321138381958007812500000000000
-4662015.0033900914713740348815917968750000000000
-12409717.0144086536020040512084960937500000000000
-2612578.3091914732940495014190673828125000000000
-4242994.9854444852098822593688964843750000000000
-1160413.3427461702376604080200195312500000000000
5813936.0715464353561401367187500000000000000000
3292704.4022107264026999473571777343750000000000
-8949702.1806544996798038482666015625000000000000
9140853.4994371086359024047851562500000000000000
2985067.4342418322339653968811035156250000000000
-6626816.6661656694486737251281738281250000000000
4039531.4034610101953148841857910156250000000000
10063612.5029110163450241088867187500000000000000
-5956126.3630585586652159690856933593750000000000
8793623.0271727200597524642944335937500000000000
4061603.0169317303225398063659667968750000000000
2387485.0567272449843585491180419921875000000000
7836630.9793017413467168807983398437500000000000
-1849686.5403964908327907323837280273437500000000
6109683.0202337363734841346740722656250000000000
-2774017.3553618453443050384521484375000000000000
6617134.3881331961601972579956054687500000000000
4141075.2240623058751225471496582031250000000000
-10043655.7019947525113821029663085937500000000000
1352121.1342001748271286487579345703125000000000
-6814086.0518566118553280830383300781250000000000
-12091293.3194513339549303054809570312500000000000
4788293.5088298898190259933471679687500000000000
9855684.1274132933467626571655273437500000000000
-240425.6813091119111049920320510864257812500000
-7485134.9098002128303050994873046875000000000000
4906568.2742284359410405158996582031250000000000
6375807.6694365907460451126098632812500000000000
3432833.7463797284290194511413574218750000000000
-2242903.6428178348578512668609619140625000000000
-11877232.9158602040261030197143554687500000000000
1552918.7690996115561574697494506835937500000000
-4268098.3560784403234720230102539062500000000000
2926348.0080023361369967460632324218750000000000
-11283990.1101664733141660690307617187500000000000
-11309745.4271317142993211746215820312500000000000
5040089.6808273270726203918457031250000000000000
-2636625.8041647286154329776763916015625000000000
2191732.4078943766653537750244140625000000000000
1186204.3079442046582698822021484375000000000000
2818008.7326850420795381069183349609375000000000
-2294917.2111038807779550552368164062500000000000
-7912068.6212618993595242500305175781250000000000
4714525.9726955080404877662658691406250000000000
5085004.5064114350825548171997070312500000000000
-10813213.0681267641484737396240234375000000000000
-5003727.0159016745164990425109863281250000000000
-6291745.9670222708955407142639160156250000000000
626904.1076937266625463962554931640625000000000
-2683528.6766228126361966133117675781250000000000
3627041.0068440944887697696685791015625000000000
-7829871.3705472582951188087463378906250000000000
-774211.5939437650376930832862854003906250000000
6340960.7867016298696398735046386718750000000000
4751528.2999535156413912773132324218750000000000
2747484.5134537671692669391632080078125000000000
6614250.7633244656026363372802734375000000000000
-6069494.0246104681864380836486816406250000000000
-3842177.2514424677938222885131835937500000000000
1218594.4993841678369790315628051757812500000000
8008498.5688184993341565132141113281250000000000
-225127.7739633936143945902585983276367187500000
-348885.1510632241261191666126251220703125000000
7232999.4634868055582046508789062500000000000000
1528726.8669450080487877130508422851562500000000
-8004258.3177957097068428993225097656250000000000
-607474.1701714894734323024749755859375000000000
797804.1529198541538789868354797363281250000000
14214819.5942706633359193801879882812500000000000
-8322778.3783841961994767189025878906250000000000
3812390.7861260939389467239379882812500000000000
-1196092.4283709216397255659103393554687500000000
-9181781.9359855148941278457641601562500000000000
-2667215.6867339815944433212280273437500000000000
-828242.5837975777685642242431640625000000000000
-554102.0621621864847838878631591796875000000000
-1303538.2883879831060767173767089843750000000000
-362382.9202851987211033701896667480468750000000
-1235712.0996592801529914140701293945312500000000
-3081004.2376457336358726024627685546875000000000
7251371.7775046722963452339172363281250000000000
-6241617.4253088450059294700622558593750000000000
3229249.5275549204088747501373291015625000000000
2147386.4926165989600121974945068359375000000000
-7395410.8621429475024342536926269531250000000000
-3538737.0879706037230789661407470703125000000000
-983451.6396991430083289742469787597656250000000
9747918.6987619809806346893310546875000000000000
1323882.4298768695443868637084960937500000000000
5759189.2014923440292477607727050781250000000000
6783815.9908834611997008323669433593750000000000
-712242.1734979230677708983421325683593750000000
586406.1000352490227669477462768554687500000000
-3523591.5949547044001519680023193359375000000000
-4778930.7457647062838077545166015625000000000000
2718463.7548143309541046619415283203125000000000
-1474271.9780038499739021062850952148437500000000
1502765.9205881634261459112167358398437500000000
5490072.4147076345980167388916015625000000000000
-6981993.7510902909561991691589355468750000000000
8243966.2470794869586825370788574218750000000000
4919540.6894452078267931938171386718750000000000
6725779.8684444399550557136535644531250000000000
-7812669.1948238341137766838073730468750000000000
3248774.6836336008273065090179443359375000000000
-9540023.8819785993546247482299804687500000000000
-614703.4107616661349311470985412597656250000000
-166542.6859315223118755966424942016601562500000
6016748.4307425962761044502258300781250000000000
-354242.8192463292507454752922058105468750000000
6567508.4883171133697032928466796875000000000000
6540766.3447281187400221824645996093750000000000
243632.0726481768069788813591003417968750000000
-3955169.5378633961081504821777343750000000000000
120337.9252747796563198789954185485839843750000
-1148802.6406695134937763214111328125000000000000
-4137933.0188379124738276004791259765625000000000
2708900.8501816079951822757720947265625000000000
-559495.7712171275634318590164184570312500000000
2320451.0691050314344465732574462890625000000000
-4295478.4823564151301980018615722656250000000000
6371051.2342966273427009582519531250000000000000
-6513613.2587036583572626113891601562500000000000
-571714.3422394214430823922157287597656250000000
-2283672.2437074850313365459442138671875000000000
-2187125.0706042814999818801879882812500000000000
1540306.6409787249285727739334106445312500000000
-12495877.3417112361639738082885742187500000000000
442853.9696707552648149430751800537109375000000
-2693626.3953823796473443508148193359375000000000
6999752.0620775250717997550964355468750000000000
-1788739.4090873345267027616500854492187500000000
-1121680.0822548563592135906219482421875000000000
-2074591.7697337723802775144577026367187500000000
2464886.4690772392787039279937744140625000000000
-4599019.9997524768114089965820312500000000000000
-4324338.7785570183768868446350097656250000000000
2203956.0782896280288696289062500000000000000000
-494124.2918268842622637748718261718750000000000
-2047258.8225275240838527679443359375000000000000
6261294.9988270653411746025085449218750000000000
2927891.0692627346143126487731933593750000000000
-2793285.4919713940471410751342773437500000000000
-4726100.4647563993930816650390625000000000000000
-2348726.1199198006652295589447021484375000000000
3028474.9561404469422996044158935546875000000000
422539.7605069362907670438289642333984375000000
3240599.9271826450712978839874267578125000000000
-1719601.3799986424855887889862060546875000000000
3952018.7962935399264097213745117187500000000000
4396717.6035200133919715881347656250000000000000
4648782.3685271022841334342956542968750000000000
-3133722.0380541565828025341033935546875000000000
2248543.0986016173847019672393798828125000000000
6729204.4120587622746825218200683593750000000000
1614216.6654199759941548109054565429687500000000
-601069.8618853854713961482048034667968750000000
-87572.9691494519793195649981498718261718750000
-2872362.5291009643115103244781494140625000000000
2000343.1900463735219091176986694335937500000000
-1013880.0380554756848141551017761230468750000000
-7129484.4065379742532968521118164062500000000000
288997.6806807979592122137546539306640625000000
-2222211.3749565645121037960052490234375000000000
-4558039.8279754091054201126098632812500000000000
1273309.9388272191863507032394409179687500000000
2120165.8570453119464218616485595703125000000000
3509170.1037415754981338977813720703125000000000
-4735107.6699963845312595367431640625000000000000
4299097.5633655479177832603454589843750000000000
-8109683.5714141447097063064575195312500000000000
1132005.1240657379385083913803100585937500000000
-4254933.5383046828210353851318359375000000000000
6496657.5422988953068852424621582031250000000000
-2701931.4202722059562802314758300781250000000000
429888.1512584185111336410045623779296875000000
-464647.3406934923259541392326354980468750000000
3380902.9924117675982415676116943359375000000000
-4180626.6586982086300849914550781250000000000000
-4752644.6582418298348784446716308593750000000000
3127351.6433383971452713012695312500000000000000
3277981.8487088042311370372772216796875000000000
-132250.8750838753185234963893890380859375000000
-4443116.5780829703435301780700683593750000000000
2744027.0027730036526918411254882812500000000000
6348664.0185799663886427879333496093750000000000
3657367.6481088511645793914794921875000000000000
2179768.9157087332569062709808349609375000000000
176403.4804325897421222180128097534179687500000
227293.8196524769591633230447769165039062500000
755769.8750034976983442902565002441406250000000
-2261505.1917098183184862136840820312500000000000
2206285.6510185617953538894653320312500000000000
2058556.7562977657653391361236572265625000000000
-3702888.4140906366519629955291748046875000000000
8083926.1785903489217162132263183593750000000000
2571197.1649196138605475425720214843750000000000
254214.6353784090315457433462142944335937500000
2933446.5915629849769175052642822265625000000000
-5279845.1764549715444445610046386718750000000000
1135002.8071553325280547142028808593750000000000
-4047058.5047448133118450641632080078125000000000
-229051.4549814298225101083517074584960937500000
-4692347.1677348325029015541076660156250000000000
-5381757.3038756111636757850646972656250000000000
-2225938.5574170872569084167480468750000000000000
-4915825.1064294353127479553222656250000000000000
-6682980.9021347770467400550842285156250000000000
2347782.5339027638547122478485107421875000000000
-2017067.2017256382387131452560424804687500000000
1947672.8546463062521070241928100585937500000000
-5562084.9206966599449515342712402343750000000000
-3608658.3838723143562674522399902343750000000000
-515562.5534317750134505331516265869140625000000
89625.3036197926267050206661224365234375000000
-3135168.8900685203261673450469970703125000000000
-2852430.3607368096709251403808593750000000000000
-6186215.5410980489104986190795898437500000000000
-4455925.1538607515394687652587890625000000000000
-3309446.8479038011282682418823242187500000000000
3498509.1638698959723114967346191406250000000000
-4057736.0921008633449673652648925781250000000000
3255243.3288861927576363086700439453125000000000
1369994.4999315948225557804107666015625000000000
6089619.6800456903874874114990234375000000000000
2606594.1604026579298079013824462890625000000000
753910.9410237489501014351844787597656250000000
1721202.8443686312530189752578735351562500000000
-2956403.3913362929597496986389160156250000000000
659491.6518303843913599848747253417968750000000
-479320.8602822635439224541187286376953125000000
1881252.8193388986401259899139404296875000000000
-1836292.3677834242116659879684448242187500000000
1495440.5360714704729616641998291015625000000000
-1022322.7573123634792864322662353515625000000000
-236859.7349706297100055962800979614257812500000
321192.6355568746221251785755157470703125000000
2287569.5649299388751387596130371093750000000000
-1815677.0089562714565545320510864257812500000000
3676380.3938232734799385070800781250000000000000
4553468.3033358100801706314086914062500000000000
-45758.9744909995133639313280582427978515625000
-2093280.5485251105856150388717651367187500000000
-1733650.7077012716326862573623657226562500000000
3651110.4756088871508836746215820312500000000000
110920.0892564368405146524310111999511718750000
2066130.9309167647734284400939941406250000000000
965248.6294671581126749515533447265625000000000
-4564001.7493470143526792526245117187500000000000
515010.5137884044088423252105712890625000000000
2181378.0979536036029458045959472656250000000000
3857458.7008162187412381172180175781250000000000
66936.1634967753634555265307426452636718750000
-2654035.5886892508715391159057617187500000000000
-402419.7294108552159741520881652832031250000000
-885194.3117686217883601784706115722656250000000
-4130822.8091041403822600841522216796875000000000
2398322.6666892021894454956054687500000000000000
1776728.6600358756259083747863769531250000000000
-6187764.0023052394390106201171875000000000000000
760153.3955164870712906122207641601562500000000
-7548341.7265238985419273376464843750000000000000
950510.5268859027419239282608032226562500000000
4926282.0053537497296929359436035156250000000000
-1863037.4331579171121120452880859375000000000000
-57264.3323661297617945820093154907226562500000
2885033.3654807582497596740722656250000000000000
2638238.8206298663280904293060302734375000000000
-2606230.3218585331924259662628173828125000000000
-156508.4103644857532344758510589599609375000000
1243269.6076798096764832735061645507812500000000
-2493497.7593866167590022087097167968750000000000
-2086077.2012466595042496919631958007812500000000
-24036.8772491077397717162966728210449218750000
68331.0898164153622929006814956665039062500000
808416.9117114060791209340095520019531250000000
999599.5607554217567667365074157714843750000000
4638216.6463946206495165824890136718750000000000
-181931.1266438469174318015575408935546875000000
-748198.1274501718580722808837890625000000000000
969363.5677057388238608837127685546875000000000
1212509.3095761039294302463531494140625000000000
1200343.9070143662393093109130859375000000000000
-401851.4789950911072082817554473876953125000000
-1224917.3219127808697521686553955078125000000000
1282164.1637416530866175889968872070312500000000
-1840639.0149162469897419214248657226562500000000
-3943616.4335395223461091518402099609375000000000
-5143166.3142230650410056114196777343750000000000
4266239.0881404718384146690368652343750000000000
2897780.5465716300532221794128417968750000000000
1990050.3028512471355497837066650390625000000000
881855.1682042004540562629699707031250000000000
-1114014.4917026080656796693801879882812500000000
-4254839.9647448696196079254150390625000000000000
577705.7696656282059848308563232421875000000000
-1964882.2936796119902282953262329101562500000000
3256134.7370320903137326240539550781250000000000
-103384.6905988452199380844831466674804687500000
-1736409.0151491579599678516387939453125000000000
-1265418.0057639852166175842285156250000000000000
1620721.8490137350745499134063720703125000000000
-39491.3404514221401768736541271209716796875000
4060370.3645785935223102569580078125000000000000
2424991.1877949489280581474304199218750000000000
-3389960.8806010335683822631835937500000000000000
-1074011.0911382338963449001312255859375000000000
914458.9646803046343848109245300292968750000000
1290.8125106232096186431590467691421508789062
-4696946.5427164202556014060974121093750000000000
4019065.9877869118936359882354736328125000000000
-520123.4331482253037393093109130859375000000000
3622532.6231396538205444812774658203125000000000
-431884.3688026882591657340526580810546875000000
-493498.6187266769702546298503875732421875000000
1645746.6619473469909280538558959960937500000000
864183.1394983225036412477493286132812500000000
607820.2582748722052201628684997558593750000000
-1607437.2367140059359371662139892578125000000000
1891852.3467117620166391134262084960937500000000
-2483379.6983694448135793209075927734375000000000
1767103.2071618842892348766326904296875000000000
1912353.2236118852160871028900146484375000000000
2248196.6971257152035832405090332031250000000000
-974300.4693706992547959089279174804687500000000
-826957.6328398338519036769866943359375000000000
63892.7331565611530095338821411132812500000000
2606424.2286489983089268207550048828125000000000
775921.8824173981556668877601623535156250000000
1937399.6101934842299669981002807617187500000000
2858599.1814737985841929912567138671875000000000
501649.5320490586454980075359344482421875000000
2528558.4192350371740758419036865234375000000000
3710372.5699775116518139839172363281250000000000
1262027.1581017537973821163177490234375000000000
-2245912.3337814519181847572326660156250000000000
-2124351.1691118096932768821716308593750000000000
1983674.5129221018869429826736450195312500000000
2309561.3059138883836567401885986328125000000000
1236844.2325800282415002584457397460937500000000
-2322863.9355281610041856765747070312500000000000
-1393888.4349706463981419801712036132812500000000
740772.8740552832605317234992980957031250000000
1189316.0247723672073334455490112304687500000000
676628.5091489996993914246559143066406250000000
-385655.9281214267830364406108856201171875000000
-2385008.3469343096949160099029541015625000000000
-352820.4734896187437698245048522949218750000000
831777.4606420892523601651191711425781250000000
868183.5260548809310421347618103027343750000000
-1984998.9730727944988757371902465820312500000000
-1277174.4359979482833296060562133789062500000000
-1308958.2146319523453712463378906250000000000000
-594785.7671230370178818702697753906250000000000
2022172.0587047394365072250366210937500000000000
967564.7855886926408857107162475585937500000000
689489.3176659774035215377807617187500000000000
-4431422.8534268997609615325927734375000000000000
-364018.5348918646923266351222991943359375000000
581595.5055125924991443753242492675781250000000
-1114753.6697594854049384593963623046875000000000
-2468422.7113065235316753387451171875000000000000
-1488773.5391160617582499980926513671875000000000
-2268633.2792016621679067611694335937500000000000
-598861.8749224197817966341972351074218750000000
1473341.4256961978971958160400390625000000000000
2204339.1545321503654122352600097656250000000000
-1445508.4211487490683794021606445312500000000000
2555931.6452302485704421997070312500000000000000
3500722.3698009015060961246490478515625000000000
-369463.6742030924069695174694061279296875000000
3475429.4268857007846236228942871093750000000000
-901143.5466242273105308413505554199218750000000
2512611.0484438529238104820251464843750000000000
138825.9881037168670445680618286132812500000000
4673064.0280837444588541984558105468750000000000
339810.1009866658132523298263549804687500000000
1391887.7206851523369550704956054687500000000000
-1060498.9439764500129967927932739257812500000000
-1198210.8975391699932515621185302734375000000000
63335.8101377799030160531401634216308593750000
-2946771.0843270025216042995452880859375000000000
1441918.3635894467588514089584350585937500000000
1833895.4416350328829139471054077148437500000000
-840326.4103380201850086450576782226562500000000
-142172.9520374505664221942424774169921875000000
-402525.9046368776471354067325592041015625000000
109947.5427943577815312892198562622070312500000
857276.4840659309411421418190002441406250000000
-660856.1923603870673105120658874511718750000000
-3646907.8855129778385162353515625000000000000000
-1188105.9158768670167773962020874023437500000000
-1280095.4943168866448104381561279296875000000000
-1360213.0250299717299640178680419921875000000000
398850.2324329616967588663101196289062500000000
922624.1666273842565715312957763671875000000000
383029.9663067468791268765926361083984375000000
1371059.4214891332667320966720581054687500000000
324158.9231331000919453799724578857421875000000
-2318122.5354354148730635643005371093750000000000
642632.4278702996671199798583984375000000000000
1044401.5834993753815069794654846191406250000000
851906.8751497308257967233657836914062500000000
2562746.5862932680174708366394042968750000000000
-291171.3594986384850926697254180908203125000000
-1238623.4417509569320827722549438476562500000000
-213724.3212368476961273699998855590820312500000
383241.5970021153334528207778930664062500000000
298574.5239816879620775580406188964843750000000
1355131.6594222169369459152221679687500000000000
-3433134.9451413876377046108245849609375000000000
78284.9318528882431564852595329284667968750000
-330528.0276404427713714540004730224609375000000
-762955.8781140241771936416625976562500000000000
-801083.4802037905901670455932617187500000000000
-591328.8465704008704051375389099121093750000000
-3056363.5985114313662052154541015625000000000000
1642231.7473758617416024208068847656250000000000
-633006.8585605892585590481758117675781250000000
1089338.6009893203154206275939941406250000000000
549329.1398922548396512866020202636718750000000
1164001.8902449638117104768753051757812500000000
-709095.8621022836305201053619384765625000000000
1678920.2115022956859320402145385742187500000000
2477203.8012526836246252059936523437500000000000
-3381089.9137099850922822952270507812500000000000
775994.9029611106961965560913085937500000000000
-929621.0392136594746261835098266601562500000000
836869.7913642261410132050514221191406250000000
-1445818.0406868807040154933929443359375000000000
-753003.2496390753658488392829895019531250000000
-427367.2195912401075474917888641357421875000000
-1190843.9877589487005025148391723632812500000000
1058068.7702013875823467969894409179687500000000
-231473.9337691352411638945341110229492187500000
1766115.5949803290423005819320678710937500000000
-168680.9360770426283124834299087524414062500000
-442132.5292965491535142064094543457031250000000
2602504.9422027673572301864624023437500000000000
-958041.0988528748275712132453918457031250000000
-1586433.3366260949987918138504028320312500000000
-687456.3462216075276955962181091308593750000000
-124187.9003648554062237963080406188964843750000
2534198.2317259008996188640594482421875000000000
-360677.0955948630580678582191467285156250000000
-1587701.5060603942256420850753784179687500000000
-640816.8399119606474414467811584472656250000000
-419767.3790626392583362758159637451171875000000
2127561.8651281730271875858306884765625000000000
-662750.4094363267067819833755493164062500000000
-131117.2940811383014079183340072631835937500000
1732229.5029568665195256471633911132812500000000
626672.1242063997779041528701782226562500000000
892756.1458753064507618546485900878906250000000
-393063.9812067106831818819046020507812500000000
-393347.6246371741290204226970672607421875000000
-704451.9091292504454031586647033691406250000000
-303961.6448766003595665097236633300781250000000
461402.7029746142798103392124176025390625000000
-1066588.7413195481058210134506225585937500000000
-2107140.1590530937537550926208496093750000000000
-79110.3733454497414641082286834716796875000000
-2153704.2654158235527575016021728515625000000000
354511.5820475405780598521232604980468750000000
-1847769.2446771732065826654434204101562500000000
216303.1932195875560864806175231933593750000000
-6026.8279992000634592841379344463348388671875
893334.8849203384015709161758422851562500000000
716905.5703093515476211905479431152343750000000
-1769507.0418975183274596929550170898437500000000
1080804.2073551474604755640029907226562500000000
-1601511.6396722211502492427825927734375000000000
1085071.3519560622517019510269165039062500000000
-1268785.0443624656181782484054565429687500000000
-713360.5919593404978513717651367187500000000000
-1074562.1115679896902292966842651367187500000000
-192879.8758019243250600993633270263671875000000
-558115.9044057363644242286682128906250000000000
-707612.8693215755047276616096496582031250000000
-205743.9466984917817171663045883178710937500000
-551535.1079866037471219897270202636718750000000
531530.2391311052488163113594055175781250000000
-1520729.2749968941789120435714721679687500000000
1425959.6427723171655088663101196289062500000000
591968.4528684298275038599967956542968750000000
-1595325.2281315098516643047332763671875000000000
-1535720.3286066269502043724060058593750000000000
422136.1639048758079297840595245361328125000000
13147.4533446916575485374778509140014648437500
840741.0211831942433491349220275878906250000000
-273469.7366266021272167563438415527343750000000
-846964.8056859353091567754745483398437500000000
928170.6272169846342876553535461425781250000000
-132859.2988366792851593345403671264648437500000
446388.4366290122852660715579986572265625000000
-2035654.3026267751120030879974365234375000000000
66713.0201072889176430180668830871582031250000
-499670.8496431006933562457561492919921875000000
-1179235.5297659933567047119140625000000000000000
988860.0583187650190666317939758300781250000000
401645.3095953846932388842105865478515625000000
-1262529.4001057194545865058898925781250000000000
-542060.2601514251437038183212280273437500000000
662268.5657769652316346764564514160156250000000
400424.5459839417599141597747802734375000000000
260453.9229390872642397880554199218750000000000
153209.7985513074381742626428604125976562500000
-549137.4376923565287142992019653320312500000000
1945280.7123395188245922327041625976562500000000
532418.9759957060450688004493713378906250000000
281138.8443755918997339904308319091796875000000
-39851.6200788281348650343716144561767578125000
-688879.2026529790600761771202087402343750000000
-760939.6334931501187384128570556640625000000000
415223.2070544295129366219043731689453125000000
-151124.8408431777788791805505752563476562500000
140299.4617749276512768119573593139648437500000
-611995.6113614599453285336494445800781250000000
1263606.4418944153003394603729248046875000000000
-63040.9203217885660706087946891784667968750000
-645441.5455733309499919414520263671875000000000
-182236.7910689797718077898025512695312500000000
2819220.3014657916501164436340332031250000000000
466624.7812016230891458690166473388671875000000
-523841.4418342058779671788215637207031250000000
-66846.6941155158565379679203033447265625000000
1363035.7382059805095195770263671875000000000000
792398.2289065563818439841270446777343750000000
3089672.7692038356326520442962646484375000000000
-1341453.2544803970959037542343139648437500000000
44649.1841355018113972619175910949707031250000
-7348.4961943535990940290503203868865966796875
887981.1697582745691761374473571777343750000000
-1688097.6518937102518975734710693359375000000000
527448.8733665989711880683898925781250000000000
78557.8640159442584263160824775695800781250000
1600748.6153910162393003702163696289062500000000
174118.1901755515136756002902984619140625000000
10338.9208426797795254969969391822814941406250
1422075.4823356030974537134170532226562500000000
-654214.2001040474278852343559265136718750000000
-475283.5724892510916106402873992919921875000000
295450.8762954813428223133087158203125000000000
-573580.6931001980556175112724304199218750000000
-24077.9526224761466437485069036483764648437500
305572.4214063262916170060634613037109375000000
-163650.3015377224364783614873886108398437500000
1126181.6802271124906837940216064453125000000000
677205.7878272077068686485290527343750000000000
-1667017.1498395660892128944396972656250000000000
-1047359.7953356519574299454689025878906250000000
524454.0658037734683603048324584960937500000000
1112042.8534066604916006326675415039062500000000
-1228315.8919515616726130247116088867187500000000
615691.4754034497309476137161254882812500000000
1224844.3099895503837615251541137695312500000000
-2312665.9114232952706515789031982421875000000000
-21608.7051907131863117683678865432739257812500
975685.8020970195066183805465698242187500000000
1373815.5650020155590027570724487304687500000000
219703.2142387638450600206851959228515625000000
760665.2687242489773780107498168945312500000000
-361782.0885821320116519927978515625000000000000
-1221525.8570507497061043977737426757812500000000
-1031897.6236802553758025169372558593750000000000
325402.3251930600963532924652099609375000000000
1412194.4391924634110182523727416992187500000000
-762093.6737802781863138079643249511718750000000
-405982.4225201486260630190372467041015625000000
34370.2282470690333866514265537261962890625000
-15467.8954678195423184661194682121276855468750
-659476.8280460496898740530014038085937500000000
170839.9962925027939490973949432373046875000000
-141781.3433758449973538517951965332031250000000
-492801.0507308965898118913173675537109375000000
-198390.6351396160316653549671173095703125000000
-822098.8871416590409353375434875488281250000000
838946.4830056610517203807830810546875000000000
47965.4169390134265995584428310394287109375000
444566.2982729285722598433494567871093750000000
-760493.7614685095613822340965270996093750000000
190018.9966637645266018807888031005859375000000
106276.3480409366165986284613609313964843750000
-190394.3196588116406928747892379760742187500000
240973.6406363216810859739780426025390625000000
509214.9505986979929730296134948730468750000000
416833.9744777909363619983196258544921875000000
-210039.6601549349143169820308685302734375000000
1290689.2267405809834599494934082031250000000000
-533906.9263453989988192915916442871093750000000
-93908.0801278451544931158423423767089843750000
-348433.9698021000367589294910430908203125000000
-677830.6918048225343227386474609375000000000000
543415.8434983785264194011688232421875000000000
181556.1323554936388973146677017211914062500000
-588889.4364078326616436243057250976562500000000
1244073.8047893550246953964233398437500000000000
532589.5763258687220513820648193359375000000000
-836651.7905171277234330773353576660156250000000
-1263455.0342880589887499809265136718750000000000
-108912.7240338479023193940520286560058593750000
1170525.9926147214137017726898193359375000000000
-1243459.3298907096032053232192993164062500000000
975955.8930215439759194850921630859375000000000
-723674.7038683511782437562942504882812500000000
-14530.1328535317479691002517938613891601562500
-2138310.2060223328880965709686279296875000000000
274946.0194258416304364800453186035156250000000
964879.7798769006039947271347045898437500000000
834424.1132793790893629193305969238281250000000
-236268.3123745831544511020183563232421875000000
1303189.8676972547546029090881347656250000000000
736308.9020856573479250073432922363281250000000
315888.8289894740446470677852630615234375000000
-655455.8837451634462922811508178710937500000000
-758038.9868069961667060852050781250000000000000
1654910.2041463961359113454818725585937500000000
-354836.9462467503617517650127410888671875000000
885137.2178754481719806790351867675781250000000
196610.4727103302429895848035812377929687500000
-626439.8372138994745910167694091796875000000000
-1295199.6372201526537537574768066406250000000000
69976.8390401190117700025439262390136718750000
64811.8533852457039756700396537780761718750000
-16814.0864267417055089026689529418945312500000
-438570.6803217808483168482780456542968750000000
256128.3231307340320199728012084960937500000000
225897.7884341450990177690982818603515625000000
-254260.9047382907010614871978759765625000000000
-966892.5837411538232117891311645507812500000000
-1192977.9016240464989095926284790039062500000000
-231446.6302088958618696779012680053710937500000
512212.8295218626153655350208282470703125000000
-133112.1592413027246948331594467163085937500000
-1435372.6344141652807593345642089843750000000000
-157323.0648027772258501499891281127929687500000
-263337.4113231057417578995227813720703125000000
545366.9409012227552011609077453613281250000000
-297407.1012119716615416109561920166015625000000
-164689.7814947808219585567712783813476562500000
-578133.3409919566474854946136474609375000000000
-676590.8443408040329813957214355468750000000000
856454.5669808036182075738906860351562500000000
433021.2928917169920168817043304443359375000000
-1219759.8551366766914725303649902343750000000000
-265276.2630265837069600820541381835937500000000
1156068.0237732578534632921218872070312500000000
121175.3378900367679307237267494201660156250000
-298526.8191021864186041057109832763671875000000
749717.2074896362610161304473876953125000000000
513145.8584590338286943733692169189453125000000
-469807.7089405752485617995262145996093750000000
353269.8056380730122327804565429687500000000000
-813344.6147336079739034175872802734375000000000
-204677.7627128242165781557559967041015625000000
-941329.6687628050567582249641418457031250000000
355028.1067201512632891535758972167968750000000
356316.7606790987192653119564056396484375000000
-621874.8763529569841921329498291015625000000000
-456412.9118045449722558259963989257812500000000
-548379.4084350095363333821296691894531250000000
-414980.4205907277646474540233612060546875000000
570953.7778990670340135693550109863281250000000
-551172.3486518744612112641334533691406250000000
859479.1700236392207443714141845703125000000000
-10432.6622450131162622710689902305603027343750
450098.8600623862585052847862243652343750000000
178663.8640098785690497606992721557617187500000
1022210.7435448761098086833953857421875000000000
746833.8255079580703750252723693847656250000000
153824.1770836970536038279533386230468750000000
199887.7074441920849494636058807373046875000000
-34347.5260529130027862265706062316894531250000
-624325.1320539818843826651573181152343750000000
811879.2098158153239637613296508789062500000000
93514.2373548214382026344537734985351562500000
-261534.4899519575992599129676818847656250000000
1417321.9116829966660588979721069335937500000000
-349257.6797754661529324948787689208984375000000
-650181.3745646200841292738914489746093750000000
930104.6840816878248006105422973632812500000000
-892920.4261279137572273612022399902343750000000
254670.3027062294131610542535781860351562500000
811010.0463824492180719971656799316406250000000
878836.1516520221484825015068054199218750000000
-459086.4563720657024532556533813476562500000000
94241.5696693692880216985940933227539062500000
119591.9628816594486124813556671142578125000000
268583.5553099513635970652103424072265625000000
-700991.2340771738672628998756408691406250000000
-268921.4220615082303993403911590576171875000000
-90535.8451129383029183372855186462402343750000
-583712.8265815601916983723640441894531250000000
796894.7413762607611715793609619140625000000000
-606242.4421840087743476033210754394531250000000
17079.4441583362531673628836870193481445312500
181596.0328725527215283364057540893554687500000
-432626.4024690294754691421985626220703125000000
529872.7526815431192517280578613281250000000000
-707298.1073227924061939120292663574218750000000
413824.0689368885941803455352783203125000000000
749970.5618197445292025804519653320312500000000
247245.9238763733592350035905838012695312500000
-101689.2824962051236070692539215087890625000000
381328.9848078431678004562854766845703125000000
-572518.6247426187619566917419433593750000000000
-503679.3432129894499666988849639892578125000000
134056.2636928847059607505798339843750000000000
-832992.1460399546194821596145629882812500000000
-341775.1340354264830239117145538330078125000000
54490.2383787654835032299160957336425781250000
427319.5629926259280182421207427978515625000000
-85794.2067901666741818189620971679687500000000
-554798.5948891424341127276420593261718750000000
467589.1695436930167488753795623779296875000000
-117206.1340202245919499546289443969726562500000
424005.1840808350243605673313140869140625000000
-669182.5666914094472303986549377441406250000000
-510869.0969135066843591630458831787109375000000
423661.7220087510067969560623168945312500000000
-358070.3595681345323100686073303222656250000000
-557276.2899262900464236736297607421875000000000
-737772.2212585632223635911941528320312500000000
-75475.4737356102268677204847335815429687500000
-6117.1330853899089561309665441513061523437500
242244.3651755008613690733909606933593750000000
-292289.3353860390488989651203155517578125000000
321432.7140675560222007334232330322265625000000
-335885.3520299644442275166511535644531250000000
365472.6394892524695023894309997558593750000000
857789.5326582277193665504455566406250000000000
556056.1356116211973130702972412109375000000000
361035.1311623714282177388668060302734375000000
-169622.4526668385369703173637390136718750000000
481827.4633055013255216181278228759765625000000
121356.0071207913861144334077835083007812500000
275345.2217175112455151975154876708984375000000
385791.8095202458789572119712829589843750000000
-665202.6780386148020625114440917968750000000000
128203.2793070810294011607766151428222656250000
-279924.6290962524362839758396148681640625000000
498813.9819059988949447870254516601562500000000
-199567.3590189558162819594144821166992187500000
344448.8688699802150949835777282714843750000000
-31866.5932633212614746298640966415405273437500
96640.1688170492998324334621429443359375000000
310669.2968075097887776792049407958984375000000
236326.9766402094392105937004089355468750000000
-123024.2890019362966995686292648315429687500000
350451.8784155287430621683597564697265625000000
-81157.5270781440340215340256690979003906250000
-468827.6023930879309773445129394531250000000000
28890.6897497096870210953056812286376953125000
-84679.2680267497489694505929946899414062500000
269703.6001278829062357544898986816406250000000
-448484.1068771721911616623401641845703125000000
619305.3706869368907064199447631835937500000000
-177885.1877093641669489443302154541015625000000
193147.3579319427371956408023834228515625000000
125037.4823736265534535050392150878906250000000
390125.8404608525452204048633575439453125000000
262411.5956670242012478411197662353515625000000
929618.7475228314287960529327392578125000000000
-170555.6303165777644608169794082641601562500000
-1073995.1195609632413834333419799804687500000000
-444144.8841834391350857913494110107421875000000
-320613.6069785823347046971321105957031250000000
281564.1000780714093707501888275146484375000000
89629.1015407055092509835958480834960937500000
84394.9840432593628065660595893859863281250000
-364294.2596483033848926424980163574218750000000
184760.5230875512934289872646331787109375000000
217056.8247613760759122669696807861328125000000
-527510.7878714299295097589492797851562500000000
78086.5878565857274224981665611267089843750000
586409.6424677702598273754119873046875000000000
-712413.5909066493622958660125732421875000000000
505904.7328378849779255688190460205078125000000
39785.4963375815495965071022510528564453125000
75225.4079921596276108175516128540039062500000
705215.2332694756332784891128540039062500000000
104005.0985717040020972490310668945312500000000
324924.9227993494714610278606414794921875000000
255829.1076650695758871734142303466796875000000
51644.3380586809507803991436958312988281250000
-89660.4025429972389247268438339233398437500000
-139753.9056106774951331317424774169921875000000
893268.6145807091379538178443908691406250000000
-393699.8428550175740383565425872802734375000000
334290.6654837048263289034366607666015625000000
-332040.4622252244153060019016265869140625000000
248363.8660825364931952208280563354492187500000
-160729.4032992077700328081846237182617187500000
-722229.7918422466609627008438110351562500000000
-324248.1404114015749655663967132568359375000000
257031.0930821912770625203847885131835937500000
-325354.8717312165535986423492431640625000000000
-162826.0076979121658951044082641601562500000000
-124980.0432989000546513125300407409667968750000
-149600.6698870088148396462202072143554687500000
-247229.7478715735778678208589553833007812500000
-302177.0076130068628117442131042480468750000000
-20018.3151620055105013307183980941772460937500
-53944.5172366562692332081496715545654296875000
-625006.8640742102870717644691467285156250000000
472057.7578510937164537608623504638671875000000
-389431.0690774049144238233566284179687500000000
411469.7830969715141691267490386962890625000000
424722.6306171355536207556724548339843750000000
-82819.6201350744959199801087379455566406250000
241831.7456491818302311003208160400390625000000
-16155.6713118036332161864265799522399902343750
-458018.3133709786343388259410858154296875000000
351416.5714159210328944027423858642578125000000
-189918.2470941167848650366067886352539062500000
-394529.2971147507778368890285491943359375000000
-44265.5269326024354086257517337799072265625000
115841.9100618994707474485039710998535156250000
-116140.4084878251887857913970947265625000000000
-808415.3126485780812799930572509765625000000000
-59190.2021006617942475713789463043212890625000
148003.3660449561721179634332656860351562500000
224325.9046776102914009243249893188476562500000
122543.2361622230673674494028091430664062500000
-419529.9807643949170596897602081298828125000000
465410.2888465159921906888484954833984375000000
-262300.8988164900219999253749847412109375000000
-112556.8423220553377177566289901733398437500000
-406131.2817826458485797047615051269531250000000
-586277.9263048788998275995254516601562500000000
143453.2505450308672152459621429443359375000000
-574663.4154394414508715271949768066406250000000
379351.6009958587237633764743804931640625000000
291706.7123779771500267088413238525390625000000
57220.1137048153250361792743206024169921875000
-22911.9429055519394751172512769699096679687500
-217447.7481177100562490522861480712890625000000
834959.6726521137170493602752685546875000000000
198786.8575473909731954336166381835937500000000
-302587.0488568052533082664012908935546875000000
-360774.1474818128626793622970581054687500000000
-87809.8111380356276640668511390686035156250000
-357243.2101292994921095669269561767578125000000
159593.2339436137408483773469924926757812500000
-812129.7097450771834701299667358398437500000000
-228162.8137552258558571338653564453125000000000
628941.0124413489829748868942260742187500000000
307757.8815976052428595721721649169921875000000
312044.9263429760467261075973510742187500000000
-413190.1761008445173501968383789062500000000000
48981.4831247633628663606941699981689453125000
-257711.0854595074488315731287002563476562500000
553641.7587970764143392443656921386718750000000
488990.2049667948158457875251770019531250000000
307488.6760566642042249441146850585937500000000
107098.0235249924735398963093757629394531250000
637715.3235546960495412349700927734375000000000
-454516.8148189660860225558280944824218750000000
-77856.9660303226264659315347671508789062500000
