-14.2117897877315435550826805410906672477722
3406.6791416460337131866253912448883056640625
-311878.5865336986025795340538024902343750000000
14330939.8114779572933912277221679687500000000000
-391983015.2267819046974182128906250000000000000000
7046222036.1793270111083984375000000000000000000000
-88395925436.0784301757812500000000000000000000000000
803277708947.9761962890625000000000000000000000000000
-5405021818099.5986328125000000000000000000000000000000
27199721801872.4101562500000000000000000000000000000000
-102202157042661.2968750000000000000000000000000000000000
282107871085408.5625000000000000000000000000000000000000
-549041484024649.1875000000000000000000000000000000000000
682077810437791.7500000000000000000000000000000000000000
-386467161298785.6250000000000000000000000000000000000000
-120553706488267.7968750000000000000000000000000000000000
10084013741885.2597656250000000000000000000000000000000
736019005685885.3750000000000000000000000000000000000000
-643309397919434.2500000000000000000000000000000000000000
-559580455287872.8125000000000000000000000000000000000000
872726919070734.0000000000000000000000000000000000000000
-351214379871616.0625000000000000000000000000000000000000
874115915359875.6250000000000000000000000000000000000000
-724662058163141.1250000000000000000000000000000000000000
-1021973954809740.5000000000000000000000000000000000000000
918341857512069.3750000000000000000000000000000000000000
63545020040429.8593750000000000000000000000000000000000
717499672297264.2500000000000000000000000000000000000000
-773487422387081.8750000000000000000000000000000000000000
428450544865766.0625000000000000000000000000000000000000
-535492804380296.3750000000000000000000000000000000000000
238832961047954.5937500000000000000000000000000000000000
-1332564372179942.0000000000000000000000000000000000000000
636078914869818.0000000000000000000000000000000000000000
1398438752342660.7500000000000000000000000000000000000000
-572447044080389.2500000000000000000000000000000000000000
842185619039469.0000000000000000000000000000000000000000
-435556562850289.6875000000000000000000000000000000000000
-113124008647439.3906250000000000000000000000000000000000
-720752319222046.5000000000000000000000000000000000000000
-1250425376953629.0000000000000000000000000000000000000000
-397472346129254.7500000000000000000000000000000000000000
766854170178552.5000000000000000000000000000000000000000
1321943379444446.7500000000000000000000000000000000000000
1292402505597242.5000000000000000000000000000000000000000
-69398104864750.5781250000000000000000000000000000000000
120769957631283.4218750000000000000000000000000000000000
-382333342898890.0000000000000000000000000000000000000000
-973715143832240.7500000000000000000000000000000000000000
-1367798107153521.7500000000000000000000000000000000000000
177559206467244.1562500000000000000000000000000000000000
-528300640948505.7500000000000000000000000000000000000000
-201312528091249.4375000000000000000000000000000000000000
633906527901227.8750000000000000000000000000000000000000
442239468160324.0625000000000000000000000000000000000000
963371701719946.5000000000000000000000000000000000000000
711324092634401.3750000000000000000000000000000000000000
429916459554236.7500000000000000000000000000000000000000
405554903493287.3750000000000000000000000000000000000000
-204821973336493.7812500000000000000000000000000000000000
15388110179382.6699218750000000000000000000000000000000
-330950733279599.9375000000000000000000000000000000000000
-1957590177579914.7500000000000000000000000000000000000000
-498402989098895.8750000000000000000000000000000000000000
-1377628434400681.7500000000000000000000000000000000000000
486039355822842.2500000000000000000000000000000000000000
127071695126624.0781250000000000000000000000000000000000
-163519403419773.5625000000000000000000000000000000000000
476019228074800.3125000000000000000000000000000000000000
1899780847048738.0000000000000000000000000000000000000000
59957306427159.9531250000000000000000000000000000000000
243360010326856.9062500000000000000000000000000000000000
1285654476367156.0000000000000000000000000000000000000000
-248784425579623.0937500000000000000000000000000000000000
363250500821679.8125000000000000000000000000000000000000
283905389860748.9375000000000000000000000000000000000000
371818361579916.1875000000000000000000000000000000000000
-1278947149869735.5000000000000000000000000000000000000000
-1208920937064651.2500000000000000000000000000000000000000
93460795313047.0468750000000000000000000000000000000000
-1755568567731444.5000000000000000000000000000000000000000
-1065200590322615.0000000000000000000000000000000000000000
-1478215384612211.7500000000000000000000000000000000000000
1137508352595166.5000000000000000000000000000000000000000
565845263511556.0000000000000000000000000000000000000000
261400893576990.8750000000000000000000000000000000000000
1505392957595283.2500000000000000000000000000000000000000
444287521565957.5625000000000000000000000000000000000000
461750213260798.0625000000000000000000000000000000000000
631590900788066.6250000000000000000000000000000000000000
1197198772906942.7500000000000000000000000000000000000000
-292765439409031.2500000000000000000000000000000000000000
-487130114840412.0000000000000000000000000000000000000000
-539107030068523.1250000000000000000000000000000000000000
269507095433765.8125000000000000000000000000000000000000
-250424712234144.3437500000000000000000000000000000000000
-339658103116771.8125000000000000000000000000000000000000
378816752582034.6875000000000000000000000000000000000000
915740727238948.8750000000000000000000000000000000000000
-818837084878773.2500000000000000000000000000000000000000
-806377897465035.1250000000000000000000000000000000000000
841108039098588.5000000000000000000000000000000000000000
-649459182150650.7500000000000000000000000000000000000000
-959871945648026.7500000000000000000000000000000000000000
-1629815069153103.0000000000000000000000000000000000000000
-1419270676092275.0000000000000000000000000000000000000000
497609900622000.5000000000000000000000000000000000000000
527700694615029.0625000000000000000000000000000000000000
45832314000568.7421875000000000000000000000000000000000
747556513071786.6250000000000000000000000000000000000000
-864324951181566.8750000000000000000000000000000000000000
1420633582594376.0000000000000000000000000000000000000000
1680635036868915.0000000000000000000000000000000000000000
1770445168690694.7500000000000000000000000000000000000000
-516793968465311.0000000000000000000000000000000000000000
-824897435934258.6250000000000000000000000000000000000000
288634465349493.3125000000000000000000000000000000000000
626650147383300.3750000000000000000000000000000000000000
-520333254157971.8750000000000000000000000000000000000000
607264295119380.3750000000000000000000000000000000000000
-919982882171966.2500000000000000000000000000000000000000
-307251018617340.3750000000000000000000000000000000000000
904175899824088.7500000000000000000000000000000000000000
181677975679490.2500000000000000000000000000000000000000
318523007190619.8750000000000000000000000000000000000000
35868301457691.1250000000000000000000000000000000000000
-1728389210737928.0000000000000000000000000000000000000000
-528514393007218.3750000000000000000000000000000000000000
-1683865810353615.0000000000000000000000000000000000000000
1761779749412694.7500000000000000000000000000000000000000
495533279167378.4375000000000000000000000000000000000000
-1773748548965746.7500000000000000000000000000000000000000
-319576321280552.7500000000000000000000000000000000000000
-250395965608113.6875000000000000000000000000000000000000
-223319938389516.9062500000000000000000000000000000000000
731268382385691.3750000000000000000000000000000000000000
-1109471659797459.6250000000000000000000000000000000000000
1222664661189720.5000000000000000000000000000000000000000
428630832360321.0625000000000000000000000000000000000000
-159622489517692.8750000000000000000000000000000000000000
-1746182682599949.5000000000000000000000000000000000000000
1425118248525905.0000000000000000000000000000000000000000
26441153877168.1367187500000000000000000000000000000000
636710201706831.1250000000000000000000000000000000000000
828254314372362.5000000000000000000000000000000000000000
722223577805462.6250000000000000000000000000000000000000
220767365563250.4062500000000000000000000000000000000000
-38538871688150.5859375000000000000000000000000000000000
265918428067064.7500000000000000000000000000000000000000
1505412950654747.7500000000000000000000000000000000000000
-210287620361868.5625000000000000000000000000000000000000
-101664268675777.0937500000000000000000000000000000000000
-2081526986960129.0000000000000000000000000000000000000000
692695760191654.1250000000000000000000000000000000000000
-847892031224357.6250000000000000000000000000000000000000
-11292441463860.6972656250000000000000000000000000000000
748865123468220.3750000000000000000000000000000000000000
-895551389262544.3750000000000000000000000000000000000000
349257691177889.5000000000000000000000000000000000000000
-165542878052337.0625000000000000000000000000000000000000
-453566437049257.3125000000000000000000000000000000000000
910833297421898.8750000000000000000000000000000000000000
680699964696395.2500000000000000000000000000000000000000
511622911930641.2500000000000000000000000000000000000000
-449432004596873.7500000000000000000000000000000000000000
355984244812915.6250000000000000000000000000000000000000
-1134231073008219.7500000000000000000000000000000000000000
-1951383134703309.2500000000000000000000000000000000000000
990695025736978.6250000000000000000000000000000000000000
-234220215618685.0000000000000000000000000000000000000000
-1109301719308812.2500000000000000000000000000000000000000
-603271343799138.5000000000000000000000000000000000000000
-837875366423683.2500000000000000000000000000000000000000
2202886498686068.7500000000000000000000000000000000000000
-1244945612761887.2500000000000000000000000000000000000000
-747820870370872.0000000000000000000000000000000000000000
-1264465030367981.7500000000000000000000000000000000000000
826071978625566.0000000000000000000000000000000000000000
710788725562024.1250000000000000000000000000000000000000
1000952370866285.6250000000000000000000000000000000000000
-453927551756885.4375000000000000000000000000000000000000
259743035032505.6875000000000000000000000000000000000000
-1139989604112843.2500000000000000000000000000000000000000
1865463504062002.0000000000000000000000000000000000000000
1143326204266768.5000000000000000000000000000000000000000
-865152955147047.1250000000000000000000000000000000000000
1220145491836516.7500000000000000000000000000000000000000
2114750656488466.0000000000000000000000000000000000000000
1079575236179604.3750000000000000000000000000000000000000
-2403990588671774.0000000000000000000000000000000000000000
888366967518791.6250000000000000000000000000000000000000
903422055729296.1250000000000000000000000000000000000000
423862462744528.6250000000000000000000000000000000000000
77273307088726.4062500000000000000000000000000000000000
-1796659469163737.0000000000000000000000000000000000000000
1309633439850713.7500000000000000000000000000000000000000
1437753709179601.5000000000000000000000000000000000000000
304990067772003.0625000000000000000000000000000000000000
-2185826699676716.5000000000000000000000000000000000000000
-1324454390477272.0000000000000000000000000000000000000000
-885253181602526.5000000000000000000000000000000000000000
-3282092796864679.0000000000000000000000000000000000000000
1178413925002043.5000000000000000000000000000000000000000
1217375309760956.5000000000000000000000000000000000000000
-340273664792114.7500000000000000000000000000000000000000
1633426510186003.7500000000000000000000000000000000000000
-472340561830260.0625000000000000000000000000000000000000
1189528124258031.5000000000000000000000000000000000000000
-1885169509664804.2500000000000000000000000000000000000000
1157417597807159.5000000000000000000000000000000000000000
-2608983537410773.0000000000000000000000000000000000000000
1195277893153697.2500000000000000000000000000000000000000
380395412310823.5625000000000000000000000000000000000000
-1572857073380385.2500000000000000000000000000000000000000
-1189827297642755.0000000000000000000000000000000000000000
-2150424196297909.7500000000000000000000000000000000000000
1675324264389961.7500000000000000000000000000000000000000
2563398239732672.5000000000000000000000000000000000000000
-1850971232833523.0000000000000000000000000000000000000000
-1663453229217114.7500000000000000000000000000000000000000
1111245494795247.2500000000000000000000000000000000000000
364947261919317.1250000000000000000000000000000000000000
440057414820580.4375000000000000000000000000000000000000
960095392970707.3750000000000000000000000000000000000000
-190301554589240.4062500000000000000000000000000000000000
-219225124705736.7187500000000000000000000000000000000000
-1628918324018492.0000000000000000000000000000000000000000
3657160242449564.5000000000000000000000000000000000000000
1084335559652868.7500000000000000000000000000000000000000
58019279527342.6796875000000000000000000000000000000000
1599285742138066.0000000000000000000000000000000000000000
467175890506498.8750000000000000000000000000000000000000
126027792569889.3593750000000000000000000000000000000000
-1064721274186763.0000000000000000000000000000000000000000
-601877099472549.5000000000000000000000000000000000000000
-168581724184585.7187500000000000000000000000000000000000
-121793140000655.3281250000000000000000000000000000000000
358628983828814.5000000000000000000000000000000000000000
504687272705093.0625000000000000000000000000000000000000
-1011762386860814.8750000000000000000000000000000000000000
-336037057086990.3125000000000000000000000000000000000000
-1273633748466247.7500000000000000000000000000000000000000
599268458672322.7500000000000000000000000000000000000000
-904908185488629.8750000000000000000000000000000000000000
956387590603877.6250000000000000000000000000000000000000
-1621214136501921.2500000000000000000000000000000000000000
2919924984864460.5000000000000000000000000000000000000000
-834788807655463.7500000000000000000000000000000000000000
1596289560000607.7500000000000000000000000000000000000000
336443709566896.3750000000000000000000000000000000000000
1016561285920136.2500000000000000000000000000000000000000
-1301498198384578.2500000000000000000000000000000000000000
1806695362410962.5000000000000000000000000000000000000000
-911015659210672.3750000000000000000000000000000000000000
-1066646544927954.0000000000000000000000000000000000000000
-1240482849525762.7500000000000000000000000000000000000000
-2612296105416992.5000000000000000000000000000000000000000
-1032064480722513.1250000000000000000000000000000000000000
1469086694293020.0000000000000000000000000000000000000000
67602428221628.5234375000000000000000000000000000000000
-1130325330959973.5000000000000000000000000000000000000000
-887851578665221.3750000000000000000000000000000000000000
972314805035448.5000000000000000000000000000000000000000
920165844790892.5000000000000000000000000000000000000000
-1066799191786583.2500000000000000000000000000000000000000
-853792088232786.0000000000000000000000000000000000000000
2135528508165157.7500000000000000000000000000000000000000
-1420420078051693.5000000000000000000000000000000000000000
1757012016998905.0000000000000000000000000000000000000000
263093195507703.3437500000000000000000000000000000000000
307827572800202.1250000000000000000000000000000000000000
-1298339557397143.5000000000000000000000000000000000000000
-2256323791541211.0000000000000000000000000000000000000000
-324534434437890.9375000000000000000000000000000000000000
-276694785165433.5625000000000000000000000000000000000000
1570090857761871.0000000000000000000000000000000000000000
407867659737694.1875000000000000000000000000000000000000
88246804917770.6250000000000000000000000000000000000000
1127089643827930.7500000000000000000000000000000000000000
824311998454443.5000000000000000000000000000000000000000
-447295454391133.8750000000000000000000000000000000000000
-141873291638263.4687500000000000000000000000000000000000
3615962135715358.0000000000000000000000000000000000000000
-883782676426172.5000000000000000000000000000000000000000
535499878731596.5625000000000000000000000000000000000000
-2202597376539185.0000000000000000000000000000000000000000
-1524106601856559.2500000000000000000000000000000000000000
-437320236239194.0000000000000000000000000000000000000000
1754882808071640.0000000000000000000000000000000000000000
-858376339987559.2500000000000000000000000000000000000000
1545871168700238.2500000000000000000000000000000000000000
74848000123010.9687500000000000000000000000000000000000
182534419187324.1250000000000000000000000000000000000000
1124320104481141.8750000000000000000000000000000000000000
633890700277053.5000000000000000000000000000000000000000
-1045309654223784.0000000000000000000000000000000000000000
-893759221452139.2500000000000000000000000000000000000000
1771483834767163.7500000000000000000000000000000000000000
332825016958438.1250000000000000000000000000000000000000
-381040845436966.6875000000000000000000000000000000000000
1190149706768952.5000000000000000000000000000000000000000
-1092068344769134.2500000000000000000000000000000000000000
-457069792635213.5000000000000000000000000000000000000000
-455517986346380.5000000000000000000000000000000000000000
-709262718247142.3750000000000000000000000000000000000000
476704192946001.1250000000000000000000000000000000000000
-1636786790519470.0000000000000000000000000000000000000000
648030879918802.8750000000000000000000000000000000000000
873754868457856.5000000000000000000000000000000000000000
-70718675441208.4218750000000000000000000000000000000000
-1026773856238527.2500000000000000000000000000000000000000
-422952409342307.5625000000000000000000000000000000000000
115274114396262.8281250000000000000000000000000000000000
1130779099976307.0000000000000000000000000000000000000000
-765111001969803.1250000000000000000000000000000000000000
-264930202845041.5312500000000000000000000000000000000000
-1186850331517941.7500000000000000000000000000000000000000
472809740209779.5625000000000000000000000000000000000000
-4320369425509.9829101562500000000000000000000000000000
-1818796274575696.5000000000000000000000000000000000000000
-337521945379110.4375000000000000000000000000000000000000
382538920397711.7500000000000000000000000000000000000000
-286027895882866.8750000000000000000000000000000000000000
-671000369638761.7500000000000000000000000000000000000000
2959486853050535.5000000000000000000000000000000000000000
-787758396489663.1250000000000000000000000000000000000000
1762942570691381.5000000000000000000000000000000000000000
-714053072652468.2500000000000000000000000000000000000000
-2090524264799437.0000000000000000000000000000000000000000
-860813297709139.6250000000000000000000000000000000000000
241602849043432.0000000000000000000000000000000000000000
548079098933850.5625000000000000000000000000000000000000
-46152699827868.0156250000000000000000000000000000000000
893839850266824.6250000000000000000000000000000000000000
1935905748989146.5000000000000000000000000000000000000000
-1565020201416699.2500000000000000000000000000000000000000
1142240643359245.0000000000000000000000000000000000000000
-206426837097552.8125000000000000000000000000000000000000
-1039808438501899.3750000000000000000000000000000000000000
509962711613460.2500000000000000000000000000000000000000
2119138090120360.7500000000000000000000000000000000000000
-1987869988069210.0000000000000000000000000000000000000000
318047806828825.6875000000000000000000000000000000000000
330222899797671.4375000000000000000000000000000000000000
893797940011518.6250000000000000000000000000000000000000
-703971370729159.6250000000000000000000000000000000000000
684460646171816.7500000000000000000000000000000000000000
-1483653454786214.2500000000000000000000000000000000000000
917948341495887.6250000000000000000000000000000000000000
120583778222391.7031250000000000000000000000000000000000
1248403838254103.0000000000000000000000000000000000000000
-1419462624492608.5000000000000000000000000000000000000000
-2065586345912348.7500000000000000000000000000000000000000
-1580569023391672.5000000000000000000000000000000000000000
-1589128123322291.7500000000000000000000000000000000000000
3319011515486886.0000000000000000000000000000000000000000
1610166843394139.7500000000000000000000000000000000000000
871910260081353.5000000000000000000000000000000000000000
362150108144895.0625000000000000000000000000000000000000
2123639665206235.0000000000000000000000000000000000000000
902133984098733.1250000000000000000000000000000000000000
-285868087276633.9375000000000000000000000000000000000000
-1068277786380134.0000000000000000000000000000000000000000
-476471120732779.0625000000000000000000000000000000000000
-185438361103306.8437500000000000000000000000000000000000
1781514045086526.0000000000000000000000000000000000000000
-1657999767513031.7500000000000000000000000000000000000000
-2700202563588496.5000000000000000000000000000000000000000
85248193776420.0468750000000000000000000000000000000000
146507544252247.5937500000000000000000000000000000000000
1090171258737173.3750000000000000000000000000000000000000
-2154482261329766.0000000000000000000000000000000000000000
-706246080604944.1250000000000000000000000000000000000000
3269579439292364.0000000000000000000000000000000000000000
1429978169925670.0000000000000000000000000000000000000000
-1315371834908987.7500000000000000000000000000000000000000
-209301622922288.5000000000000000000000000000000000000000
577381871373273.3750000000000000000000000000000000000000
-476144401746890.2500000000000000000000000000000000000000
-1974181690213450.5000000000000000000000000000000000000000
588340445305643.1250000000000000000000000000000000000000
212172686088702.4687500000000000000000000000000000000000
-201732421949720.8437500000000000000000000000000000000000
1078233497013195.3750000000000000000000000000000000000000
-1491939069544094.0000000000000000000000000000000000000000
351087591553991.8750000000000000000000000000000000000000
-2956554208783982.0000000000000000000000000000000000000000
-1600409333609473.7500000000000000000000000000000000000000
2081439907326568.7500000000000000000000000000000000000000
588143895154433.3750000000000000000000000000000000000000
2289549764648625.5000000000000000000000000000000000000000
-1602910077019952.5000000000000000000000000000000000000000
508775139325723.8750000000000000000000000000000000000000
-75699493879449.8593750000000000000000000000000000000000
-1439293105391905.2500000000000000000000000000000000000000
-1272722369038870.2500000000000000000000000000000000000000
-1941026733954930.0000000000000000000000000000000000000000
-1437746034081754.5000000000000000000000000000000000000000
819496225905433.1250000000000000000000000000000000000000
1424865846858088.5000000000000000000000000000000000000000
855756494610060.1250000000000000000000000000000000000000
1493603579632666.0000000000000000000000000000000000000000
-370133445474377.3750000000000000000000000000000000000000
402898008620796.7500000000000000000000000000000000000000
2707108203284158.5000000000000000000000000000000000000000
1368910295112952.2500000000000000000000000000000000000000
14154724734253.5078125000000000000000000000000000000000
642090061697340.2500000000000000000000000000000000000000
352235528357307.8125000000000000000000000000000000000000
1633263787033365.5000000000000000000000000000000000000000
1301301684473112.2500000000000000000000000000000000000000
177505099734447.2500000000000000000000000000000000000000
-1938488364227895.5000000000000000000000000000000000000000
799037782112761.7500000000000000000000000000000000000000
1006650399425997.1250000000000000000000000000000000000000
-429291287856766.3750000000000000000000000000000000000000
-4974684875632519.0000000000000000000000000000000000000000
-420252762691451.8125000000000000000000000000000000000000
-1647335492699860.0000000000000000000000000000000000000000
-2078433801713452.5000000000000000000000000000000000000000
1895211800979749.0000000000000000000000000000000000000000
-1795775447383051.2500000000000000000000000000000000000000
-999292236264663.7500000000000000000000000000000000000000
918558561071768.2500000000000000000000000000000000000000
2581385974124965.5000000000000000000000000000000000000000
1025038747354265.7500000000000000000000000000000000000000
1027249169064237.5000000000000000000000000000000000000000
77945604403739.0937500000000000000000000000000000000000
-3026918651727315.5000000000000000000000000000000000000000
2060495480996929.5000000000000000000000000000000000000000
265163133205640.0625000000000000000000000000000000000000
1826020615105876.0000000000000000000000000000000000000000
290759491317226.7500000000000000000000000000000000000000
-1427250873020048.0000000000000000000000000000000000000000
2017656188786585.5000000000000000000000000000000000000000
-563069546618094.0000000000000000000000000000000000000000
-2615764907998423.5000000000000000000000000000000000000000
1191331482955983.7500000000000000000000000000000000000000
303034933534282.1875000000000000000000000000000000000000
-1974354081232664.7500000000000000000000000000000000000000
-884265778487137.1250000000000000000000000000000000000000
1039395153176232.3750000000000000000000000000000000000000
1199071569333047.2500000000000000000000000000000000000000
-2088396154912686.0000000000000000000000000000000000000000
634540664785071.6250000000000000000000000000000000000000
761355157754515.8750000000000000000000000000000000000000
1045447066120874.0000000000000000000000000000000000000000
1574448713545923.5000000000000000000000000000000000000000
-2720278019182647.0000000000000000000000000000000000000000
-1166395455209978.5000000000000000000000000000000000000000
311545425515115.2500000000000000000000000000000000000000
997787525778748.8750000000000000000000000000000000000000
-348766318114606.2500000000000000000000000000000000000000
887223323539467.6250000000000000000000000000000000000000
-307264459268644.0625000000000000000000000000000000000000
753826124414274.0000000000000000000000000000000000000000
-1105176549322991.2500000000000000000000000000000000000000
-3367673791748036.0000000000000000000000000000000000000000
-2220452084631383.7500000000000000000000000000000000000000
1322884189232325.5000000000000000000000000000000000000000
842266077201140.7500000000000000000000000000000000000000
388068177656739.8125000000000000000000000000000000000000
-1482963414380660.0000000000000000000000000000000000000000
979907925556973.1250000000000000000000000000000000000000
-973057258112477.5000000000000000000000000000000000000000
2608437489546622.0000000000000000000000000000000000000000
1498305226317676.0000000000000000000000000000000000000000
1652227479574554.5000000000000000000000000000000000000000
1838098295890729.5000000000000000000000000000000000000000
1029180106494428.0000000000000000000000000000000000000000
1553762549499613.5000000000000000000000000000000000000000
-944919087136507.8750000000000000000000000000000000000000
-918341347779689.3750000000000000000000000000000000000000
-1226384852736974.7500000000000000000000000000000000000000
-684911872159395.6250000000000000000000000000000000000000
110860121669861.6250000000000000000000000000000000000000
593541437579663.0000000000000000000000000000000000000000
-543577533633474.4375000000000000000000000000000000000000
-499271510191542.2500000000000000000000000000000000000000
-1699711632018075.5000000000000000000000000000000000000000
718234442976575.8750000000000000000000000000000000000000
-1207194141729794.7500000000000000000000000000000000000000
635122192715826.5000000000000000000000000000000000000000
-641625343208188.7500000000000000000000000000000000000000
356906563323162.3125000000000000000000000000000000000000
-1831180745879662.7500000000000000000000000000000000000000
-196040431687968.9062500000000000000000000000000000000000
237776294174507.0000000000000000000000000000000000000000
19363489746555.5351562500000000000000000000000000000000
-2516928335449.1860351562500000000000000000000000000000
1379108645134537.5000000000000000000000000000000000000000
-336261134122947.3125000000000000000000000000000000000000
-1109115532725140.8750000000000000000000000000000000000000
1352896085500304.2500000000000000000000000000000000000000
1934303042873551.0000000000000000000000000000000000000000
-156742750769393.9687500000000000000000000000000000000000
1297954002007820.5000000000000000000000000000000000000000
-1893099276759146.5000000000000000000000000000000000000000
-777367694969827.2500000000000000000000000000000000000000
1382980699008451.7500000000000000000000000000000000000000
-1025441470134338.5000000000000000000000000000000000000000
