0.2986285680401906117431565235165180638433
-29.6668903440842868235449714120477437973022
774.7126091480280365431099198758602142333984
-8584.8198029615377890877425670623779296875000
46247.3429459492836031131446361541748046875000
-112335.7109104727860540151596069335937500000000
13938.5649026117371249711140990257263183593750
510144.0823825627448968589305877685546875000000
-928521.2863578583346679806709289550781250000000
293123.9349385910318233072757720947265625000000
449885.4363708319724537432193756103515625000000
-22890.2433434789090824779123067855834960937500
-269378.9666243752581067383289337158203125000000
323584.2666104873642325401306152343750000000000
-626527.3201770704472437500953674316406250000000
-254281.3393419604690279811620712280273437500000
310664.4369707652367651462554931640625000000000
980406.0024792535696178674697875976562500000000
-947666.6169638388091698288917541503906250000000
320330.6939959311275742948055267333984375000000
-285366.2434406331158243119716644287109375000000
1419439.8377157310023903846740722656250000000000
-926344.9682835140265524387359619140625000000000
607443.8653984057018533349037170410156250000000
-2128207.1002104114741086959838867187500000000000
478372.0668549331603571772575378417968750000000
-42983.0693700920237461104989051818847656250000
755421.7728706389898434281349182128906250000000
165200.4037991831137333065271377563476562500000
-1965108.0246223146095871925354003906250000000000
1320414.0519959891680628061294555664062500000000
1195231.0637406508903950452804565429687500000000
733629.2868650762829929590225219726562500000000
-338295.8088800112600438296794891357421875000000
249331.1259700649825390428304672241210937500000
-541369.9673316827975213527679443359375000000000
697541.5383021368179470300674438476562500000000
-1636011.8228966423776000738143920898437500000000
-450264.2024877250078134238719940185546875000000
332655.3954594139941036701202392578125000000000
-343003.1654852878418751060962677001953125000000
257496.9743349430500529706478118896484375000000
-967565.3241712788585573434829711914062500000000
77616.3859595734247704967856407165527343750000
1712052.3163848081603646278381347656250000000000
-10198.3417009218173916451632976531982421875000
-548043.3514941505854949355125427246093750000000
-281359.1838717122445814311504364013671875000000
-492518.6027080650092102587223052978515625000000
-482070.6113548809080384671688079833984375000000
883318.6992941959761083126068115234375000000000
-10292.1567613114093546755611896514892578125000
-187315.0118928892188705503940582275390625000000
1179356.7772638597525656223297119140625000000000
-2091212.5508561637252569198608398437500000000000
1190315.5209733771625906229019165039062500000000
-927130.7170535145560279488563537597656250000000
-1382045.8521012542769312858581542968750000000000
-3747419.7855474492534995079040527343750000000000
4188770.8227153755724430084228515625000000000000
2796114.3805130114778876304626464843750000000000
8163710.1871617985889315605163574218750000000000
8342506.1761257890611886978149414062500000000000
963955.4175656761508435010910034179687500000000
-6202574.4070564247667789459228515625000000000000
-8931607.2809444423764944076538085937500000000000
-12726214.4268477428704500198364257812500000000000
2441840.6786913275718688964843750000000000000000
8502459.4250383246690034866333007812500000000000
-3803622.5505567276850342750549316406250000000000
588292.4163856813684105873107910156250000000000
1651807.5601053785067051649093627929687500000000
-674964.7713241542223840951919555664062500000000
819889.1955055474536493420600891113281250000000
-4305003.8094271421432495117187500000000000000000
-2882120.6273521012626588344573974609375000000000
2840717.5089088128879666328430175781250000000000
-1325522.1419434284325689077377319335937500000000
-6229768.8977520922198891639709472656250000000000
193970.3732380541332531720399856567382812500000
-1767003.3202920942567288875579833984375000000000
3699243.6895721745677292346954345703125000000000
4056902.4618467791005969047546386718750000000000
6305041.8979014707729220390319824218750000000000
30613.0517906866516568697988986968994140625000
2944089.5887673776596784591674804687500000000000
7913479.3975039375945925712585449218750000000000
-2184681.4091722331941127777099609375000000000000
1097375.2185257805977016687393188476562500000000
1552407.2167248660698533058166503906250000000000
-8669031.7261330876499414443969726562500000000000
-6723497.0393316382542252540588378906250000000000
7283243.3959663696587085723876953125000000000000
-11641204.1684559006243944168090820312500000000000
6108927.5886956518515944480895996093750000000000
2819079.1425414187833666801452636718750000000000
6810632.8756921039894223213195800781250000000000
8753505.6966741029173135757446289062500000000000
-1585433.8908396586775779724121093750000000000000
1979953.3776176096871495246887207031250000000000
8258298.1547964578494429588317871093750000000000
157850.4136168768745847046375274658203125000000
-5881395.3709419639781117439270019531250000000000
-10427842.4239053465425968170166015625000000000000
-16252842.9096844885498285293579101562500000000000
-7889076.0781272901222109794616699218750000000000
-1327158.1255836484488099813461303710937500000000
-298779.6163840729277580976486206054687500000000
8033684.2144119758158922195434570312500000000000
10268564.1716231852769851684570312500000000000000
567171.4468306981725618243217468261718750000000
-10792378.1438702754676342010498046875000000000000
-1823450.4151732251048088073730468750000000000000
559104.1839143561664968729019165039062500000000
1264837.2873791302554309368133544921875000000000
6783968.0582893863320350646972656250000000000000
6492879.9684631247073411941528320312500000000000
-8871282.9344705194234848022460937500000000000000
6686004.1187190953642129898071289062500000000000
-11819966.9436986371874809265136718750000000000000
-1346846.5492042065598070621490478515625000000000
4478603.0866945218294858932495117187500000000000
1066311.1727284893859177827835083007812500000000
10185069.1003661155700683593750000000000000000000
-11228741.3209213670343160629272460937500000000000
5514673.6235436731949448585510253906250000000000
6513510.6287983236834406852722167968750000000000
-1597681.9704569641035050153732299804687500000000
-12826744.9582454208284616470336914062500000000000
5554391.3723464542999863624572753906250000000000
-8123495.6631023902446031570434570312500000000000
2137678.8451040689833462238311767578125000000000
2004381.8800510410219430923461914062500000000000
-9143220.0081407241523265838623046875000000000000
-173889.3186240689537953585386276245117187500000
2434315.9215327422134578227996826171875000000000
-2722276.3429781342856585979461669921875000000000
1601697.1785219851881265640258789062500000000000
2017542.5010883782524615526199340820312500000000
9065605.4424776136875152587890625000000000000000
9393488.4332159422338008880615234375000000000000
-3946820.3249570317566394805908203125000000000000
19324221.0092478431761264801025390625000000000000
-1804607.8765469884965568780899047851562500000000
-4676521.3335354933515191078186035156250000000000
-3266705.8781571965664625167846679687500000000000
-5875152.6939543206244707107543945312500000000000
-5508202.7001143088564276695251464843750000000000
-4246321.4539447464048862457275390625000000000000
296496.3427117769606411457061767578125000000000
19149378.5617578513920307159423828125000000000000
-7104687.3572756350040435791015625000000000000000
2794640.1505923378281295299530029296875000000000
-7070723.2551735332235693931579589843750000000000
94287.6683739944273838773369789123535156250000
6345580.6134853335097432136535644531250000000000
-4685002.1392419794574379920959472656250000000000
19460926.8455819375813007354736328125000000000000
-8939667.5807545669376850128173828125000000000000
11992463.3610981926321983337402343750000000000000
10929751.9544369094073772430419921875000000000000
-11561396.2238639295101165771484375000000000000000
-16339045.3282076176255941390991210937500000000000
-7006008.3853849684819579124450683593750000000000
-5888257.7239011172205209732055664062500000000000
4676976.2760153152048587799072265625000000000000
11715576.4634949415922164916992187500000000000000
8872025.9117809217423200607299804687500000000000
918185.7074086266802623867988586425781250000000
-15374224.4139290973544120788574218750000000000000
-12991612.2055822852998971939086914062500000000000
10188361.4808483086526393890380859375000000000000
-2319652.0755411442369222640991210937500000000000
-12526352.4026153087615966796875000000000000000000
-2212032.0750427823513746261596679687500000000000
6445799.9554775515571236610412597656250000000000
436318.4856418175622820854187011718750000000000
-1105234.9481569705531001091003417968750000000000
-2366751.5746990721672773361206054687500000000000
2990150.7568518314510583877563476562500000000000
6076692.1588713657110929489135742187500000000000
2840032.6098555559292435646057128906250000000000
12469126.9638697151094675064086914062500000000000
2832576.1527095143683254718780517578125000000000
508223.7752897333703003823757171630859375000000
1012481.4844989140983670949935913085937500000000
-6192394.5250521814450621604919433593750000000000
-5379633.5357963237911462783813476562500000000000
-16129804.5011407006531953811645507812500000000000
-1054605.6413291809149086475372314453125000000000
-10479998.7162963617593050003051757812500000000000
8678572.2682888489216566085815429687500000000000
-747433.1131027260562404990196228027343750000000
-8054368.6925901304930448532104492187500000000000
-6996358.9249438056722283363342285156250000000000
-6362196.7180514791980385780334472656250000000000
-5855554.1471064742654561996459960937500000000000
-9395498.8031097557395696640014648437500000000000
20089633.4572966843843460083007812500000000000000
-12704149.9778293706476688385009765625000000000000
4114250.9611534387804567813873291015625000000000
-42605.8045744768169242888689041137695312500000
-5518772.6257801670581102371215820312500000000000
5318704.5609420761466026306152343750000000000000
18203479.7354034632444381713867187500000000000000
-6200300.0036327354609966278076171875000000000000
-7560681.7537641115486621856689453125000000000000
-657593.2303398522781208157539367675781250000000
3372675.2271369937807321548461914062500000000000
-4439012.7007657345384359359741210937500000000000
6580646.9426404181867837905883789062500000000000
4395102.0002535246312618255615234375000000000000
-778328.6115126325748860836029052734375000000000
8924459.9979497846215963363647460937500000000000
10809794.3876764886081218719482421875000000000000
-2288070.8186564277857542037963867187500000000000
20795881.6913231648504734039306640625000000000000
-4544434.7158958427608013153076171875000000000000
196205.7650114166899584233760833740234375000000
8812908.8046401124447584152221679687500000000000
-9450502.7348530851304531097412109375000000000000
8557849.5065654888749122619628906250000000000000
-3159568.0292452559806406497955322265625000000000
3191402.7648582714609801769256591796875000000000
-9487159.4374782629311084747314453125000000000000
8385199.1397724086418747901916503906250000000000
-3739706.5595177537761628627777099609375000000000
-10098851.8225240670144557952880859375000000000000
55082.8519383812308660708367824554443359375000
-4333734.3531603747978806495666503906250000000000
1312553.1335982631426304578781127929687500000000
1194043.2511070340406149625778198242187500000000
3510086.2442409344948828220367431640625000000000
20860496.4555550292134284973144531250000000000000
-3591800.3567431750707328319549560546875000000000
-16461020.0931427702307701110839843750000000000000
-1281589.0049006175249814987182617187500000000000
-9372332.8449841886758804321289062500000000000000
5482864.4921888075768947601318359375000000000000
4650075.5297943698242306709289550781250000000000
4012878.1030240207910537719726562500000000000000
10226939.9555035475641489028930664062500000000000
9275416.0850694086402654647827148437500000000000
4808711.1263397615402936935424804687500000000000
-1922333.1069884784519672393798828125000000000000
-1688437.7680307726841419935226440429687500000000
13459782.7065727803856134414672851562500000000000
1584287.4441256867721676826477050781250000000000
-590216.7705560430185869336128234863281250000000
-14110270.8453394342213869094848632812500000000000
1491229.0182544845156371593475341796875000000000
-2870653.0538380565121769905090332031250000000000
2207657.0532069993205368518829345703125000000000
-1560752.5135655323974788188934326171875000000000
-4412184.7628942085430026054382324218750000000000
1747016.3657050421461462974548339843750000000000
2401436.7567601730115711688995361328125000000000
5232083.0320653337985277175903320312500000000000
-8372070.5491374861449003219604492187500000000000
-7596612.0531197469681501388549804687500000000000
2041666.1294436468742787837982177734375000000000
5640567.7278841398656368255615234375000000000000
-2294355.0105383726768195629119873046875000000000
-15701222.8233560863882303237915039062500000000000
8106367.3909339737147092819213867187500000000000
-5363271.9694481752812862396240234375000000000000
-5542918.3572452664375305175781250000000000000000
10493308.2929279785603284835815429687500000000000
-2125636.0071877026930451393127441406250000000000
-4184318.9376234114170074462890625000000000000000
3277492.1762310191988945007324218750000000000000
-3454376.6476200101897120475769042968750000000000
1579148.5706468427088111639022827148437500000000
3501628.8072630595415830612182617187500000000000
-9305374.8818241711705923080444335937500000000000
-8001659.9032456269487738609313964843750000000000
2337743.1691914717666804790496826171875000000000
1301469.5200881334021687507629394531250000000000
-207425.8881282729562371969223022460937500000000
3799408.4245019075460731983184814453125000000000
81707.7756819516362156718969345092773437500000
10463816.4860916845500469207763671875000000000000
-7039030.0898974239826202392578125000000000000000
-23425833.5943332798779010772705078125000000000000
-4435337.9102789089083671569824218750000000000000
-259059.2135052667581476271152496337890625000000
881254.4991173725575208663940429687500000000000
-18187548.0719319880008697509765625000000000000000
-11967002.8306355960667133331298828125000000000000
4012577.5302089443430304527282714843750000000000
-2675771.4692396195605397224426269531250000000000
-8244961.2394233513623476028442382812500000000000
-10758968.7203577142208814620971679687500000000000
-3920655.8042930345982313156127929687500000000000
9849267.6646811366081237792968750000000000000000
7266227.1966733401641249656677246093750000000000
-1506424.6340210328344255685806274414062500000000
8727575.8077333681285381317138671875000000000000
-1436687.8416033508256077766418457031250000000000
-1465321.8632692259270697832107543945312500000000
17048057.0310472548007965087890625000000000000000
-12113920.9305715113878250122070312500000000000000
8456958.7759433612227439880371093750000000000000
-787446.9686806465033441781997680664062500000000
6060728.5579410120844841003417968750000000000000
-4267715.6597023699432611465454101562500000000000
-6201270.0353429336100816726684570312500000000000
-11623947.5421410668641328811645507812500000000000
4297137.8043210832402110099792480468750000000000
165478.1532633632887154817581176757812500000000
-3290314.1647846787236630916595458984375000000000
12338.3052538491447194246575236320495605468750
10400848.7468950394541025161743164062500000000000
2131505.0470194043591618537902832031250000000000
5964399.7304458394646644592285156250000000000000
4144512.9163729441352188587188720703125000000000
13228155.8309581410139799118041992187500000000000
3949480.7995664398185908794403076171875000000000
13273644.0301644280552864074707031250000000000000
7022248.1436483310535550117492675781250000000000
-2495096.5497249257750809192657470703125000000000
-4667832.7785891052335500717163085937500000000000
-2075071.6256897761486470699310302734375000000000
-8280806.0463967649266123771667480468750000000000
7355575.8573897657915949821472167968750000000000
1657642.7996916400734335184097290039062500000000
-7633997.9715624628588557243347167968750000000000
-5891054.3296481715515255928039550781250000000000
10546751.7368425317108631134033203125000000000000
11070990.4767212197184562683105468750000000000000
1853881.9051778300199657678604125976562500000000
1708409.2605743482708930969238281250000000000000
-3538186.8101354450918734073638916015625000000000
-14540180.1419399697333574295043945312500000000000
12844127.8807407263666391372680664062500000000000
-2332952.8190283416770398616790771484375000000000
154839.8714533321617636829614639282226562500000
2097214.4743332155048847198486328125000000000000
2314117.9370467695407569408416748046875000000000
16019729.5933217387646436691284179687500000000000
5258003.5829315716400742530822753906250000000000
-3105902.3576989355497062206268310546875000000000
4884307.9009769689291715621948242187500000000000
7598122.2553008962422609329223632812500000000000
1944319.3116716945078223943710327148437500000000
305345.8742525476845912635326385498046875000000
11237935.5207436997443437576293945312500000000000
-371416.4447995009250007569789886474609375000000
-4826162.1527622351422905921936035156250000000000
-2840666.5833032224327325820922851562500000000000
5594962.9648007089272141456604003906250000000000
6959493.0562508506700396537780761718750000000000
-1050175.0314025054685771465301513671875000000000
-1234528.9171426543034613132476806640625000000000
-1629835.8611698190215975046157836914062500000000
-1485718.9403644835110753774642944335937500000000
-3844674.8762484434992074966430664062500000000000
-3593048.1182658364996314048767089843750000000000
-15676754.5636418331414461135864257812500000000000
1446409.4431887934915721416473388671875000000000
-407871.7768000215874053537845611572265625000000
-4738653.3822346618399024009704589843750000000000
-6024003.1686933021992444992065429687500000000000
12998720.6185003425925970077514648437500000000000
-3564964.6071517551317811012268066406250000000000
11905588.9436985012143850326538085937500000000000
-2380801.3949622288346290588378906250000000000000
-4670587.0688802534714341163635253906250000000000
-18020914.8456099629402160644531250000000000000000
900889.0785106084076687693595886230468750000000
7515878.8680265955626964569091796875000000000000
6783039.9824135247617959976196289062500000000000
-13479312.5025473590940237045288085937500000000000
2683888.8786854366771876811981201171875000000000
-14964849.9564246796071529388427734375000000000000
-5705539.5614049118012189865112304687500000000000
-128452.4689461261732503771781921386718750000000
13099930.1096828654408454895019531250000000000000
-4511841.4190851449966430664062500000000000000000
13874918.6800766494125127792358398437500000000000
-1831258.8931425821501761674880981445312500000000
-6885914.6690019909292459487915039062500000000000
2236731.3720131376758217811584472656250000000000
807400.5835417259950190782546997070312500000000
-4860170.7365185124799609184265136718750000000000
-18893605.6708452031016349792480468750000000000000
-4473586.8956208042800426483154296875000000000000
1386472.5569789255969226360321044921875000000000
6609647.1775072915479540824890136718750000000000
-5459046.1816886290907859802246093750000000000000
447077.3358217648346908390522003173828125000000
-1664011.5683915973640978336334228515625000000000
-12267538.4285385794937610626220703125000000000000
-8614849.9708065409213304519653320312500000000000
2895548.4044554228894412517547607421875000000000
2333707.9004368921741843223571777343750000000000
721912.1959140200633555650711059570312500000000
-8576608.8509547896683216094970703125000000000000
-1858845.9130643911194056272506713867187500000000
8602634.4934430159628391265869140625000000000000
10378605.3867199737578630447387695312500000000000
-5432302.8198003238067030906677246093750000000000
2718891.8493109839037060737609863281250000000000
-5374816.3580502262338995933532714843750000000000
-4116862.2676972723565995693206787109375000000000
3806946.1710280030965805053710937500000000000000
5482675.3579755285754799842834472656250000000000
11593447.3255051989108324050903320312500000000000
-836393.3796206014230847358703613281250000000000
4277153.9954752782359719276428222656250000000000
376202.2039045193814672529697418212890625000000
-12945852.4746807478368282318115234375000000000000
-151366.5027589719102252274751663208007812500000
1998111.1824949895963072776794433593750000000000
2487575.7258387599140405654907226562500000000000
6233504.7566429655998945236206054687500000000000
-333306.3141744961612857878208160400390625000000
2722052.9704050789587199687957763671875000000000
-4203673.9171688882634043693542480468750000000000
2505754.7092273775488138198852539062500000000000
-6535325.3672824893146753311157226562500000000000
-4136795.2058233227580785751342773437500000000000
5384306.4293028973042964935302734375000000000000
1530853.7205061842687427997589111328125000000000
-2422582.6841231449507176876068115234375000000000
-3269647.2889390573836863040924072265625000000000
6129480.8678075019270181655883789062500000000000
-7316926.1231580758467316627502441406250000000000
-13082224.1238155514001846313476562500000000000000
317915.4746024212217889726161956787109375000000
98914.2868053352140123024582862854003906250000
-5743661.9028078736737370491027832031250000000000
256523.9028784519177861511707305908203125000000
-516429.6366007602191530168056488037109375000000
12650299.9066280294209718704223632812500000000000
4160212.6961504728533327579498291015625000000000
-13818373.9126991648226976394653320312500000000000
8924086.6179456133395433425903320312500000000000
-6381910.2064978219568729400634765625000000000000
8559162.1160225290805101394653320312500000000000
-1754143.9735094532370567321777343750000000000000
-7619652.3065278381109237670898437500000000000000
5627285.5492883976548910140991210937500000000000
3890034.5055383746512234210968017578125000000000
8119892.1150257959961891174316406250000000000000
3445496.9287610957399010658264160156250000000000
1949509.2333214478567242622375488281250000000000
182303.4610247444652486592531204223632812500000
-5850560.7722359327599406242370605468750000000000
5360147.5824182610958814620971679687500000000000
3241838.6142277573235332965850830078125000000000
-1431617.5134286158718168735504150390625000000000
-2061021.3228720529004931449890136718750000000000
7604274.4731317674741148948669433593750000000000
5856111.9772810675203800201416015625000000000000
-9295491.1814120654016733169555664062500000000000
2931699.7481169807724654674530029296875000000000
7058568.2614034069702029228210449218750000000000
-4155425.1257229419425129890441894531250000000000
-7719359.5432093944400548934936523437500000000000
79463.7048121298430487513542175292968750000000
6267959.5847487533465027809143066406250000000000
6549232.3711597044020891189575195312500000000000
-1204973.0499675977043807506561279296875000000000
13455574.0460956599563360214233398437500000000000
5109353.4804954240098595619201660156250000000000
-706019.3842510684626176953315734863281250000000
-417070.3690268791397102177143096923828125000000
1800866.5087078795768320560455322265625000000000
-1557236.9409398918505758047103881835937500000000
-977875.3925457422155886888504028320312500000000
4263932.6290190676227211952209472656250000000000
6787240.6730684181675314903259277343750000000000
333575.5415747383958660066127777099609375000000
-9127758.6788636725395917892456054687500000000000
-6066841.6714235171675682067871093750000000000000
-5404939.6001847023144364356994628906250000000000
-4917600.7222665753215551376342773437500000000000
-1514110.0317630972713232040405273437500000000000
9292674.4578924849629402160644531250000000000000
1706084.5725313243456184864044189453125000000000
-1932.7771347000159494200488552451133728027344
3820228.9698087819851934909820556640625000000000
4807454.2239121207967400550842285156250000000000
5959363.4518080027773976325988769531250000000000
9261921.4106900580227375030517578125000000000000
-8669684.7672627214342355728149414062500000000000
-4419364.8975910488516092300415039062500000000000
-5864548.3372733760625123977661132812500000000000
4155984.7333392850123345851898193359375000000000
-5388663.4808662282302975654602050781250000000000
-8090765.5479466337710618972778320312500000000000
-7919516.0894294027239084243774414062500000000000
-7808378.4759902823716402053833007812500000000000
-1905383.2074042856693267822265625000000000000000
-3820389.3181155705824494361877441406250000000000
5902378.4174321275204420089721679687500000000000
-37051.6376156275000539608299732208251953125000
-6418355.4209400964900851249694824218750000000000
4041285.7923111729323863983154296875000000000000
8821566.4931623879820108413696289062500000000000
-1943370.0294423785526305437088012695312500000000
1270379.3503524570260196924209594726562500000000
4978096.8165013380348682403564453125000000000000
-6254745.5081860367208719253540039062500000000000
9624642.9072941895574331283569335937500000000000
-7636478.0951281711459159851074218750000000000000
-2296689.7550794375129044055938720703125000000000
5371023.7382463878020644187927246093750000000000
-905713.1693953350186347961425781250000000000000
2760972.9186116517521440982818603515625000000000
-7416833.0259212702512741088867187500000000000000
-5873149.1040884098038077354431152343750000000000
-8544903.3872778303921222686767578125000000000000
5573646.3967822799459099769592285156250000000000
6803658.7542851893231272697448730468750000000000
-7321253.7099190112203359603881835937500000000000
5784655.4436570405960083007812500000000000000000
10956023.2641931753605604171752929687500000000000
6496438.1784962369129061698913574218750000000000
2268272.5409661256708204746246337890625000000000
3886458.9082924542017281055450439453125000000000
5383438.3232427593320608139038085937500000000000
2698474.7308160788379609584808349609375000000000
-6988344.0133220907300710678100585937500000000000
801047.4537088020006194710731506347656250000000
-363508.4550056519801728427410125732421875000000
-890366.7502182425232604146003723144531250000000
-9959472.9032892156392335891723632812500000000000
-4465934.8727791896089911460876464843750000000000
-2817142.2610353948548436164855957031250000000000
-9568534.4524443671107292175292968750000000000000
7856249.6844969447702169418334960937500000000000
2655060.2719203168526291847229003906250000000000
-3622113.0797747573815286159515380859375000000000
-7862878.8729298627004027366638183593750000000000
-12956932.1948896516114473342895507812500000000000
-4960349.0145916398614645004272460937500000000000
6200314.7269117711111903190612792968750000000000
-2172874.1297181751579046249389648437500000000000
-6178487.0354370623826980590820312500000000000000
10063343.1656205821782350540161132812500000000000
-3374655.8636959716677665710449218750000000000000
-4478225.1559839881956577301025390625000000000000
5219974.1958631426095962524414062500000000000000
-931951.4165340975159779191017150878906250000000
4223217.0893110707402229309082031250000000000000
491613.1813607737421989440917968750000000000000
-4090050.6267480235546827316284179687500000000000
-12845055.1107604242861270904541015625000000000000
-1005857.2623602316016331315040588378906250000000
2629663.2553079272620379924774169921875000000000
-273385.0458175527164712548255920410156250000000
2905543.9985416685231029987335205078125000000000
-2705451.3460655403323471546173095703125000000000
-1054595.3785135520156472921371459960937500000000
-4612750.0053165107965469360351562500000000000000
9502885.6444682665169239044189453125000000000000
1467107.0682679773308336734771728515625000000000
-6095953.7907602423802018165588378906250000000000
-3331510.2989698033779859542846679687500000000000
-74243.1401884869264904409646987915039062500000
6258477.1838528085500001907348632812500000000000
7118172.4425260219722986221313476562500000000000
4712804.3087512282654643058776855468750000000000
1505689.1549684922210872173309326171875000000000
-2097706.2820198959670960903167724609375000000000
5553956.0207180455327033996582031250000000000000
6282697.8769833166152238845825195312500000000000
-691700.4404779042815789580345153808593750000000
11443555.3557617831975221633911132812500000000000
-3917767.3496478642337024211883544921875000000000
820808.7675756865646690130233764648437500000000
3059230.8155756732448935508728027343750000000000
10443534.7433151509612798690795898437500000000000
5096268.0497874030843377113342285156250000000000
-6808710.4548127437010407447814941406250000000000
2635857.8823054740205407142639160156250000000000
12696222.8907968737185001373291015625000000000000
-7020109.8048691414296627044677734375000000000000
-3509931.5487472042441368103027343750000000000000
907322.5290357159683480858802795410156250000000
2945155.6104495082981884479522705078125000000000
-9436455.2356448248028755187988281250000000000000
-680535.4196834005415439605712890625000000000000
-1287798.2741617278661578893661499023437500000000
-6100207.7742609968408942222595214843750000000000
5432968.7214525472372770309448242187500000000000
-3426682.7390508293174207210540771484375000000000
-4306215.7284284355118870735168457031250000000000
4988877.7131860647350549697875976562500000000000
-13116847.5994603913277387619018554687500000000000
-6987969.7485801875591278076171875000000000000000
-9043380.4724446553736925125122070312500000000000
3117626.4837092910893261432647705078125000000000
1839453.6512901750393211841583251953125000000000
1059038.2130105961114168167114257812500000000000
1487692.3325685341842472553253173828125000000000
12235583.7877766564488410949707031250000000000000
-857632.0480991151416674256324768066406250000000
3426055.5705093718133866786956787109375000000000
-1576810.9106921986676752567291259765625000000000
1304639.4958529623690992593765258789062500000000
4427127.0695802066475152969360351562500000000000
6886071.3032802380621433258056640625000000000000
1586944.5824617706239223480224609375000000000000
7600827.9389190385118126869201660156250000000000
-3332706.3294002669863402843475341796875000000000
-1309574.2307566213421523571014404296875000000000
-1643237.2429731483571231365203857421875000000000
1593174.6684809657745063304901123046875000000000
-2897070.5925091695971786975860595703125000000000
-3613845.0725518860854208469390869140625000000000
3223581.1699457736685872077941894531250000000000
1942269.6269984364043921232223510742187500000000
-4269808.7915117936208844184875488281250000000000
-7760602.9704230912029743194580078125000000000000
8425183.7798926532268524169921875000000000000000
1899788.3326806519180536270141601562500000000000
-8894927.9709689915180206298828125000000000000000
-6061835.2927307840436697006225585937500000000000
9897993.5678550377488136291503906250000000000000
-6667662.7576745282858610153198242187500000000000
1321277.2392232522834092378616333007812500000000
-1084263.8916799051221460103988647460937500000000
-2499406.3623481928370893001556396484375000000000
70773.8637471707770600914955139160156250000000
840021.8893899116665124893188476562500000000000
-5310172.6606878088787198066711425781250000000000
5494360.8913865033537149429321289062500000000000
-6771267.4919375423341989517211914062500000000000
136752.7435850972542539238929748535156250000000
2841996.7714559389278292655944824218750000000000
6409988.4211424430832266807556152343750000000000
-1109508.0021881991997361183166503906250000000000
3354174.6248687114566564559936523437500000000000
7428587.1922402400523424148559570312500000000000
-596055.7647803432773798704147338867187500000000
-2113944.6914994008839130401611328125000000000000
-3203194.9300528741441667079925537109375000000000
-407157.0973080046242102980613708496093750000000
934392.7321218991419300436973571777343750000000
974782.5670960275456309318542480468750000000000
-2237620.4914886867627501487731933593750000000000
7149395.1141580566763877868652343750000000000000
1027763.8000850486569106578826904296875000000000
2984696.9814860397018492221832275390625000000000
6953023.9139103414490818977355957031250000000000
-12248904.5932623539119958877563476562500000000000
-6088154.9677286809310317039489746093750000000000
478810.0805784512194804847240447998046875000000
567755.7225370336091145873069763183593750000000
1580438.0242705915588885545730590820312500000000
-8606632.9840152226388454437255859375000000000000
1294289.4153222863096743822097778320312500000000
496966.8492808879236690700054168701171875000000
-802019.5778232718585059046745300292968750000000
-2135317.3974574496969580650329589843750000000000
3100753.7790725906379520893096923828125000000000
-322124.6333343622391112148761749267578125000000
-5178398.8709469707682728767395019531250000000000
141111.7409203629067633301019668579101562500000
-498362.7060641239513643085956573486328125000000
-471234.1873894159798510372638702392578125000000
3980954.1435845950618386268615722656250000000000
-1870325.9549218607135117053985595703125000000000
-772195.1872433885000646114349365234375000000000
-13052036.3296035360544919967651367187500000000000
7784513.8742683557793498039245605468750000000000
3107258.8740290058776736259460449218750000000000
1843555.2906422566156834363937377929687500000000
1708355.9500371376052498817443847656250000000000
4930126.6444149604067206382751464843750000000000
-460766.4767681910307146608829498291015625000000
2199418.8945637787692248821258544921875000000000
-10447060.0873801652342081069946289062500000000000
-2230535.9427866972982883453369140625000000000000
349440.0105003085918724536895751953125000000000
-2647392.3519611749798059463500976562500000000000
4768554.2406836962327361106872558593750000000000
-6326181.0261893216520547866821289062500000000000
2629998.7503837398253381252288818359375000000000
-2959402.8676095684058964252471923828125000000000
-5005434.1190881570801138877868652343750000000000
-2028362.4585272013209760189056396484375000000000
1514970.8391659101471304893493652343750000000000
7522584.7248758096247911453247070312500000000000
-1930058.3264607649762183427810668945312500000000
-2984759.4260694379918277263641357421875000000000
-774813.0710000412072986364364624023437500000000
-139681.9036244832386728376150131225585937500000
-860100.4571051780367270112037658691406250000000
-5177774.3134996686130762100219726562500000000000
1274818.0978684071451425552368164062500000000000
2961994.8499489882960915565490722656250000000000
-952229.3148687864886596798896789550781250000000
-7245722.6533385375514626502990722656250000000000
-1183902.1012904008384793996810913085937500000000
1541260.1917663172353059053421020507812500000000
10620370.8025455381721258163452148437500000000000
-5254535.9614951750263571739196777343750000000000
2834945.0385614149272441864013671875000000000000
-5370651.6418223511427640914916992187500000000000
424284.0144660187070257961750030517578125000000
2418148.1453883373178541660308837890625000000000
1370336.3000771705992519855499267578125000000000
4730022.0124349528923630714416503906250000000000
-32755.6607709282907308079302310943603515625000
1141393.9426508788019418716430664062500000000000
-1783226.4791977186687290668487548828125000000000
1458929.7042251166421920061111450195312500000000
8569173.8485599942505359649658203125000000000000
2478291.1199407130479812622070312500000000000000
6643713.9839174561202526092529296875000000000000
2716154.9433707119897007942199707031250000000000
-2029536.3897545156069099903106689453125000000000
-3119981.5949472957290709018707275390625000000000
2047703.5150832058861851692199707031250000000000
-6328955.9147319225594401359558105468750000000000
2971355.9277638108469545841217041015625000000000
1517219.0053358203731477260589599609375000000000
-4131528.1003256221301853656768798828125000000000
3069220.1293593179434537887573242187500000000000
-731668.2683212164556607604026794433593750000000
2164263.5927143767476081848144531250000000000000
-3293773.8323266664519906044006347656250000000000
6545553.7913284748792648315429687500000000000000
2780466.5899525955319404602050781250000000000000
6743561.4370245207101106643676757812500000000000
2385010.9339427282102406024932861328125000000000
-4542004.2007168568670749664306640625000000000000
5690588.3578386502340435981750488281250000000000
-1528953.1086414784658700227737426757812500000000
-5863997.3534286804497241973876953125000000000000
-500104.2638557414757087826728820800781250000000
1801688.1191783293616026639938354492187500000000
-358462.9317210087901912629604339599609375000000
1074813.2162895067594945430755615234375000000000
-2617668.2474791770800948143005371093750000000000
-1795959.6309675860684365034103393554687500000000
-4552951.4043808979913592338562011718750000000000
-776183.6227348516695201396942138671875000000000
2955208.5764943002723157405853271484375000000000
-4067570.1061807642690837383270263671875000000000
5216478.8523424211889505386352539062500000000000
-78856.3674908292741747573018074035644531250000
-1266012.6542375104036182165145874023437500000000
803220.4076741943135857582092285156250000000000
1828298.2420370532199740409851074218750000000000
4117977.9721444090828299522399902343750000000000
-3537003.4565512412227690219879150390625000000000
-1984212.0158987096510827541351318359375000000000
-2848875.4420959823764860630035400390625000000000
-3570961.2592902234755456447601318359375000000000
2623198.5193584109656512737274169921875000000000
-4557134.8091270001605153083801269531250000000000
-4033825.9470945065841078758239746093750000000000
-175830.3311661576153710484504699707031250000000
-2882578.5491721192374825477600097656250000000000
6918834.9131238171830773353576660156250000000000
-1250777.1853887599427253007888793945312500000000
5256709.9466567058116197586059570312500000000000
-1901132.1354083979967981576919555664062500000000
3976208.3746122736483812332153320312500000000000
-4126363.3560386411845684051513671875000000000000
4998256.0819405401125550270080566406250000000000
201531.9511079797230195254087448120117187500000
2523919.4014454712159931659698486328125000000000
17591.5473705484328093007206916809082031250000
-5689328.5902116503566503524780273437500000000000
-2467223.1267246599309146404266357421875000000000
-4577154.0429470650851726531982421875000000000000
3405630.7840598369948565959930419921875000000000
-3284267.0926241511479020118713378906250000000000
-1947530.6425445203203707933425903320312500000000
377120.1154030545731075108051300048828125000000
-1330393.1901577825192362070083618164062500000000
-2478180.2555596423335373401641845703125000000000
2953157.0881539303809404373168945312500000000000
-6553785.2357373470440506935119628906250000000000
3392009.1362377596087753772735595703125000000000
-1414633.1275136496406048536300659179687500000000
-1518445.7256282758899033069610595703125000000000
3543753.9757518777623772621154785156250000000000
651227.8182488866150379180908203125000000000000
-1267187.6849916100036352872848510742187500000000
255976.6610294629936106503009796142578125000000
4476276.9115359075367450714111328125000000000000
1359963.2291155301500111818313598632812500000000
-3663247.2528129923157393932342529296875000000000
8336003.5991487149149179458618164062500000000000
-4301359.5400973195210099220275878906250000000000
-2067251.5368498028255999088287353515625000000000
-1170189.9523827359080314636230468750000000000000
1314303.8016358299646526575088500976562500000000
5242137.7493887702003121376037597656250000000000
3232304.4469890282489359378814697265625000000000
-2842894.5914381132461130619049072265625000000000
-2344771.6903925822116434574127197265625000000000
-217138.9019956573902163654565811157226562500000
280539.0566134052351117134094238281250000000000
