0.2207019353850213638779109714960213750601
-19.5006999021412354977655922994017601013184
462.4931547144579440100642386823892593383789
-4771.4151305813866201788187026977539062500000
25062.9556000045631662942469120025634765625000
-68135.0328238462097942829132080078125000000000
75830.9501546482642879709601402282714843750000
53674.0727912827351246960461139678955078125000
-256173.4794622418994549661874771118164062500000
333706.5307167139253579080104827880859375000000
-229345.3085039905272424221038818359375000000000
-138402.1344397403008770197629928588867187500000
429035.2081398119335062801837921142578125000000
293726.0873181140050292015075683593750000000000
-1124451.3020135399419814348220825195312500000000
530280.5863696096930652856826782226562500000000
-53739.5557607832015492022037506103515625000000
356292.8994954518857412040233612060546875000000
-312457.7811655278783291578292846679687500000000
190588.0567751083581242710351943969726562500000
526132.5042610249947756528854370117187500000000
67193.3216348012792877852916717529296875000000
-1809674.3862541862763464450836181640625000000000
-285428.7885129782953299582004547119140625000000
1943416.8339130966924130916595458984375000000000
298748.8578850417979992926120758056640625000000
-1306617.1163724961224943399429321289062500000000
-2995.8132315464572457130998373031616210937500
785077.5751629010774195194244384765625000000000
991565.9838840536540374159812927246093750000000
-1824922.0940680247731506824493408203125000000000
112391.0440618605352938175201416015625000000000
2136859.5955620240420103073120117187500000000000
-1786724.5768850303720682859420776367187500000000
-273693.8899520497652702033519744873046875000000
254083.9060107123223133385181427001953125000000
159602.5818177705223206430673599243164062500000
-1868752.7519096219912171363830566406250000000000
1325440.7956379994284361600875854492187500000000
255446.6090218584286049008369445800781250000000
781910.7397724007023498415946960449218750000000
-1124856.6413709078915417194366455078125000000000
-498533.4494281914085149765014648437500000000000
-802528.3528456233907490968704223632812500000000
1012305.1314849678892642259597778320312500000000
551624.5290219810558483004570007324218750000000
1284163.2296488857828080654144287109375000000000
-66249.2363745331240352243185043334960937500000
513818.3046275753295049071311950683593750000000
-147192.2597140873840544372797012329101562500000
-869469.5142269865609705448150634765625000000000
147597.6851040012843441218137741088867187500000
1941826.1110581909306347370147705078125000000000
-207799.6207292175968177616596221923828125000000
1730034.0220164915081113576889038085937500000000
-1322667.7517742458730936050415039062500000000000
-729455.0576898575527593493461608886718750000000
8023045.1969122476875782012939453125000000000000
-2946830.3055441011674702167510986328125000000000
8789580.8281450420618057250976562500000000000000
-11022833.8270292412489652633666992187500000000000
-16280016.2528159692883491516113281250000000000000
-25754259.4334930516779422760009765625000000000000
4242087.8285623500123620033264160156250000000000
12758197.2778131831437349319458007812500000000000
3045040.7515946622006595134735107421875000000000
2475755.9410393359139561653137207031250000000000
1873383.9151786561124026775360107421875000000000
7594756.0349551830440759658813476562500000000000
5126800.4095552815124392509460449218750000000000
6459405.7916098199784755706787109375000000000000
11584290.9523886721581220626831054687500000000000
17768548.8465380631387233734130859375000000000000
463557.6575572639121674001216888427734375000000
13155765.5930540673434734344482421875000000000000
-9040269.6703142989426851272583007812500000000000
-11116799.1558435466140508651733398437500000000000
-5198837.6453197505325078964233398437500000000000
-13252368.3792128413915634155273437500000000000000
-16935121.3286698348820209503173828125000000000000
2245401.9637395730242133140563964843750000000000
-20583372.7626976482570171356201171875000000000000
237703.5389513174013700336217880249023437500000
-14729953.4873857591301202774047851562500000000000
6718834.6191936796531081199645996093750000000000
21141101.2994390428066253662109375000000000000000
-3654336.2334690694697201251983642578125000000000
-159736.9764172326249536126852035522460937500000
1034670.2543286776635795831680297851562500000000
-488875.6762449224479496479034423828125000000000
4949067.2031402261927723884582519531250000000000
-6550468.7277317475527524948120117187500000000000
-2087527.7497304782737046480178833007812500000000
10679317.7781067565083503723144531250000000000000
6683169.8424559161067008972167968750000000000000
-6538437.1887037409469485282897949218750000000000
7145949.6515221521258354187011718750000000000000
14184925.0299235619604587554931640625000000000000
-4751109.0964790442958474159240722656250000000000
3120244.4898371151648461818695068359375000000000
1401120.8033152685966342687606811523437500000000
16101354.9939936101436614990234375000000000000000
4272203.5871289139613509178161621093750000000000
-8842208.2301570829004049301147460937500000000000
-25385518.7283162549138069152832031250000000000000
8434168.3382567446678876876831054687500000000000
-7225705.2006439408287405967712402343750000000000
-3577281.4712851317599415779113769531250000000000
-13491788.4487559273838996887207031250000000000000
10594185.0882297810167074203491210937500000000000
15746813.9506244417279958724975585937500000000000
-24345534.6260430365800857543945312500000000000000
-13149244.7895229365676641464233398437500000000000
7784789.1389754386618733406066894531250000000000
4470112.7910539451986551284790039062500000000000
7293011.9991784282028675079345703125000000000000
-7650647.0390613796189427375793457031250000000000
11572652.0880619250237941741943359375000000000000
12801356.7222887724637985229492187500000000000000
6593734.1632335996255278587341308593750000000000
-4416617.1409175358712673187255859375000000000000
24871736.7659775838255882263183593750000000000000
-19809572.4474160335958003997802734375000000000000
222397.3115210016840137541294097900390625000000
-11403764.9599287863820791244506835937500000000000
27613322.4816429503262042999267578125000000000000
17224278.2291428558528423309326171875000000000000
-2961255.3251574113965034484863281250000000000000
-26212588.6631853729486465454101562500000000000000
-10863342.6556030120700597763061523437500000000000
1032619.3043273068033158779144287109375000000000
5406940.8559706388041377067565917968750000000000
5668095.5477189728990197181701660156250000000000
-4574367.4457908514887094497680664062500000000000
-9443760.6308420673012733459472656250000000000000
-6695373.9441915573552250862121582031250000000000
8855377.8763367254287004470825195312500000000000
-18399919.7299898974597454071044921875000000000000
-17010306.2228752449154853820800781250000000000000
-14417565.5915350019931793212890625000000000000000
4775191.3139222897589206695556640625000000000000
15466122.5873753335326910018920898437500000000000
-24585197.0035755261778831481933593750000000000000
-12000578.6983994990587234497070312500000000000000
691101.8995047552743926644325256347656250000000
-4985836.8044836400076746940612792968750000000000
-24868392.5775342248380184173583984375000000000000
-15601749.0691492408514022827148437500000000000000
3442610.6731337872333824634552001953125000000000
26089105.9851786680519580841064453125000000000000
17929954.7899738103151321411132812500000000000000
-12527531.5359838046133518218994140625000000000000
14110175.2010533176362514495849609375000000000000
28012514.9646314419806003570556640625000000000000
27630667.8133951611816883087158203125000000000000
20370999.1455873362720012664794921875000000000000
15544263.2528655119240283966064453125000000000000
5875198.7610678728669881820678710937500000000000
-10301244.6687860954552888870239257812500000000000
41527681.2819876968860626220703125000000000000000
19126453.6236676387488842010498046875000000000000
-29177965.2715449966490268707275390625000000000000
-42991223.5412188470363616943359375000000000000000
26368327.9216855987906455993652343750000000000000
24624144.6448890790343284606933593750000000000000
-15676603.8755290675908327102661132812500000000000
-4206009.3433876186609268188476562500000000000000
-12747049.3741478975862264633178710937500000000000
-13224907.4996796026825904846191406250000000000000
67421.8769787138007814064621925354003906250000
9626686.3563494142144918441772460937500000000000
-22258978.6752349771559238433837890625000000000000
-6278057.1208462826907634735107421875000000000000
-11539332.3360012508928775787353515625000000000000
9013043.9891624730080366134643554687500000000000
-21811092.0218615122139453887939453125000000000000
-2162853.2101336014457046985626220703125000000000
7223719.6394152138382196426391601562500000000000
-19596123.1320334002375602722167968750000000000000
10514731.6233402751386165618896484375000000000000
20249351.9883329346776008605957031250000000000000
13826093.4426714945584535598754882812500000000000
-28116.7571135379803308751434087753295898437500
12224170.4327903389930725097656250000000000000000
-17666343.6518373377621173858642578125000000000000
-11309715.8409052286297082901000976562500000000000
2953360.6322627528570592403411865234375000000000
10555383.8385920859873294830322265625000000000000
6212977.3174086315557360649108886718750000000000
-8618085.9001679588109254837036132812500000000000
7981720.6341352704912424087524414062500000000000
6611883.6801305720582604408264160156250000000000
-7150842.4941257527098059654235839843750000000000
-5721896.2410395890474319458007812500000000000000
9305785.1310319248586893081665039062500000000000
8075305.0549105573445558547973632812500000000000
-14354021.4731082376092672348022460937500000000000
1330982.2965163576882332563400268554687500000000
-5017573.1529612382873892784118652343750000000000
-12099492.9263709150254726409912109375000000000000
-28580157.2373197488486766815185546875000000000000
-14940358.0175389759242534637451171875000000000000
-6474472.5916809616610407829284667968750000000000
1529337.6486839011777192354202270507812500000000
-15087938.5128614567220211029052734375000000000000
3499477.5840156432241201400756835937500000000000
-7558319.9669653819873929023742675781250000000000
17808253.1474414877593517303466796875000000000000
-16342876.4418701194226741790771484375000000000000
36720509.3199404254555702209472656250000000000000
-3197801.3357133381068706512451171875000000000000
26544617.0083991885185241699218750000000000000000
21499665.3005602099001407623291015625000000000000
-11903714.0800054371356964111328125000000000000000
-9055648.0688187796622514724731445312500000000000
-7116137.5184136200696229934692382812500000000000
-5178960.8534540096297860145568847656250000000000
6080988.1985290013253688812255859375000000000000
20384222.8433605469763278961181640625000000000000
10262832.9174789004027843475341796875000000000000
815759.6703814370557665824890136718750000000000
-19044572.6944795399904251098632812500000000000000
17209473.5369199700653553009033203125000000000000
-12733839.5884813405573368072509765625000000000000
-15257032.1126776877790689468383789062500000000000
19255695.2872547209262847900390625000000000000000
-1486086.2932277119252830743789672851562500000000
-6221387.5797808337956666946411132812500000000000
-1421834.9005062736105173826217651367187500000000
-7216406.4404893415048718452453613281250000000000
-13202089.9757736641913652420043945312500000000000
4663686.3229103125631809234619140625000000000000
-22733629.7637307755649089813232421875000000000000
-4625407.7439420344308018684387207031250000000000
4436875.3553149206563830375671386718750000000000
4165806.6387907904572784900665283203125000000000
-845052.6597386348294094204902648925781250000000
20482771.4475623331964015960693359375000000000000
-8902940.6270178034901618957519531250000000000000
19063539.0691538266837596893310546875000000000000
8761178.9571792073547840118408203125000000000000
16213662.1172712743282318115234375000000000000000
-8441128.9871349427849054336547851562500000000000
-16179961.7968291118741035461425781250000000000000
-6808855.6914545902982354164123535156250000000000
16533330.7715222351253032684326171875000000000000
-12515880.2363894693553447723388671875000000000000
-3511483.8160196873359382152557373046875000000000
-9335787.7591510266065597534179687500000000000000
17519173.1481767110526561737060546875000000000000
-19177680.7334778383374214172363281250000000000000
-9636627.1252993643283843994140625000000000000000
-6177015.8368825595825910568237304687500000000000
10783038.2953030448406934738159179687500000000000
7645480.3312679175287485122680664062500000000000
-17914025.5733006112277507781982421875000000000000
11966488.7975772172212600708007812500000000000000
-7678656.6574936043471097946166992187500000000000
21407678.2190894149243831634521484375000000000000
-2116197.3315657950006425380706787109375000000000
50313444.2208207622170448303222656250000000000000
13831996.9338123574852943420410156250000000000000
19991277.1083336919546127319335937500000000000000
8564998.9891323950141668319702148437500000000000
-45597606.1778805553913116455078125000000000000000
-11111813.7913159113377332687377929687500000000000
6666816.2643689708784222602844238281250000000000
27167828.4012898206710815429687500000000000000000
4470364.3958927858620882034301757812500000000000
-5513398.8038370124995708465576171875000000000000
-12699356.3595620412379503250122070312500000000000
21218973.5396786592900753021240234375000000000000
33025410.1836960203945636749267578125000000000000
-10336797.9694971907883882522583007812500000000000
-2620238.9255572385154664516448974609375000000000
-26906274.0803854689002037048339843750000000000000
-2135888.0791372293606400489807128906250000000000
-1900417.8600766572635620832443237304687500000000
-1585626.9242158574052155017852783203125000000000
-15943311.5714748669415712356567382812500000000000
966009.5781020353315398097038269042968750000000
-14119232.0378354061394929885864257812500000000000
10632554.2679907605051994323730468750000000000000
18726912.2440347634255886077880859375000000000000
-264645.8249324214411899447441101074218750000000
-19035592.3613240085542201995849609375000000000000
22323064.3979522325098514556884765625000000000000
-27227928.6903499960899353027343750000000000000000
12505818.3024116810411214828491210937500000000000
22176123.1028798520565032958984375000000000000000
10959474.5693092476576566696166992187500000000000
4460854.9087182777002453804016113281250000000000
-18583149.1202069856226444244384765625000000000000
-50632538.2711987569928169250488281250000000000000
-32862655.2644158191978931427001953125000000000000
3125863.9169778171926736831665039062500000000000
2797165.6785254324786365032196044921875000000000
3106455.8766611791215837001800537109375000000000
17846364.7031400017440319061279296875000000000000
13776859.0059794150292873382568359375000000000000
3374630.4475511335767805576324462890625000000000
-27290291.5854215994477272033691406250000000000000
-7500581.0169508280232548713684082031250000000000
-36245.8290369480891968123614788055419921875000
-4720355.3206044090911746025085449218750000000000
-2502092.7854215698316693305969238281250000000000
-10240037.4523674044758081436157226562500000000000
-11444255.7607004772871732711791992187500000000000
13918695.6262055374681949615478515625000000000000
-1417520.8021462864708155393600463867187500000000
-16806710.8388731777667999267578125000000000000000
-19723540.6026237010955810546875000000000000000000
-1190486.5002382863312959671020507812500000000000
25084492.2177496030926704406738281250000000000000
7457721.0936351045966148376464843750000000000000
5263348.1077424660325050354003906250000000000000
-8474751.5003411564975976943969726562500000000000
-26995539.8276578187942504882812500000000000000000
16870585.7686572261154651641845703125000000000000
26066426.3443528711795806884765625000000000000000
-27972142.9295028485357761383056640625000000000000
-28187634.3329468555748462677001953125000000000000
19146927.2235754504799842834472656250000000000000
-4008065.3676123660989105701446533203125000000000
2447866.8034846908412873744964599609375000000000
-1134167.1937961713410913944244384765625000000000
-5618559.1098507586866617202758789062500000000000
16732946.3047627061605453491210937500000000000000
-9757039.2993888109922409057617187500000000000000
-8127595.3034740341827273368835449218750000000000
-6016674.4768619183450937271118164062500000000000
-20700105.6192820779979228973388671875000000000000
17740516.8144303150475025177001953125000000000000
1667366.2859991609584540128707885742187500000000
-9642920.9246995542198419570922851562500000000000
-239470.1985593613062519580125808715820312500000
13475597.2693077065050601959228515625000000000000
14396679.0713708568364381790161132812500000000000
-14602254.4778713844716548919677734375000000000000
22206810.5762296691536903381347656250000000000000
24216928.4285954870283603668212890625000000000000
37672563.7320882081985473632812500000000000000000
19263846.5346389338374137878417968750000000000000
-165566.7957225904101505875587463378906250000000
-17461306.8169976398348808288574218750000000000000
-5369776.7468561492860317230224609375000000000000
26476524.9124866575002670288085937500000000000000
1442598.7086960631422698497772216796875000000000
-7624010.6852562585845589637756347656250000000000
12568338.1203750576823949813842773437500000000000
-12506487.7169497199356555938720703125000000000000
-17630803.4565997123718261718750000000000000000000
17299334.9107742011547088623046875000000000000000
9285441.2329247333109378814697265625000000000000
-7138727.9207666059955954551696777343750000000000
-5955391.2260193899273872375488281250000000000000
-7381202.9883532533422112464904785156250000000000
4515823.7890279348939657211303710937500000000000
9146851.2559655308723449707031250000000000000000
11734740.5188294295221567153930664062500000000000
14169065.6768309157341718673706054687500000000000
1059939.9692051319871097803115844726562500000000
-18450175.6181414984166622161865234375000000000000
2866154.5019458038732409477233886718750000000000
-10685175.5533392746001482009887695312500000000000
3301590.7714411066845059394836425781250000000000
5365143.7367759197950363159179687500000000000000
24309553.8655698820948600769042968750000000000000
-453873.2508496317313984036445617675781250000000
14279374.2074413821101188659667968750000000000000
1365317.3866080725565552711486816406250000000000
-2559800.1813732683658599853515625000000000000000
-11723408.7089655902236700057983398437500000000000
-6998145.5627583684399724006652832031250000000000
-14363957.3274124935269355773925781250000000000000
-11446791.1266232002526521682739257812500000000000
10558374.5139099452644586563110351562500000000000
-15750591.9860442820936441421508789062500000000000
-26244341.6276112347841262817382812500000000000000
-1629771.4252047622576355934143066406250000000000
-14632386.8288214318454265594482421875000000000000
8442078.9609062708914279937744140625000000000000
-7131406.2878153240308165550231933593750000000000
-27022220.8655966855585575103759765625000000000000
-1039263.5792903207475319504737854003906250000000
19939644.6606277190148830413818359375000000000000
868919.9003764605149626731872558593750000000000
-12133415.5665589440613985061645507812500000000000
18286502.7137718722224235534667968750000000000000
8975932.0049367770552635192871093750000000000000
350535.1129517658264376223087310791015625000000
-2797423.8803132912144064903259277343750000000000
-6194597.9289692379534244537353515625000000000000
8237913.9411668218672275543212890625000000000000
-21469158.0640185549855232238769531250000000000000
14831429.5700806956738233566284179687500000000000
18380085.4804022088646888732910156250000000000000
-14641849.4012334737926721572875976562500000000000
-6698471.8791298754513263702392578125000000000000
-6567077.7218619370833039283752441406250000000000
-26512512.6276209577918052673339843750000000000000
-15726804.7990222163498401641845703125000000000000
12729933.4726002961397171020507812500000000000000
26413167.7656977288424968719482421875000000000000
7628992.3673871243372559547424316406250000000000
3950119.8774747210554778575897216796875000000000
25010303.3622621297836303710937500000000000000000
34633965.0354672074317932128906250000000000000000
8224347.6312279729172587394714355468750000000000
14296073.2837396841496229171752929687500000000000
-9530061.8481920231133699417114257812500000000000
3404596.8277159370481967926025390625000000000000
-15623439.8373089395463466644287109375000000000000
1544153.5611210095230489969253540039062500000000
-3936696.9632343859411776065826416015625000000000
-30043234.8250393569469451904296875000000000000000
-12136929.6970152910798788070678710937500000000000
28285558.4881428070366382598876953125000000000000
-27688487.8050777837634086608886718750000000000000
11059137.4626868367195129394531250000000000000000
15796727.8433027938008308410644531250000000000000
-18021779.1108687408268451690673828125000000000000
-1687962.1496674732770770788192749023437500000000
18805558.7113979943096637725830078125000000000000
12505614.1288541201502084732055664062500000000000
27087155.5490072630345821380615234375000000000000
-11697356.6886433083564043045043945312500000000000
-19864118.0365858674049377441406250000000000000000
7548734.4276613146066665649414062500000000000000
-5600381.0428975941613316535949707031250000000000
-2136556.8881078679114580154418945312500000000000
3345378.1378767718560993671417236328125000000000
2910407.2741025839932262897491455078125000000000
-12912526.4819345101714134216308593750000000000000
-24601509.8763352222740650177001953125000000000000
7410508.5446823323145508766174316406250000000000
4913481.3814614368602633476257324218750000000000
14027756.9869775418192148208618164062500000000000
-23129370.3735017105937004089355468750000000000000
741857.0132626615231856703758239746093750000000
9054868.2639298550784587860107421875000000000000
-9542572.9773460682481527328491210937500000000000
1997805.8067393284291028976440429687500000000000
950026.7071867770282551646232604980468750000000
5889385.9915798027068376541137695312500000000000
13843024.5408631991595029830932617187500000000000
-1212206.3412559314165264368057250976562500000000
-15812171.2473955564200878143310546875000000000000
16048585.6455231979489326477050781250000000000000
3734817.9423207705840468406677246093750000000000
9253809.9632678013294935226440429687500000000000
-12135480.8639806658029556274414062500000000000000
15907127.3072223793715238571166992187500000000000
-11145399.1286364756524562835693359375000000000000
14666657.6195517405867576599121093750000000000000
-12490828.0914964787662029266357421875000000000000
4606888.5538321174681186676025390625000000000000
937834.4151382334530353546142578125000000000000
-14294271.0113553237169981002807617187500000000000
-12726832.8560011070221662521362304687500000000000
15481985.8242688700556755065917968750000000000000
-10043957.2331230714917182922363281250000000000000
46871.2584754563213209621608257293701171875000
-14128412.1229529082775115966796875000000000000000
-1369495.6309037946630269289016723632812500000000
-9668646.7215933855623006820678710937500000000000
-24508996.6905308365821838378906250000000000000000
-7113235.2433586623519659042358398437500000000000
-12178195.4718058612197637557983398437500000000000
9788777.0792734120041131973266601562500000000000
5092997.6827560542151331901550292968750000000000
-5586996.3799311108887195587158203125000000000000
-4935531.1682352656498551368713378906250000000000
-5460737.4745935890823602676391601562500000000000
5622465.1609950261190533638000488281250000000000
-10042219.3162749391049146652221679687500000000000
-10326803.5528845600783824920654296875000000000000
18816974.8114556968212127685546875000000000000000
4507431.0674393698573112487792968750000000000000
-2895241.2882760739885270595550537109375000000000
-3106934.2666502348147332668304443359375000000000
5674837.5353503311052918434143066406250000000000
3527651.3178394394926726818084716796875000000000
-9002551.3633329551666975021362304687500000000000
12577264.2563647720962762832641601562500000000000
10514404.2261213678866624832153320312500000000000
-4944177.6201667897403240203857421875000000000000
-19325250.3442017585039138793945312500000000000000
5811476.5570317814126610755920410156250000000000
-9992424.7800375670194625854492187500000000000000
802260.0641780184814706444740295410156250000000
9280686.1836326532065868377685546875000000000000
17862050.2198361568152904510498046875000000000000
-929368.9975822516717016696929931640625000000000
1594981.5819516922347247600555419921875000000000
8724128.3915855418890714645385742187500000000000
7851348.8253831509500741958618164062500000000000
6002189.0363259129226207733154296875000000000000
15374495.5542178303003311157226562500000000000000
4972217.5666907289996743202209472656250000000000
3141748.8659123564139008522033691406250000000000
13061530.7184847798198461532592773437500000000000
-13974188.4696842879056930541992187500000000000000
1524571.1055389116518199443817138671875000000000
-11562488.3277851082384586334228515625000000000000
-14168782.8437216058373451232910156250000000000000
1127966.3283597535919398069381713867187500000000
-1678450.2908624685369431972503662109375000000000
-12360373.8697800692170858383178710937500000000000
-6389076.4473981559276580810546875000000000000000
4627107.3174005951732397079467773437500000000000
-10344218.0613907203078269958496093750000000000000
-15915371.4745277594774961471557617187500000000000
-15579831.0625723768025636672973632812500000000000
-7747994.2274351790547370910644531250000000000000
-11440120.8452831003814935684204101562500000000000
10296863.1443980708718299865722656250000000000000
13044649.3017573300749063491821289062500000000000
405202.7435235342709347605705261230468750000000
8613661.7171836122870445251464843750000000000000
6037530.9620881555601954460144042968750000000000
-12275008.6753361970186233520507812500000000000000
10322956.0426754262298345565795898437500000000000
11561142.8151728808879852294921875000000000000000
-4232190.4768436029553413391113281250000000000000
-6285295.0204405495896935462951660156250000000000
15474603.3134372830390930175781250000000000000000
-4047065.5238445415161550045013427734375000000000
11861500.9461840186268091201782226562500000000000
-6290890.3021185901015996932983398437500000000000
-5421618.1284102890640497207641601562500000000000
8238567.0490008406341075897216796875000000000000
-1360196.9358223890885710716247558593750000000000
-5963292.8923420440405607223510742187500000000000
-8420556.8026266638189554214477539062500000000000
3871061.9872427964583039283752441406250000000000
6431733.3185706483200192451477050781250000000000
1591266.5017733010463416576385498046875000000000
1350934.4164478280581533908843994140625000000000
9211532.2825177311897277832031250000000000000000
10676154.1829776596277952194213867187500000000000
-7625071.8144513806328177452087402343750000000000
-16727818.5934583544731140136718750000000000000000
-4892379.7090165372937917709350585937500000000000
28676696.3738855309784412384033203125000000000000
-7881714.5873837675899267196655273437500000000000
7619824.8030079910531640052795410156250000000000
1813973.9463137132115662097930908203125000000000
10873285.9296900331974029541015625000000000000000
759159.4149798194412142038345336914062500000000
1162634.1157996023539453744888305664062500000000
8753934.1231070794165134429931640625000000000000
18953421.0359240807592868804931640625000000000000
16323109.7349440436810255050659179687500000000000
-444182.3822508933953940868377685546875000000000
-23613364.1081028915941715240478515625000000000000
4417075.7656000908464193344116210937500000000000
5290135.0029202979058027267456054687500000000000
-2354228.4904913282953202724456787109375000000000
-533125.6983233538921922445297241210937500000000
-1398926.7815245254896581172943115234375000000000
-2501390.4058459904044866561889648437500000000000
-1672074.3986780971754342317581176757812500000000
8953346.9997161719948053359985351562500000000000
6060451.2862405469641089439392089843750000000000
708267.7882142422022297978401184082031250000000
6017694.3841557009145617485046386718750000000000
8896096.0652001593261957168579101562500000000000
6180270.5013216082006692886352539062500000000000
-9094559.5432442817836999893188476562500000000000
15457979.0910911820828914642333984375000000000000
1373845.2675351281650364398956298828125000000000
3331959.1079587284475564956665039062500000000000
-11595393.1309476010501384735107421875000000000000
5758732.4821601435542106628417968750000000000000
12064741.0637450907379388809204101562500000000000
-5551353.6843841588124632835388183593750000000000
-6558672.4733915943652391433715820312500000000000
-17126576.2902339138090610504150390625000000000000
-18446044.4008679799735546112060546875000000000000
8433586.4021579027175903320312500000000000000000
-20056696.8619875535368919372558593750000000000000
-8834941.5684883538633584976196289062500000000000
-2256346.3584059192799031734466552734375000000000
-4904343.2226564316079020500183105468750000000000
-1377510.4259384814649820327758789062500000000000
-434777.5371854156255722045898437500000000000000
-19571.1324551087636791635304689407348632812500
-12072480.2027701977640390396118164062500000000000
9778316.2112772036343812942504882812500000000000
-4691858.8050613282248377799987792968750000000000
-6770384.7182843564078211784362792968750000000000
6265659.7593209967017173767089843750000000000000
1151888.3750323390122503042221069335937500000000
-11385653.5273247398436069488525390625000000000000
10350744.7238391395658254623413085937500000000000
4654916.2440386572852730751037597656250000000000
-361418.6505676192464306950569152832031250000000
3593226.5380307883024215698242187500000000000000
-4871107.1690883943811058998107910156250000000000
-11334664.0771880503743886947631835937500000000000
12949086.0844868514686822891235351562500000000000
2230244.3061456321738660335540771484375000000000
5394214.4709938783198595046997070312500000000000
5234455.0751684680581092834472656250000000000000
4479367.1465541077777743339538574218750000000000
9203317.0940263867378234863281250000000000000000
2795140.0284881917759776115417480468750000000000
797244.9409812290687114000320434570312500000000
-1041488.5085765069816261529922485351562500000000
4839772.8689952585846185684204101562500000000000
5566506.3963854629546403884887695312500000000000
-9098356.8295138385146856307983398437500000000000
2776688.3867217218503355979919433593750000000000
-17239039.5739531256258487701416015625000000000000
-5122552.2796506732702255249023437500000000000000
-2553672.2492949641309678554534912109375000000000
-8785450.3430470321327447891235351562500000000000
1227676.8384112729690968990325927734375000000000
1194940.2662418102845549583435058593750000000000
-10838415.2376119606196880340576171875000000000000
-2491421.2900677951984107494354248046875000000000
3790799.7103101168759167194366455078125000000000
2231862.2600609888322651386260986328125000000000
2022178.6461966233327984809875488281250000000000
-843911.5139910043217241764068603515625000000000
-12351103.1606632135808467864990234375000000000000
-9639183.4162776824086904525756835937500000000000
-178613.3413286033610347658395767211914062500000
5715868.4533769106492400169372558593750000000000
1609548.3627849561162292957305908203125000000000
3893260.5151036879979074001312255859375000000000
-212876.8775030761025846004486083984375000000000
-1686021.3357162068132311105728149414062500000000
20766154.0701999366283416748046875000000000000000
2792342.1365033835172653198242187500000000000000
-1698676.9637511067558079957962036132812500000000
-4936634.5094388648867607116699218750000000000000
1569841.8453831339720636606216430664062500000000
234046.5737964361323975026607513427734375000000
4088298.3159755025990307331085205078125000000000
-8034683.1957938894629478454589843750000000000000
2857874.7581299375742673873901367187500000000000
-2427496.0697262594476342201232910156250000000000
4886041.7181775216013193130493164062500000000000
-2547616.4927980960346758365631103515625000000000
5455768.6664442494511604309082031250000000000000
1359609.8394646511878818273544311523437500000000
4453320.1017957050353288650512695312500000000000
5251370.7198806451633572578430175781250000000000
-1512568.8952425632160156965255737304687500000000
1062678.2793902019038796424865722656250000000000
-11435280.5132425203919410705566406250000000000000
-706304.8977498671738430857658386230468750000000
2982440.4820072981528937816619873046875000000000
-1501983.4290993164759129285812377929687500000000
14765.7806092184746376005932688713073730468750
-10599173.6134475059807300567626953125000000000000
-6987862.1108444305136799812316894531250000000000
6803535.4133993582800030708312988281250000000000
-9941131.4392734076827764511108398437500000000000
630438.7105559103656560182571411132812500000000
-10395457.3143598791211843490600585937500000000000
-2759227.7849208326078951358795166015625000000000
-5612391.4406177895143628120422363281250000000000
-6404341.2032067375257611274719238281250000000000
645243.7439731628401204943656921386718750000000
-11750927.5746024828404188156127929687500000000000
497127.0269456281093880534172058105468750000000
1874283.1289500633720308542251586914062500000000
-4075949.2815683353692293167114257812500000000000
-6587087.6498860111460089683532714843750000000000
-3462493.4278247328475117683410644531250000000000
6682212.1573251271620392799377441406250000000000
8025615.7901239795610308647155761718750000000000
-1159231.6673923470079898834228515625000000000000
10446083.8222908880561590194702148437500000000000
4560448.5223356606438755989074707031250000000000
952250.1078140680911019444465637207031250000000
8510104.3832810893654823303222656250000000000000
275885.1932914793724194169044494628906250000000
-4019178.4916650610975921154022216796875000000000
11550055.8113271091133356094360351562500000000000
797767.4697952190181240439414978027343750000000
-7250470.7331730006262660026550292968750000000000
-7854738.9192568985745310783386230468750000000000
-731435.9839264221955090761184692382812500000000
8574944.1120062377303838729858398437500000000000
-2472022.5911394851282238960266113281250000000000
7552680.5534454481676220893859863281250000000000
-4027107.2082308460958302021026611328125000000000
2484915.7145189153961837291717529296875000000000
-2590282.2442370019853115081787109375000000000000
11421126.5298739504069089889526367187500000000000
6678468.5751102603971958160400390625000000000000
-1960098.3967745425179600715637207031250000000000
4414662.3749420484527945518493652343750000000000
5441902.1681854585185647010803222656250000000000
11467876.3798037599772214889526367187500000000000
-8474085.4485533181577920913696289062500000000000
3242471.0090056839399039745330810546875000000000
-4027807.0081453728489577770233154296875000000000
-3172470.9585516313090920448303222656250000000000
-8823570.7021700553596019744873046875000000000000
-1451037.1175767276436090469360351562500000000000
-5617833.0199830243363976478576660156250000000000
9286701.1477870568633079528808593750000000000000
-6363418.7477180445566773414611816406250000000000
-11978606.2523838821798563003540039062500000000000
-1458689.0922693549655377864837646484375000000000
-5202250.8686468983069062232971191406250000000000
7351608.5071763936430215835571289062500000000000
244865.4909123893594369292259216308593750000000
1983265.0511014808434993028640747070312500000000
-10880171.8964262735098600387573242187500000000000
-5700679.6185626033693552017211914062500000000000
2608609.4061712813563644886016845703125000000000
-10317191.4753492977470159530639648437500000000000
2591852.0290823425166308879852294921875000000000
-13763993.9895415529608726501464843750000000000000
5220187.6285951342433691024780273437500000000000
7567818.7470885328948497772216796875000000000000
9848079.8191338684409856796264648437500000000000
-236832.0585359658580273389816284179687500000000
5845547.5398797411471605300903320312500000000000
2155364.7899744906462728977203369140625000000000
339559.6938307019881904125213623046875000000000
10052471.6671463567763566970825195312500000000000
10070072.2538691535592079162597656250000000000000
-3351633.0260675861500203609466552734375000000000
556373.3207072578370571136474609375000000000000
4101637.2599322386085987091064453125000000000000
1470765.7024724232032895088195800781250000000000
6214335.8690684083849191665649414062500000000000
-289173.5741386390291154384613037109375000000000
8672413.6286869477480649948120117187500000000000
-5920977.0072546452283859252929687500000000000000
-215628.1936645745008718222379684448242187500000
-368331.8364457301795482635498046875000000000000
-4879922.1824784018099308013916015625000000000000
9492349.1344096604734659194946289062500000000000
-596821.4257098090602084994316101074218750000000
5776808.4062592936679720878601074218750000000000
-3180029.2190465512685477733612060546875000000000
3346221.5877566738054156303405761718750000000000
-459443.0018032773514278233051300048828125000000
-7704019.5358268646523356437683105468750000000000
-585818.2223794899182394146919250488281250000000
2452081.4927711272612214088439941406250000000000
-4144812.4127238080836832523345947265625000000000
251022.3445270236115902662277221679687500000000
-887002.5429979203036054968833923339843750000000
3987407.2272252580150961875915527343750000000000
816118.3905898237135261297225952148437500000000
287207.6371096561197191476821899414062500000000
947770.5084869334241375327110290527343750000000
-3153409.5681630014441907405853271484375000000000
-733656.8266226240666583180427551269531250000000
5977182.0947220707312226295471191406250000000000
2118094.5391749925911426544189453125000000000000
49437.3501029727631248533725738525390625000000
-6854470.5604004580527544021606445312500000000000
-6919630.8184433765709400177001953125000000000000
6407454.7820689445361495018005371093750000000000
-751589.3962047841632738709449768066406250000000
2817912.5704818060621619224548339843750000000000
-447362.6860959868645295500755310058593750000000
4231188.9149411721155047416687011718750000000000
-7004774.1022852156311273574829101562500000000000
3983791.6427374966442584991455078125000000000000
-1524602.9956924912985414266586303710937500000000
526663.4519783301511779427528381347656250000000
127856.5304787768982350826263427734375000000000
6725583.8714125705882906913757324218750000000000
-5492410.7675224198028445243835449218750000000000
7411517.3307324526831507682800292968750000000000
944516.7467951885191723704338073730468750000000
-699922.9462899556383490562438964843750000000000
-721989.4997795037925243377685546875000000000000
-75927.8794602559501072391867637634277343750000
-5221853.7016008831560611724853515625000000000000
-4141482.4523929851129651069641113281250000000000
-2868212.3878199639730155467987060546875000000000
-2778969.0026214248500764369964599609375000000000
-2153577.6512107136659324169158935546875000000000
7236778.7070779027417302131652832031250000000000
-5295679.7333815600723028182983398437500000000000
-8163091.0010558115318417549133300781250000000000
980776.5885059526190161705017089843750000000000
-4182474.6058030379936099052429199218750000000000
160476.7739498718583490699529647827148437500000
5242316.2886519357562065124511718750000000000000
-5070363.5391246275976300239562988281250000000000
3739393.3251988892443478107452392578125000000000
-3442657.9819387728348374366760253906250000000000
-3627385.4479670706205070018768310546875000000000
1183849.7586466055363416671752929687500000000000
8435697.0081629976630210876464843750000000000000
626200.0738503967877477407455444335937500000000
9023522.7151280175894498825073242187500000000000
-4348525.3320256266742944717407226562500000000000
718522.5358245800016447901725769042968750000000
3160875.6038282257504761219024658203125000000000
429880.3123372133704833686351776123046875000000
-5343535.1232807096093893051147460937500000000000
-564896.6702507155714556574821472167968750000000
-3978657.3939534076489508152008056640625000000000
777145.5900315038161352276802062988281250000000
-5655078.8777264645323157310485839843750000000000
-81620.8785068829311057925224304199218750000000
5665895.1549653746187686920166015625000000000000
-1054067.2137617298867553472518920898437500000000
1439139.0903298996854573488235473632812500000000
-4828990.2109349444508552551269531250000000000000
632453.2137467510765418410301208496093750000000
-3584982.4709169813431799411773681640625000000000
3371998.1893546897917985916137695312500000000000
762432.1476757071213796734809875488281250000000
-1096120.1534274336881935596466064453125000000000
1484112.1015155855566263198852539062500000000000
-1364675.4202408373821526765823364257812500000000
7468388.6064173430204391479492187500000000000000
-5568663.4132658429443836212158203125000000000000
5253399.4324252055957913398742675781250000000000
2983998.4915206353180110454559326171875000000000
-3233181.0640157293528318405151367187500000000000
-4581702.7298781992867588996887207031250000000000
1376625.8931217372883111238479614257812500000000
2622814.2740812888368964195251464843750000000000
-2203538.6631062221713364124298095703125000000000
-3993528.8033146755769848823547363281250000000000
2334289.8553516441024839878082275390625000000000
3551794.7985604493878781795501708984375000000000
-4023259.8080611699260771274566650390625000000000
-8981062.6734823584556579589843750000000000000000
3957346.0528657636605203151702880859375000000000
-3630665.2489526253193616867065429687500000000000
1054405.0190539422910660505294799804687500000000
-838069.7934420943493023514747619628906250000000
2646955.3882651673629879951477050781250000000000
-1062066.6667524629738181829452514648437500000000
-836934.4210279200924560427665710449218750000000
-7806924.8931805295869708061218261718750000000000
6134854.0521149756386876106262207031250000000000
7982073.9392157914116978645324707031250000000000
-1851084.7806113604456186294555664062500000000000
4710084.5485850628465414047241210937500000000000
4390531.4194094901904463768005371093750000000000
-1779953.9557720508892089128494262695312500000000
2080528.3193091005086898803710937500000000000000
-810798.3419760541291907429695129394531250000000
-4828588.5989796286448836326599121093750000000000
-3809229.3151184008456766605377197265625000000000
-3191152.8864848841913044452667236328125000000000
1252113.2042098415549844503402709960937500000000
3826693.5575858000665903091430664062500000000000
-3347311.6854203613474965095520019531250000000000
-881585.6646409073146060109138488769531250000000
-2920738.0667299865745007991790771484375000000000
-2964903.5277288942597806453704833984375000000000
6147075.5453605540096759796142578125000000000000
-6334622.0175704183056950569152832031250000000000
5687361.9150159573182463645935058593750000000000
-7822741.0014236820861697196960449218750000000000
1684015.3353056986816227436065673828125000000000
3475710.5883746584877371788024902343750000000000
1237406.9440196016803383827209472656250000000000
-7070581.1034589670598506927490234375000000000000
-7712877.5952522112056612968444824218750000000000
4136177.3351156585849821567535400390625000000000
-2618052.1515108034946024417877197265625000000000
533613.5138927749358117580413818359375000000000
-977920.7562389792874455451965332031250000000000
2767447.2531822156161069869995117187500000000000
-105803.8505457998981000855565071105957031250000
4627897.6722609484568238258361816406250000000000
68384.8811815916706109419465065002441406250000
61264.3268034450229606591165065765380859375000
1934117.3373966913204640150070190429687500000000
1332460.7545882633421570062637329101562500000000
-3557.0209689598145814670715481042861938476562
-78293.6749050096404971554875373840332031250000
-338868.6887634483282454311847686767578125000000
4424120.5113318925723433494567871093750000000000
935585.7944621087517589330673217773437500000000
-7519073.6146237896755337715148925781250000000000
6903457.7432599626481533050537109375000000000000
-2599791.1286158491857349872589111328125000000000
3696859.6577094090171158313751220703125000000000
-2571362.8530306462198495864868164062500000000000
6463641.0039494354277849197387695312500000000000
-2360978.3293990194797515869140625000000000000000
-6213004.1203929465264081954956054687500000000000
4294834.7731420146301388740539550781250000000000
466371.5047149267047643661499023437500000000000
3148322.4251048932783305644989013671875000000000
-373544.3440398780512623488903045654296875000000
5647927.4862375715747475624084472656250000000000
1721627.2983132691588252782821655273437500000000
-4550487.0611482458189129829406738281250000000000
4652971.8760850951075553894042968750000000000000
4916228.1533683063462376594543457031250000000000
-1301757.9691898608580231666564941406250000000000
-1279547.0925857077818363904953002929687500000000
1096080.1802349716890603303909301757812500000000
1128774.1887582833878695964813232421875000000000
5335193.1577952299267053604125976562500000000000
-2215806.4213908636011183261871337890625000000000
-2835449.5771423135884106159210205078125000000000
-1773783.2184193292632699012756347656250000000000
3263797.6583551140502095222473144531250000000000
-1446935.3797821127809584140777587890625000000000
-1418363.8300057642627507448196411132812500000000
-5613768.9024321818724274635314941406250000000000
2472633.3245939514599740505218505859375000000000
-948647.1616696125129237771034240722656250000000
-2936883.4020802979357540607452392578125000000000
-789083.7280649859458208084106445312500000000000
27624.9601357197680044919252395629882812500000
-1396092.3902454748749732971191406250000000000000
2274181.0633106627501547336578369140625000000000
-37981.0377631010851473547518253326416015625000
-3204730.7557104621082544326782226562500000000000
1256508.5227322799619287252426147460937500000000
-5214178.0241197431460022926330566406250000000000
-1153258.2498351428657770156860351562500000000000
-1571885.6921808484476059675216674804687500000000
3746275.7100375629961490631103515625000000000000
-1903479.1819473872892558574676513671875000000000
957484.0287553013768047094345092773437500000000
1993782.4891837749164551496505737304687500000000
1341293.8668590700253844261169433593750000000000
1632766.7455986239947378635406494140625000000000
-889695.3883207117905840277671813964843750000000
6428883.3671020017936825752258300781250000000000
-2456242.7101373341865837574005126953125000000000
-2127230.4222710989415645599365234375000000000000
5906064.7924028532579541206359863281250000000000
2289785.3224823027849197387695312500000000000000
1786315.0804443226661533117294311523437500000000
-4573589.8557177623733878135681152343750000000000
-940206.1245395496953278779983520507812500000000
1955606.2636351562105119228363037109375000000000
-1011100.5566940460121259093284606933593750000000
-5860783.7985885795205831527709960937500000000000
525665.4657399695133790373802185058593750000000
-364270.0240633241483010351657867431640625000000
-3248343.9561150972731411457061767578125000000000
-5008454.7993502803146839141845703125000000000000
-1447301.6820214779581874608993530273437500000000
-1262945.0435479211155325174331665039062500000000
-3156265.7573654600419104099273681640625000000000
7018501.0548065053299069404602050781250000000000
-1715723.7593301956076174974441528320312500000000
1451130.0777202676981687545776367187500000000000
-7044063.2862171856686472892761230468750000000000
1128151.3759966115467250347137451171875000000000
802049.0925395552767440676689147949218750000000
2616471.0912850107997655868530273437500000000000
1583693.7926708401646465063095092773437500000000
5006443.3047317033633589744567871093750000000000
-703833.2427699301624670624732971191406250000000
2065267.0263418317772448062896728515625000000000
1339893.8321775980293750762939453125000000000000
537069.9772358332993462681770324707031250000000
489965.8983802691800519824028015136718750000000
-1964955.8400562175083905458450317382812500000000
-1914336.4431847543455660343170166015625000000000
3388722.7030346910469233989715576171875000000000
-1030738.9369907275540754199028015136718750000000
2339609.3294051913544535636901855468750000000000
-549006.1416750822681933641433715820312500000000
-2824681.5375787271186709403991699218750000000000
931996.4478447549045085906982421875000000000000
1830626.5863578973803669214248657226562500000000
-846391.2706575640477240085601806640625000000000
1299913.0387948860879987478256225585937500000000
-1778962.0309701887890696525573730468750000000000
4599791.9693694431334733963012695312500000000000
618244.7988263572333380579948425292968750000000
1231060.8139565829187631607055664062500000000000
16203.8691384545891196466982364654541015625000
-619246.3804008441511541604995727539062500000000
324079.0461895273765549063682556152343750000000
995031.3948983920272439718246459960937500000000
-2949885.2632564282976090908050537109375000000000
-4638922.2166996607556939125061035156250000000000
-794023.6100420053116977214813232421875000000000
-2397512.6501634353771805763244628906250000000000
-1797995.5027212765999138355255126953125000000000
-2409247.2479765941388905048370361328125000000000
6224016.8881563032045960426330566406250000000000
3257602.5014256546273827552795410156250000000000
-1277658.6500745255034416913986206054687500000000
-1428420.6624791675712913274765014648437500000000
-148587.0464642918959725648164749145507812500000
-3421696.0578740001656115055084228515625000000000
-2908972.3053514505736529827117919921875000000000
-1278521.7199576899874955415725708007812500000000
4455783.7977319648489356040954589843750000000000
3262385.6465775896795094013214111328125000000000
