0.2941157190638354346212679502059472724795
-30.1877124277158692677858198294416069984436
838.0170032512579609829117543995380401611328
-10243.9655427762245381018146872520446777343750
64946.7088347732060356065630912780761718750000
-221049.8176490589103195816278457641601562500000
357401.2397281160810962319374084472656250000000
-59639.2846603003854397684335708618164062500000
-479072.0535660665482282638549804687500000000000
-18414.1644083604114712215960025787353515625000
967839.3531831364380195736885070800781250000000
192251.0445702945871744304895401000976562500000
-1301261.0191370656248182058334350585937500000000
-656610.0685046481667086482048034667968750000000
1048671.9259099073242396116256713867187500000000
498000.5274244640604592859745025634765625000000
585329.0246455245651304721832275390625000000000
186692.6434179316565860062837600708007812500000
-2414217.7296765167266130447387695312500000000000
972297.4108421709388494491577148437500000000000
-405281.4878268036991357803344726562500000000000
267346.9325166463386267423629760742187500000000
614924.3579026042716577649116516113281250000000
564601.5433873503934592008590698242187500000000
-301656.2154289662721566855907440185546875000000
-431865.7680584570043720304965972900390625000000
396227.7028491392266005277633666992187500000000
512946.7722668443457223474979400634765625000000
-2259909.2269529183395206928253173828125000000000
-15240.8201667710582114523276686668395996093750
1891111.9355758589226752519607543945312500000000
-730206.7477360307238996028900146484375000000000
1275764.5294704663101583719253540039062500000000
-1083339.7435157415457069873809814453125000000000
-1147673.7523366368841379880905151367187500000000
-286311.6981447940343059599399566650390625000000
207694.0786734412831719964742660522460937500000
1632296.5833204789087176322937011718750000000000
395595.8270983134279958903789520263671875000000
747781.9188770562177523970603942871093750000000
-691445.1848919226322323083877563476562500000000
1564211.2225996353663504123687744140625000000000
-249945.1643165203859098255634307861328125000000
-1315286.4797943986486643552780151367187500000000
-212417.9385896144376602023839950561523437500000
420631.2038304968154989182949066162109375000000
-2199812.3147718855179846286773681640625000000000
761859.9029133535223081707954406738281250000000
-1519205.5398358565289527177810668945312500000000
-1108775.5416710528079420328140258789062500000000
-806289.2372689528856426477432250976562500000000
950345.3237087696325033903121948242187500000000
-2643238.6541160251945257186889648437500000000000
96305.3433338744216598570346832275390625000000
2875564.5233842874877154827117919921875000000000
-7654.2495054645005438942462205886840820312500
-2802490.1355330753140151500701904296875000000000
7653530.2937312051653861999511718750000000000000
6261314.9669724125415086746215820312500000000000
-2110528.8967916420660912990570068359375000000000
1371519.1525556053966283798217773437500000000000
1112781.3558302512392401695251464843750000000000
-5479839.7506429962813854217529296875000000000000
6082944.3824363788589835166931152343750000000000
-3242687.9810150912962853908538818359375000000000
11597457.0369436349719762802124023437500000000000
-7851018.0632544206455349922180175781250000000000
-13500532.0990662202239036560058593750000000000000
2885302.2545063188299536705017089843750000000000
-3949501.9056147765368223190307617187500000000000
-6398776.6392233883962035179138183593750000000000
522909.3338000446674413979053497314453125000000
-6247102.0314322542399168014526367187500000000000
-923589.4283531409455463290214538574218750000000
3562875.4788930555805563926696777343750000000000
-3309952.6007767813280224800109863281250000000000
8240428.4588677370920777320861816406250000000000
5346303.1475665690377354621887207031250000000000
-3248521.5731913545168936252593994140625000000000
210496.5683411116478964686393737792968750000000
11995583.6974964197725057601928710937500000000000
3249857.8818690134212374687194824218750000000000
-3287570.4412798439152538776397705078125000000000
-2049877.1207474875263869762420654296875000000000
11687578.0198176819831132888793945312500000000000
-5484707.1316256802529096603393554687500000000000
7834176.6842235643416643142700195312500000000000
719502.8975820984924212098121643066406250000000
-13661316.7880173753947019577026367187500000000000
-2003659.6145776661578565835952758789062500000000
-6810744.2249890062958002090454101562500000000000
6871295.8124527484178543090820312500000000000000
2498656.5410569049417972564697265625000000000000
-3458760.7329817879945039749145507812500000000000
-438535.4783524583908729255199432373046875000000
-6942500.7719419617205858230590820312500000000000
4889384.5499092927202582359313964843750000000000
-392702.5951247127959504723548889160156250000000
4920023.8917353032156825065612792968750000000000
-6168980.3632139842957258224487304687500000000000
3852171.8610544581897556781768798828125000000000
-13869957.6924349311739206314086914062500000000000
4437606.6192381056025624275207519531250000000000
4401280.5106339808553457260131835937500000000000
11478045.3635277133435010910034179687500000000000
8522755.6959743946790695190429687500000000000000
8607020.3386059235781431198120117187500000000000
-11225285.3810983486473560333251953125000000000000
-12635679.1574615202844142913818359375000000000000
-3324884.7856944152154028415679931640625000000000
8189092.9052985589951276779174804687500000000000
-2789002.5663181445561349391937255859375000000000
-8445200.6457113474607467651367187500000000000000
-6375421.4626131765544414520263671875000000000000
10851286.6019944194704294204711914062500000000000
-8576676.3211816288530826568603515625000000000000
9761680.1367538198828697204589843750000000000000
302597.4227628742228262126445770263671875000000
-6892621.5269147325307130813598632812500000000000
-8196872.5852149464190006256103515625000000000000
-2490611.8024176289327442646026611328125000000000
7591930.6160296611487865447998046875000000000000
-233847.5538158095150720328092575073242187500000
3295931.4978847783058881759643554687500000000000
3742861.7241441723890602588653564453125000000000
-8982485.9469156116247177124023437500000000000000
3500040.2000494669191539287567138671875000000000
11285371.7153343781828880310058593750000000000000
-16102382.5185140259563922882080078125000000000000
7120238.0306030744686722755432128906250000000000
1161941.2496949029155075550079345703125000000000
-2389876.2169058639556169509887695312500000000000
-3152873.5294244401156902313232421875000000000000
8995703.1864282973110675811767578125000000000000
7715543.2213927544653415679931640625000000000000
-3395627.7992698065936565399169921875000000000000
-11280512.2478241138160228729248046875000000000000
5192077.3510204600170254707336425781250000000000
-12376472.1073182616382837295532226562500000000000
6046449.0985370017588138580322265625000000000000
3326750.3314338112249970436096191406250000000000
12122771.3017493672668933868408203125000000000000
2152397.1781831928528845310211181640625000000000
394279.0449328148388303816318511962890625000000
10232122.1491481903940439224243164062500000000000
-9543698.1508506089448928833007812500000000000000
8755755.7298601903021335601806640625000000000000
-1493188.6548210869077593088150024414062500000000
-1390480.3567253900691866874694824218750000000000
2627648.1963486401364207267761230468750000000000
-3271832.2339101843535900115966796875000000000000
-3740614.8491711108945310115814208984375000000000
-1643807.2661225427873432636260986328125000000000
-3862602.2261981307528913021087646484375000000000
9745630.3067361824214458465576171875000000000000
-555536.0767235469538718461990356445312500000000
-5320121.3892233846709132194519042968750000000000
-2842434.2372965593822300434112548828125000000000
-4935719.6897661108523607254028320312500000000000
15580164.6687212605029344558715820312500000000000
-10348067.9371113795787096023559570312500000000000
14217621.8785364422947168350219726562500000000000
-5740021.4334180671721696853637695312500000000000
-2857793.2991623990237712860107421875000000000000
1782017.6421616107691079378128051757812500000000
-4855454.9889623429626226425170898437500000000000
1966676.0182626969181001186370849609375000000000
349668.3632330114487558603286743164062500000000
-6939211.6493222275748848915100097656250000000000
-997918.5545183395734056830406188964843750000000
-15595912.5156587362289428710937500000000000000000
-13431558.5323542337864637374877929687500000000000
11831108.8472365122288465499877929687500000000000
5673415.2502047894522547721862792968750000000000
6981873.0483925621956586837768554687500000000000
4253886.5177414361387491226196289062500000000000
-4477386.6786848111078143119812011718750000000000
-1566760.3333978916052728891372680664062500000000
-10002447.6135930363088846206665039062500000000000
14669409.2084489986300468444824218750000000000000
2740288.3094499027356505393981933593750000000000
-3086405.1346881305798888206481933593750000000000
-2660565.3132998421788215637207031250000000000000
-11700731.6201898530125617980957031250000000000000
3602214.1832843762822449207305908203125000000000
-5441946.0751385884359478950500488281250000000000
-7939633.3510800907388329505920410156250000000000
-10266343.3166964817792177200317382812500000000000
1275134.8653087073471397161483764648437500000000
449911.6620935091050341725349426269531250000000
2705133.0273427125066518783569335937500000000000
-2219098.3235509647056460380554199218750000000000
1372617.1541518440935760736465454101562500000000
15055424.2375025898218154907226562500000000000000
-5759698.5500659635290503501892089843750000000000
-3492631.5376553661189973354339599609375000000000
2061963.0686897530686110258102416992187500000000
3951672.1333873574621975421905517578125000000000
-6155944.8184692086651921272277832031250000000000
-2963337.5078303124755620956420898437500000000000
-4249160.4908043621107935905456542968750000000000
8309274.1634599324315786361694335937500000000000
2557401.7115267189219594001770019531250000000000
9201472.4151320792734622955322265625000000000000
-2053795.8552137215156108140945434570312500000000
3959803.7295458149164915084838867187500000000000
7092555.4882737714797258377075195312500000000000
-3156831.1367895933799445629119873046875000000000
21549316.5244187712669372558593750000000000000000
15281167.1622765175998210906982421875000000000000
-9769912.5191844981163740158081054687500000000000
771825.6378052325453609228134155273437500000000
6055505.5160280773416161537170410156250000000000
-6894309.7006074562668800354003906250000000000000
8213041.1038068411871790885925292968750000000000
-8629765.9525229390710592269897460937500000000000
-5658693.2459176946431398391723632812500000000000
-3249394.4516208129934966564178466796875000000000
12670806.7993562947958707809448242187500000000000
14679010.3653637990355491638183593750000000000000
3038225.7910398384556174278259277343750000000000
6519380.9821370271965861320495605468750000000000
-4481271.6465938845649361610412597656250000000000
-2139774.1805721707642078399658203125000000000000
-3810721.7406043116934597492218017578125000000000
-479901.4410087761352770030498504638671875000000
-17153462.8775188960134983062744140625000000000000
-7122554.5157728511840105056762695312500000000000
-15004263.9849517457187175750732421875000000000000
-8847639.1251670625060796737670898437500000000000
-852680.2068046162603422999382019042968750000000
-5773251.8143777102231979370117187500000000000000
-6524285.1457766164094209671020507812500000000000
-10872788.9995538704097270965576171875000000000000
2052537.1090978418942540884017944335937500000000
11517200.5071715880185365676879882812500000000000
-2989855.2057159407995641231536865234375000000000
15927679.6129834149032831192016601562500000000000
10887099.9095615353435277938842773437500000000000
-501889.0610402169986627995967864990234375000000
12255684.7368050292134284973144531250000000000000
4598849.1170385088771581649780273437500000000000
-8010599.1878138398751616477966308593750000000000
-8569077.5644088406115770339965820312500000000000
-2818961.5686754672788083553314208984375000000000
2473193.8471445459872484207153320312500000000000
1387582.3643988622352480888366699218750000000000
10774378.6457905024290084838867187500000000000000
-2183219.5741848866455256938934326171875000000000
-6336967.1818374581634998321533203125000000000000
-1647828.1714985144790261983871459960937500000000
2864489.8708079624921083450317382812500000000000
259838.9803989190550055354833602905273437500000
-9873858.3183451555669307708740234375000000000000
-4464034.7294689118862152099609375000000000000000
-11576221.4837207011878490447998046875000000000000
1794358.0007436643354594707489013671875000000000
-546237.6572043544147163629531860351562500000000
-7482962.1863840250298380851745605468750000000000
8003057.4001062018796801567077636718750000000000
9323649.3993566837161779403686523437500000000000
4340574.2291487855836749076843261718750000000000
5586977.2387195397168397903442382812500000000000
-588468.4834979665465652942657470703125000000000
5916401.1620026445016264915466308593750000000000
9537925.0843399669975042343139648437500000000000
-1465135.5735735595226287841796875000000000000000
83562.3508522068441379815340042114257812500000
-8780034.4659408461302518844604492187500000000000
-3218513.9177881707437336444854736328125000000000
1156144.7484077063854783773422241210937500000000
-654533.5530200720531865954399108886718750000000
522088.5005135520477779209613800048828125000000
-9275238.4281571321189403533935546875000000000000
10279243.2106233537197113037109375000000000000000
-9546989.9467481318861246109008789062500000000000
-5395826.2331541627645492553710937500000000000000
-1812711.4070821518544107675552368164062500000000
-2859395.5558744068257510662078857421875000000000
-1626007.5034185175318270921707153320312500000000
-355320.0840281253331340849399566650390625000000
-10349846.4448844138532876968383789062500000000000
8630701.6003947723656892776489257812500000000000
-7941746.4629437597468495368957519531250000000000
4072008.2389168408699333667755126953125000000000
8144278.4473141264170408248901367187500000000000
376784.6491216822178103029727935791015625000000
5928897.4855660246685147285461425781250000000000
-3995763.0341944526880979537963867187500000000000
8042727.6195084257051348686218261718750000000000
-1483613.3135364991612732410430908203125000000000
-6407852.4519673278555274009704589843750000000000
3213012.3799778739921748638153076171875000000000
-7752563.8315423000603914260864257812500000000000
7319118.7645361255854368209838867187500000000000
3283967.9398819049820303916931152343750000000000
8824839.0530116930603981018066406250000000000000
4165644.2264528581872582435607910156250000000000
-5923726.5276610981673002243041992187500000000000
-1838562.5782842147164046764373779296875000000000
1300008.0969073413871228694915771484375000000000
401011.9381915964186191558837890625000000000000
3819107.5465314630419015884399414062500000000000
8750619.7896090541034936904907226562500000000000
-12205546.3415010292083024978637695312500000000000
2481521.7929043183103203773498535156250000000000
1012671.9905387100297957658767700195312500000000
6169989.6374673089012503623962402343750000000000
-5764867.0086679486557841300964355468750000000000
-10686434.7609625551849603652954101562500000000000
-254122.2847437492164317518472671508789062500000
-11718816.7347699776291847229003906250000000000000
303342.8068826937815174460411071777343750000000
-11259111.8410394042730331420898437500000000000000
-8948680.6326715704053640365600585937500000000000
-2571278.7850823621265590190887451171875000000000
8907678.0683546345680952072143554687500000000000
-1337166.4083706922829151153564453125000000000000
9595758.5374776106327772140502929687500000000000
-12224322.4852929767221212387084960937500000000000
-2022751.9190073579084128141403198242187500000000
361621.3725336179486475884914398193359375000000
-2316698.7957106069661676883697509765625000000000
8326900.6825189096853137016296386718750000000000
13351276.2182570807635784149169921875000000000000
9328753.9591135494410991668701171875000000000000
9562675.0077485535293817520141601562500000000000
4254418.1971198311075568199157714843750000000000
11690533.6430830787867307662963867187500000000000
-5488437.2097644517198204994201660156250000000000
10437.7996844577901356387883424758911132812500
445141.2096364722819998860359191894531250000000
-321589.6865134805557318031787872314453125000000
-8318938.2852573972195386886596679687500000000000
8206298.3881841618567705154418945312500000000000
-159629.2515140882751438766717910766601562500000
-5271675.3289656443521380424499511718750000000000
11253302.2254015132784843444824218750000000000000
1692647.4359938998240977525711059570312500000000
-9860497.2476077806204557418823242187500000000000
1493926.8511346345767378807067871093750000000000
3848846.0713141299784183502197265625000000000000
-3273572.1894354261457920074462890625000000000000
5830264.5503983041271567344665527343750000000000
11376393.9489459637552499771118164062500000000000
-5943866.1575912199914455413818359375000000000000
611755.3842276214854791760444641113281250000000
-10886207.1405206024646759033203125000000000000000
-3499258.8859897092916071414947509765625000000000
-4775393.4507047235965728759765625000000000000000
-3679811.5325228995643556118011474609375000000000
-1322888.2117523143533617258071899414062500000000
7952856.7799332989379763603210449218750000000000
-11127650.7393297534435987472534179687500000000000
-1333795.0273333766963332891464233398437500000000
3296951.8837283337488770484924316406250000000000
3134541.6175272068940103054046630859375000000000
-5125206.1847034646198153495788574218750000000000
-4253776.7810731232166290283203125000000000000000
2997364.6535590500570833683013916015625000000000
2271044.5638437555171549320220947265625000000000
3273715.4769520820118486881256103515625000000000
-3556220.1957861017435789108276367187500000000000
6015107.7375955376774072647094726562500000000000
-1276444.3599268095567822456359863281250000000000
1817840.0561668311711400747299194335937500000000
-2910013.0116546279750764369964599609375000000000
-7706367.3611003989353775978088378906250000000000
12414218.1131180860102176666259765625000000000000
681636.4879346076631918549537658691406250000000
-934891.7265235268278047442436218261718750000000
6546021.8916620854288339614868164062500000000000
-720794.8754350945819169282913208007812500000000
-702999.7661320214392617344856262207031250000000
6849896.3189111165702342987060546875000000000000
-834738.1178083202103152871131896972656250000000
-9283200.7215694244951009750366210937500000000000
-208761.0167291409743484109640121459960937500000
13235004.3775128070265054702758789062500000000000
-700028.5187557111494243144989013671875000000000
1588983.5272916376125067472457885742187500000000
1299889.9191443438176065683364868164062500000000
-3863641.4200359568931162357330322265625000000000
-4478323.7992341686040163040161132812500000000000
2760668.6021401137113571166992187500000000000000
-2749023.9181562289595603942871093750000000000000
-18749.8617779571286519058048725128173828125000
-11836472.3706368599086999893188476562500000000000
4626930.7499519931152462959289550781250000000000
3201361.9080939134582877159118652343750000000000
-7813015.4569926774129271507263183593750000000000
1749002.5626567704603075981140136718750000000000
-1860968.9254024801775813102722167968750000000000
-12790037.7279488723725080490112304687500000000000
-1024055.4530002179089933633804321289062500000000
7418409.1459280895069241523742675781250000000000
-10501179.4274900797754526138305664062500000000000
-2981392.9880608478561043739318847656250000000000
3181327.3592439764179289340972900390625000000000
7869606.0022535100579261779785156250000000000000
-6633702.6396993193775415420532226562500000000000
-5333582.3706530369818210601806640625000000000000
-10787667.6142067834734916687011718750000000000000
2348845.9382371646352112293243408203125000000000
3377249.6185047281906008720397949218750000000000
-1223645.3183139215689152479171752929687500000000
-950839.4849725886015221476554870605468750000000
-6433801.9101517191156744956970214843750000000000
-745708.0936716990545392036437988281250000000000
-4273887.2090134331956505775451660156250000000000
14964560.3406438678503036499023437500000000000000
135430.9383004518458619713783264160156250000000
11532419.5375035405158996582031250000000000000000
9639314.8911923430860042572021484375000000000000
3749461.9169045421294867992401123046875000000000
1411043.9640054409392178058624267578125000000000
9889414.1323938928544521331787109375000000000000
6195612.1823330270126461982727050781250000000000
-2589624.1625621947459876537322998046875000000000
3259212.0904092639684677124023437500000000000000
-13209337.9138647411018610000610351562500000000000
1559525.5516541716642677783966064453125000000000
1179128.8796642776578664779663085937500000000000
-10837412.7859350889921188354492187500000000000000
-2518489.1993022100068628787994384765625000000000
-3450176.6297379066236317157745361328125000000000
5361253.7764178263023495674133300781250000000000
-9538552.0951170884072780609130859375000000000000
-2838944.8985910112969577312469482421875000000000
-9430996.9968335852026939392089843750000000000000
-2019578.1416751695796847343444824218750000000000
-2374942.3151841717772185802459716796875000000000
-132052.9820802599715534597635269165039062500000
2669423.5058385175652801990509033203125000000000
-5072247.9385428661480545997619628906250000000000
-1055662.4524643737822771072387695312500000000000
9272399.6853701826184988021850585937500000000000
-4044335.8877567136660218238830566406250000000000
8327940.1041388371959328651428222656250000000000
-1317078.0410847074817866086959838867187500000000
5898173.4890457624569535255432128906250000000000
-4190713.3589953379705548286437988281250000000000
-1580317.6400860880967229604721069335937500000000
-1804790.9647027943283319473266601562500000000000
-3378317.6006173575296998023986816406250000000000
-5790097.4851919235661625862121582031250000000000
1223541.0956729999743402004241943359375000000000
12689701.5129931550472974777221679687500000000000
-8015252.7037167167291045188903808593750000000000
2637391.4074844834394752979278564453125000000000
755501.6888092989102005958557128906250000000000
5195883.5224419124424457550048828125000000000000
311853.7422211430384777486324310302734375000000
7039971.0617128144949674606323242187500000000000
-2454846.7765360828489065170288085937500000000000
-3755855.6173533378168940544128417968750000000000
3425090.3492498635314404964447021484375000000000
5678057.7480456242337822914123535156250000000000
2692013.8096429184079170227050781250000000000000
-2935917.3736725589260458946228027343750000000000
5644398.8132691541686654090881347656250000000000
2417443.8835138250142335891723632812500000000000
2947212.3645660318434238433837890625000000000000
6026054.7587764374911785125732421875000000000000
4427797.1285022525116801261901855468750000000000
4337425.0726908119395375251770019531250000000000
-4408591.6823437111452221870422363281250000000000
2616305.2947727655991911888122558593750000000000
2063612.2570761479437351226806640625000000000000
496338.9770424152375198900699615478515625000000
-1982539.6210502705071121454238891601562500000000
3851736.6681201769970357418060302734375000000000
605044.1243243528297170996665954589843750000000
-9839153.6072235908359289169311523437500000000000
1278694.8707433757372200489044189453125000000000
753854.3008928820490837097167968750000000000000
996115.9153696990106254816055297851562500000000
-6250602.7428577607497572898864746093750000000000
1594952.8368357876315712928771972656250000000000
4300439.0797803616151213645935058593750000000000
-3361706.7544742370955646038055419921875000000000
-719261.9222514192806556820869445800781250000000
2020723.3561038535553961992263793945312500000000
-8277430.5161761315539479255676269531250000000000
894864.7715344916796311736106872558593750000000
-6646429.1396876312792301177978515625000000000000
-9374368.0043622162193059921264648437500000000000
4622555.0999217070639133453369140625000000000000
-4030985.7822933481074869632720947265625000000000
16262754.4282601624727249145507812500000000000000
-8830615.7062770184129476547241210937500000000000
1581775.1612295208033174276351928710937500000000
4286646.5059501565992832183837890625000000000000
-9753543.7676044031977653503417968750000000000000
4102720.7438975903205573558807373046875000000000
2804599.1331007480621337890625000000000000000000
1073298.7885753153823316097259521484375000000000
-4527054.9354776823893189430236816406250000000000
3585284.3196910382248461246490478515625000000000
8501096.9520611893385648727416992187500000000000
-4350370.3144419230520725250244140625000000000000
-10333309.4597306512296199798583984375000000000000
3386759.7080464591272175312042236328125000000000
-3762174.6357544106431305408477783203125000000000
-1079844.3472132026217877864837646484375000000000
385182.6399906055303290486335754394531250000000
-4411443.2326928069815039634704589843750000000000
5774832.8317847717553377151489257812500000000000
4677245.9865855276584625244140625000000000000000
-4922397.0377108044922351837158203125000000000000
8866138.2030739299952983856201171875000000000000
-7777863.1574275372549891471862792968750000000000
-4896294.6861839778721332550048828125000000000000
1430604.8242485737428069114685058593750000000000
6313172.9294057013466954231262207031250000000000
1460042.2718750089406967163085937500000000000000
5861347.2202903553843498229980468750000000000000
-4239231.2207768615335226058959960937500000000000
562394.3197779611218720674514770507812500000000
5058920.9940858157351613044738769531250000000000
3554223.2439633714966475963592529296875000000000
2900824.4984094933606684207916259765625000000000
-245618.6426543763955123722553253173828125000000
-2789530.9518313095904886722564697265625000000000
-2116514.8618698059581220149993896484375000000000
-2956360.0875847726128995418548583984375000000000
-4613242.6416310872882604598999023437500000000000
421068.7726027160533703863620758056640625000000
5878863.7353671146556735038757324218750000000000
-5957490.4639404425397515296936035156250000000000
3090101.9299939251504838466644287109375000000000
-11785653.9053641185164451599121093750000000000000
7441590.2705672243610024452209472656250000000000
-4761846.6240676725283265113830566406250000000000
-3495771.6489451932720839977264404296875000000000
543018.0795458186184987425804138183593750000000
-7332494.4231096776202321052551269531250000000000
-3878520.7071997034363448619842529296875000000000
-317847.9802919065114110708236694335937500000000
2936887.4713574517518281936645507812500000000000
-4066744.8516987981274724006652832031250000000000
1817496.9096860671415925025939941406250000000000
5634967.0498147225007414817810058593750000000000
-1669916.5827508557122200727462768554687500000000
-4484841.3508465848863124847412109375000000000000
4738491.1210884777829051017761230468750000000000
-5194524.4142189174890518188476562500000000000000
-1937106.2550986697897315025329589843750000000000
6358460.9618740258738398551940917968750000000000
2804505.9375282917171716690063476562500000000000
2852186.2340375222265720367431640625000000000000
2803946.8461192431859672069549560546875000000000
2250409.6530319834128022193908691406250000000000
-1161496.7738518717233091592788696289062500000000
-2422409.5397021914832293987274169921875000000000
1505130.8766380697488784790039062500000000000000
-480105.1255230485112406313419342041015625000000
-6035393.6665306054055690765380859375000000000000
-3433915.6059325640089809894561767578125000000000
3332900.9515415858477354049682617187500000000000
4092784.8391117122955620288848876953125000000000
-411422.1164366531302221119403839111328125000000
-6357895.8475198047235608100891113281250000000000
-8454117.9381221923977136611938476562500000000000
-8223554.1666612988337874412536621093750000000000
-2365962.2687440742738544940948486328125000000000
1251645.9963548739906400442123413085937500000000
6131566.0841466169804334640502929687500000000000
8722675.6593822315335273742675781250000000000000
8445897.1220116149634122848510742187500000000000
4429013.2036574138328433036804199218750000000000
6182575.0915630077943205833435058593750000000000
-2885295.5472379145212471485137939453125000000000
1528929.4927649961318820714950561523437500000000
7284664.2197360992431640625000000000000000000000
-484014.4502810577978380024433135986328125000000
2528776.6727789556607604026794433593750000000000
-1798391.3029889080207794904708862304687500000000
-3596630.0966655979864299297332763671875000000000
-1702109.9071265740785747766494750976562500000000
-210899.0752467761049047112464904785156250000000
-6926500.0791086573153734207153320312500000000000
-1037007.9972374483477324247360229492187500000000
5129360.9636734966188669204711914062500000000000
-1307478.5822123801335692405700683593750000000000
2465324.1261474993079900741577148437500000000000
1845874.7170152845792472362518310546875000000000
4594644.3902448536828160285949707031250000000000
-1647312.0940285732503980398178100585937500000000
-5904526.3784694289788603782653808593750000000000
418650.6991049125208519399166107177734375000000
124334.6395757111167768016457557678222656250000
-473260.1407865314977243542671203613281250000000
4180234.4814782300963997840881347656250000000000
5111625.7401957809925079345703125000000000000000
-2701108.1531686135567724704742431640625000000000
-3689136.0761980973184108734130859375000000000000
1419449.8534293086268007755279541015625000000000
-6328084.6282838629558682441711425781250000000000
-6421997.4566480349749326705932617187500000000000
6447283.8382424926385283470153808593750000000000
4975393.9584538834169507026672363281250000000000
-385598.3434628990362398326396942138671875000000
706400.3761029074667021632194519042968750000000
3800862.0840442557819187641143798828125000000000
-1167124.6651994411367923021316528320312500000000
-515129.0724703048472292721271514892578125000000
-1026339.4354631195310503244400024414062500000000
687529.0575316121103242039680480957031250000000
-1880249.5039841094985604286193847656250000000000
2354423.4201346803456544876098632812500000000000
-8542060.9883535690605640411376953125000000000000
399852.1627124551450833678245544433593750000000
4722837.2605057703331112861633300781250000000000
3130022.1564970179460942745208740234375000000000
-1173901.6975941120181232690811157226562500000000
-3683682.4355241763405501842498779296875000000000
-6616421.9434238476678729057312011718750000000000
2756906.4989960128441452980041503906250000000000
1383312.0931281305383890867233276367187500000000
4738146.2544690528884530067443847656250000000000
-8458693.9593453761190176010131835937500000000000
-2137173.2603648146614432334899902343750000000000
-3568784.8492494216188788414001464843750000000000
1889788.4950368045829236507415771484375000000000
-470580.9754893053905107080936431884765625000000
-2441038.5974639183841645717620849609375000000000
-330670.5715905292308889329433441162109375000000
3603057.2337831975892186164855957031250000000000
3356315.9425826859660446643829345703125000000000
3331426.2574027762748301029205322265625000000000
