1.6751148585544279878689621909870766103268
-250.3705390845040312797209480777382850646973
-2811.3653630859425902599468827247619628906250
1352162.5210701739415526390075683593750000000000
-70908438.3673292845487594604492187500000000000000
1890114050.3145697116851806640625000000000000000000
-31482747126.1837158203125000000000000000000000000000
357388837966.5074462890625000000000000000000000000000
-2895186158411.1333007812500000000000000000000000000000
17154901760316.2597656250000000000000000000000000000000
-75044722292694.0937500000000000000000000000000000000000
240899787232707.8437500000000000000000000000000000000000
-551550478521042.1875000000000000000000000000000000000000
833581120872884.0000000000000000000000000000000000000000
-635445462679164.3750000000000000000000000000000000000000
-218035974308117.6875000000000000000000000000000000000000
855422458892742.0000000000000000000000000000000000000000
-221469505393218.8437500000000000000000000000000000000000
-781957018418434.8750000000000000000000000000000000000000
385457241125607.6875000000000000000000000000000000000000
324093720567129.4375000000000000000000000000000000000000
491091190811005.9375000000000000000000000000000000000000
-810512758827929.5000000000000000000000000000000000000000
-417351849699614.0000000000000000000000000000000000000000
123120658632247.4375000000000000000000000000000000000000
851815640276883.1250000000000000000000000000000000000000
221536626736843.9375000000000000000000000000000000000000
-449142837474753.8125000000000000000000000000000000000000
-569575801179244.1250000000000000000000000000000000000000
101997288855086.8437500000000000000000000000000000000000
48248201548893.2500000000000000000000000000000000000000
241678732360122.2500000000000000000000000000000000000000
33097275931827.1679687500000000000000000000000000000000
136599206834117.9687500000000000000000000000000000000000
285088607826168.1875000000000000000000000000000000000000
-257019152366955.4062500000000000000000000000000000000000
-221582395581441.0312500000000000000000000000000000000000
-12803661470630.4199218750000000000000000000000000000000
-628881454674108.7500000000000000000000000000000000000000
306321633121798.6250000000000000000000000000000000000000
95953403949734.0156250000000000000000000000000000000000
332130287715734.0000000000000000000000000000000000000000
333678916849119.9375000000000000000000000000000000000000
-71520159075938.6875000000000000000000000000000000000000
155555494272176.3750000000000000000000000000000000000000
-74570311942094.0000000000000000000000000000000000000000
-266429550949147.8750000000000000000000000000000000000000
-216730490724540.4687500000000000000000000000000000000000
-504843937747868.1250000000000000000000000000000000000000
-210123858153801.9062500000000000000000000000000000000000
168302607490990.9375000000000000000000000000000000000000
368666274120646.6875000000000000000000000000000000000000
463390264201442.8125000000000000000000000000000000000000
-337199605827902.5000000000000000000000000000000000000000
351666470228833.6250000000000000000000000000000000000000
326916348392385.5000000000000000000000000000000000000000
290401786194838.7500000000000000000000000000000000000000
-195380665841627.8437500000000000000000000000000000000000
-171441083885479.3125000000000000000000000000000000000000
-320646305581111.3125000000000000000000000000000000000000
-267684315626283.2500000000000000000000000000000000000000
-476236727710430.6250000000000000000000000000000000000000
-107185900501784.2500000000000000000000000000000000000000
-41650964317748.2109375000000000000000000000000000000000
46095732987623.8359375000000000000000000000000000000000
-149675146109371.4062500000000000000000000000000000000000
214848657729858.6875000000000000000000000000000000000000
398761621526461.6875000000000000000000000000000000000000
734166805976800.5000000000000000000000000000000000000000
-35212017491732.9453125000000000000000000000000000000000
687996745076160.8750000000000000000000000000000000000000
-169434592949892.0937500000000000000000000000000000000000
-140140144708138.4687500000000000000000000000000000000000
-498281871711490.8750000000000000000000000000000000000000
205142919715414.2812500000000000000000000000000000000000
-75271480995286.8593750000000000000000000000000000000000
-302859771661349.7500000000000000000000000000000000000000
-421172312750137.8125000000000000000000000000000000000000
-407006609030364.0625000000000000000000000000000000000000
74845132663886.4218750000000000000000000000000000000000
-560364839030664.1875000000000000000000000000000000000000
-323800761094858.8750000000000000000000000000000000000000
225875189793783.2812500000000000000000000000000000000000
152542439570473.0312500000000000000000000000000000000000
675228525758934.2500000000000000000000000000000000000000
383701288334346.2500000000000000000000000000000000000000
131637683421376.9218750000000000000000000000000000000000
460891692965476.5625000000000000000000000000000000000000
397366208353550.0625000000000000000000000000000000000000
-100791431899365.3437500000000000000000000000000000000000
131301976835403.7968750000000000000000000000000000000000
162632342150969.9062500000000000000000000000000000000000
-132972032982335.1562500000000000000000000000000000000000
-381343499432983.3125000000000000000000000000000000000000
148913859213392.9062500000000000000000000000000000000000
-415502729848297.0625000000000000000000000000000000000000
-303564114284504.7500000000000000000000000000000000000000
-426787480121385.0625000000000000000000000000000000000000
136119997546717.8437500000000000000000000000000000000000
-278129869079627.9375000000000000000000000000000000000000
-138331951974133.5468750000000000000000000000000000000000
99004650365649.0312500000000000000000000000000000000000
-545493922163521.7500000000000000000000000000000000000000
72342620561828.9062500000000000000000000000000000000000
190422548478905.8125000000000000000000000000000000000000
-321830507543729.3750000000000000000000000000000000000000
246241654954197.2500000000000000000000000000000000000000
-9669829643993.9472656250000000000000000000000000000000
-51966277075479.5078125000000000000000000000000000000000
653963945447371.5000000000000000000000000000000000000000
499390802469642.3750000000000000000000000000000000000000
97678853760011.0468750000000000000000000000000000000000
314053575480448.8125000000000000000000000000000000000000
128295091389680.4843750000000000000000000000000000000000
334385875756638.6250000000000000000000000000000000000000
-52209739457144.1875000000000000000000000000000000000000
-140174062020256.1250000000000000000000000000000000000000
298736765450601.4375000000000000000000000000000000000000
218046947090326.5937500000000000000000000000000000000000
91084067931966.2968750000000000000000000000000000000000
-116098601477212.6406250000000000000000000000000000000000
-497996856551146.5625000000000000000000000000000000000000
-77092191227161.8906250000000000000000000000000000000000
-869969269548009.1250000000000000000000000000000000000000
-340298424005764.0625000000000000000000000000000000000000
-401488588060738.6250000000000000000000000000000000000000
-32285948844066.5234375000000000000000000000000000000000
59903698916987.3359375000000000000000000000000000000000
77764339784508.6250000000000000000000000000000000000000
-289395061281605.9375000000000000000000000000000000000000
-142894714075340.8437500000000000000000000000000000000000
73685723680716.7500000000000000000000000000000000000000
-466920055167784.3125000000000000000000000000000000000000
237558406097243.5625000000000000000000000000000000000000
-133782211581231.7656250000000000000000000000000000000000
268462174739637.9062500000000000000000000000000000000000
503984038770243.0000000000000000000000000000000000000000
412465920332087.0000000000000000000000000000000000000000
-436756007366954.3125000000000000000000000000000000000000
294767515949047.0000000000000000000000000000000000000000
565311129189021.1250000000000000000000000000000000000000
-34743471368231.7070312500000000000000000000000000000000
679480794547063.5000000000000000000000000000000000000000
330378871540827.6250000000000000000000000000000000000000
98493187259035.2968750000000000000000000000000000000000
34655738833425.9140625000000000000000000000000000000000
-80815618224592.3593750000000000000000000000000000000000
-206359601232105.0625000000000000000000000000000000000000
267470740767208.3125000000000000000000000000000000000000
51362303876247.8515625000000000000000000000000000000000
-13501433023584.0058593750000000000000000000000000000000
-474098597674314.5625000000000000000000000000000000000000
-255798581297531.5312500000000000000000000000000000000000
-116722110819881.5625000000000000000000000000000000000000
37135282171121.5625000000000000000000000000000000000000
-373303285109372.1250000000000000000000000000000000000000
38850856723631.8750000000000000000000000000000000000000
22465854510213.2500000000000000000000000000000000000000
-167600278686557.7812500000000000000000000000000000000000
222796422121218.0625000000000000000000000000000000000000
-207598634402632.0937500000000000000000000000000000000000
-653623347346952.1250000000000000000000000000000000000000
-101782280961640.2812500000000000000000000000000000000000
-287862837631333.6250000000000000000000000000000000000000
-356471514526903.7500000000000000000000000000000000000000
-24065619501822.3906250000000000000000000000000000000000
74001048445931.3593750000000000000000000000000000000000
46476279739072.2031250000000000000000000000000000000000
263378851225234.6562500000000000000000000000000000000000
77362650028595.5468750000000000000000000000000000000000
-490211395918270.4375000000000000000000000000000000000000
156439699893107.2187500000000000000000000000000000000000
467109183481691.9375000000000000000000000000000000000000
-244323322707205.6250000000000000000000000000000000000000
409964938848743.1250000000000000000000000000000000000000
-75365328940391.2656250000000000000000000000000000000000
308689615554140.0625000000000000000000000000000000000000
461922470688677.8125000000000000000000000000000000000000
-200210785556399.5312500000000000000000000000000000000000
180486912683511.5937500000000000000000000000000000000000
223205063432485.2187500000000000000000000000000000000000
336705325611110.0000000000000000000000000000000000000000
567377189002840.5000000000000000000000000000000000000000
1856988470919.6738281250000000000000000000000000000000
324101606247423.2500000000000000000000000000000000000000
13264655467294.9023437500000000000000000000000000000000
91473045195774.9062500000000000000000000000000000000000
-31508268656183.7460937500000000000000000000000000000000
-163989339321899.4375000000000000000000000000000000000000
-214751735160489.5312500000000000000000000000000000000000
-26831052598608.8945312500000000000000000000000000000000
-359357901876936.3125000000000000000000000000000000000000
181320350071663.5625000000000000000000000000000000000000
91169598151839.4375000000000000000000000000000000000000
113893407275.9747619628906250000000000000000000000000
-428810288326886.6875000000000000000000000000000000000000
-480943579542128.4375000000000000000000000000000000000000
-81950957848530.8906250000000000000000000000000000000000
-221861084143843.0312500000000000000000000000000000000000
-409131130800283.3750000000000000000000000000000000000000
-87074506379812.3281250000000000000000000000000000000000
-294970401491734.8750000000000000000000000000000000000000
220278611725263.7187500000000000000000000000000000000000
-84545815809992.0781250000000000000000000000000000000000
336857230168103.0625000000000000000000000000000000000000
134117214462310.6718750000000000000000000000000000000000
-219292471881620.8437500000000000000000000000000000000000
-129531209602737.1718750000000000000000000000000000000000
148310671898620.2187500000000000000000000000000000000000
-335046247956494.5625000000000000000000000000000000000000
-191412707514793.9375000000000000000000000000000000000000
48445132176212.3906250000000000000000000000000000000000
-413712549760945.5625000000000000000000000000000000000000
-64184373907214.8828125000000000000000000000000000000000
-67508828603117.1562500000000000000000000000000000000000
421285946392754.0000000000000000000000000000000000000000
290822621919000.1250000000000000000000000000000000000000
-42349508421742.1640625000000000000000000000000000000000
-48216286827914.1796875000000000000000000000000000000000
261685456380505.9062500000000000000000000000000000000000
-130325196742440.4062500000000000000000000000000000000000
113657092872137.2343750000000000000000000000000000000000
111745131363692.1875000000000000000000000000000000000000
300927686936703.0000000000000000000000000000000000000000
257405079230563.4062500000000000000000000000000000000000
223583728298193.3125000000000000000000000000000000000000
-69025845513630.0703125000000000000000000000000000000000
284094537759589.1875000000000000000000000000000000000000
367594707322396.2500000000000000000000000000000000000000
94346485079966.6093750000000000000000000000000000000000
313150854000297.8125000000000000000000000000000000000000
719736082781520.5000000000000000000000000000000000000000
-134343477849831.7031250000000000000000000000000000000000
-263926142498772.2812500000000000000000000000000000000000
-147698633292162.9375000000000000000000000000000000000000
-269154558420208.8437500000000000000000000000000000000000
-194221817787886.3750000000000000000000000000000000000000
101952740931777.8281250000000000000000000000000000000000
-513492117405.8863525390625000000000000000000000000000
48729871299654.9375000000000000000000000000000000000000
220567187521645.5937500000000000000000000000000000000000
-85264177077889.0312500000000000000000000000000000000000
-162636305705858.6875000000000000000000000000000000000000
-229945092369303.6562500000000000000000000000000000000000
-490645442873426.5000000000000000000000000000000000000000
66690494127202.2812500000000000000000000000000000000000
-171720696505162.5937500000000000000000000000000000000000
-110319372723563.3281250000000000000000000000000000000000
-27132578648544.9726562500000000000000000000000000000000
123953213034870.4843750000000000000000000000000000000000
-582259933669829.2500000000000000000000000000000000000000
-162516142353213.4062500000000000000000000000000000000000
-54132681174040.7812500000000000000000000000000000000000
237240475954212.5000000000000000000000000000000000000000
-258599990278277.8125000000000000000000000000000000000000
-126944845331469.1718750000000000000000000000000000000000
-109268912293699.9531250000000000000000000000000000000000
-507076986493577.0625000000000000000000000000000000000000
-25765337812463.4726562500000000000000000000000000000000
142466936981920.5937500000000000000000000000000000000000
28144859082663.4531250000000000000000000000000000000000
126632930580495.6093750000000000000000000000000000000000
-47834149712050.5078125000000000000000000000000000000000
-122167951700280.7343750000000000000000000000000000000000
518073231187450.0000000000000000000000000000000000000000
-108272759514750.0156250000000000000000000000000000000000
-114058798646800.2500000000000000000000000000000000000000
-149504622213665.7187500000000000000000000000000000000000
73524678865883.2656250000000000000000000000000000000000
427508280045903.6875000000000000000000000000000000000000
-314962641021534.7500000000000000000000000000000000000000
103348231402279.5937500000000000000000000000000000000000
278690548527309.7187500000000000000000000000000000000000
536559561362676.6250000000000000000000000000000000000000
-317597232071040.8125000000000000000000000000000000000000
500753934427727.8750000000000000000000000000000000000000
1811481774420.7529296875000000000000000000000000000000
22959948401013.3007812500000000000000000000000000000000
355707190603081.3750000000000000000000000000000000000000
243636996764758.1875000000000000000000000000000000000000
-150410352590626.2500000000000000000000000000000000000000
170396063994238.4375000000000000000000000000000000000000
51907977112344.7656250000000000000000000000000000000000
-26084309527925.8554687500000000000000000000000000000000
-162959676916085.6562500000000000000000000000000000000000
-267551110597425.0625000000000000000000000000000000000000
-69466758246411.6796875000000000000000000000000000000000
58318123095637.2578125000000000000000000000000000000000
-201411586469998.3125000000000000000000000000000000000000
81242671028137.5312500000000000000000000000000000000000
343408154839640.3125000000000000000000000000000000000000
-104616180692602.4062500000000000000000000000000000000000
243212664730239.9062500000000000000000000000000000000000
215100174905676.2812500000000000000000000000000000000000
-115770228058233.6093750000000000000000000000000000000000
218636068606355.8750000000000000000000000000000000000000
-352768676058747.5625000000000000000000000000000000000000
201456331642687.8125000000000000000000000000000000000000
238263361246611.8437500000000000000000000000000000000000
-165293055302686.8125000000000000000000000000000000000000
-68074407944824.3125000000000000000000000000000000000000
-419132904419902.0625000000000000000000000000000000000000
71930035381573.0937500000000000000000000000000000000000
-643506875834362.5000000000000000000000000000000000000000
-33804950164085.7500000000000000000000000000000000000000
-339808614808716.0000000000000000000000000000000000000000
92225286773459.7656250000000000000000000000000000000000
80309634684230.7031250000000000000000000000000000000000
414060001924836.0625000000000000000000000000000000000000
-37929711091323.5468750000000000000000000000000000000000
-42362115685279.1093750000000000000000000000000000000000
123483516370116.8281250000000000000000000000000000000000
-94219738863134.6562500000000000000000000000000000000000
154821439146187.4687500000000000000000000000000000000000
-281816480764052.5000000000000000000000000000000000000000
-266098406153358.8750000000000000000000000000000000000000
-374257248699340.5625000000000000000000000000000000000000
-123687277910191.6093750000000000000000000000000000000000
-609125312040426.5000000000000000000000000000000000000000
53644746158113.4843750000000000000000000000000000000000
-75521717508120.7968750000000000000000000000000000000000
211239380551031.6250000000000000000000000000000000000000
349763854529156.5625000000000000000000000000000000000000
75990943969318.9531250000000000000000000000000000000000
79589281312361.1250000000000000000000000000000000000000
158643340579440.5000000000000000000000000000000000000000
156753926402041.1250000000000000000000000000000000000000
-389372629290824.0000000000000000000000000000000000000000
323807900468152.3125000000000000000000000000000000000000
-153813218200691.7812500000000000000000000000000000000000
-176413284092831.3125000000000000000000000000000000000000
-89487520023284.0625000000000000000000000000000000000000
-60535039871708.6015625000000000000000000000000000000000
187348631596534.2500000000000000000000000000000000000000
-124964774322123.2812500000000000000000000000000000000000
388925524975490.5625000000000000000000000000000000000000
366445561869622.6875000000000000000000000000000000000000
151033038390215.0312500000000000000000000000000000000000
-74497148446864.9218750000000000000000000000000000000000
-46265832241393.6484375000000000000000000000000000000000
348425718818421.0625000000000000000000000000000000000000
-250997058119790.4375000000000000000000000000000000000000
-163480735882113.4687500000000000000000000000000000000000
123479787388495.2343750000000000000000000000000000000000
-45277157407152.8203125000000000000000000000000000000000
543943486862119.5000000000000000000000000000000000000000
167013204391483.5312500000000000000000000000000000000000
115920900400507.1718750000000000000000000000000000000000
-140966268079995.2187500000000000000000000000000000000000
-36518185516604.1953125000000000000000000000000000000000
332510816089922.8125000000000000000000000000000000000000
405258701850330.8750000000000000000000000000000000000000
-191537120735395.0937500000000000000000000000000000000000
-117651686654436.1875000000000000000000000000000000000000
-522222607182436.2500000000000000000000000000000000000000
144664805061438.8437500000000000000000000000000000000000
552923399346532.5625000000000000000000000000000000000000
102901583379808.2187500000000000000000000000000000000000
-32737676710193.5078125000000000000000000000000000000000
-681035084648966.6250000000000000000000000000000000000000
-175862044307712.5937500000000000000000000000000000000000
140161513235591.8125000000000000000000000000000000000000
-74451376010052.0156250000000000000000000000000000000000
-253141408007833.3437500000000000000000000000000000000000
239982821691354.1562500000000000000000000000000000000000
-362707376264033.5625000000000000000000000000000000000000
-21427605459112.0820312500000000000000000000000000000000
-61637718595200.5546875000000000000000000000000000000000
-59150101026482.8984375000000000000000000000000000000000
-172859632665346.0312500000000000000000000000000000000000
113719706475802.6718750000000000000000000000000000000000
168966831536281.4375000000000000000000000000000000000000
427471271048601.9375000000000000000000000000000000000000
-219929548708212.5000000000000000000000000000000000000000
55763584053747.1093750000000000000000000000000000000000
-160005401300591.3125000000000000000000000000000000000000
-382499584820830.8750000000000000000000000000000000000000
261125754788015.5937500000000000000000000000000000000000
-722951838480139.3750000000000000000000000000000000000000
492117012244863.4375000000000000000000000000000000000000
-540228554031304.0000000000000000000000000000000000000000
248790594256466.4687500000000000000000000000000000000000
154195118204579.2500000000000000000000000000000000000000
252810130434230.4375000000000000000000000000000000000000
-541843977301856.0000000000000000000000000000000000000000
-607382831937563.0000000000000000000000000000000000000000
-627436189550751.0000000000000000000000000000000000000000
469731902898667.5625000000000000000000000000000000000000
315486385130629.8750000000000000000000000000000000000000
379156835387809.8750000000000000000000000000000000000000
70009642049442.0937500000000000000000000000000000000000
58218438547822.7031250000000000000000000000000000000000
149376972934678.8750000000000000000000000000000000000000
13768774347858.6777343750000000000000000000000000000000
42298115866709.5000000000000000000000000000000000000000
-213073965515333.5312500000000000000000000000000000000000
92560290591542.9062500000000000000000000000000000000000
452079491417388.2500000000000000000000000000000000000000
-283633262314340.5000000000000000000000000000000000000000
-49207600049781.1015625000000000000000000000000000000000
14746016080687.0488281250000000000000000000000000000000
-165842544352750.2500000000000000000000000000000000000000
10496324896059.5664062500000000000000000000000000000000
114781315456011.4062500000000000000000000000000000000000
-183958350866834.1875000000000000000000000000000000000000
249257804674941.1875000000000000000000000000000000000000
-176575544850582.0937500000000000000000000000000000000000
490770385640362.9375000000000000000000000000000000000000
-177081045688563.6250000000000000000000000000000000000000
677613518654719.6250000000000000000000000000000000000000
-103937440032988.3281250000000000000000000000000000000000
421995740559375.6250000000000000000000000000000000000000
-154889178558103.9687500000000000000000000000000000000000
290304008721473.5625000000000000000000000000000000000000
185579619050391.7812500000000000000000000000000000000000
289563249218784.6250000000000000000000000000000000000000
286955925579342.4375000000000000000000000000000000000000
59005551750494.7500000000000000000000000000000000000000
-473169489871213.5625000000000000000000000000000000000000
136589202279716.0781250000000000000000000000000000000000
-36455627166251.4843750000000000000000000000000000000000
-174384674763290.3125000000000000000000000000000000000000
-426617139771741.3125000000000000000000000000000000000000
-422804941831858.5625000000000000000000000000000000000000
-321634731375398.0625000000000000000000000000000000000000
149546891486823.4375000000000000000000000000000000000000
-428517112042306.6250000000000000000000000000000000000000
404087398237113.2500000000000000000000000000000000000000
215029273282881.6562500000000000000000000000000000000000
-502433722977318.2500000000000000000000000000000000000000
-68675159760243.5078125000000000000000000000000000000000
135268062135997.5625000000000000000000000000000000000000
-317383707402272.2500000000000000000000000000000000000000
91332042256870.9375000000000000000000000000000000000000
-509885591641727.9375000000000000000000000000000000000000
314557585983785.0000000000000000000000000000000000000000
-223522936406101.0937500000000000000000000000000000000000
-104793300117925.8593750000000000000000000000000000000000
131498212644158.5468750000000000000000000000000000000000
90442012357803.3437500000000000000000000000000000000000
78558147932317.8906250000000000000000000000000000000000
-25197634332603.2539062500000000000000000000000000000000
-438256172408494.8750000000000000000000000000000000000000
-341030539135624.5000000000000000000000000000000000000000
-123620076960147.7968750000000000000000000000000000000000
281318970458355.7812500000000000000000000000000000000000
575983685041535.6250000000000000000000000000000000000000
540833903837563.9375000000000000000000000000000000000000
590157610113724.7500000000000000000000000000000000000000
-176755020857499.5000000000000000000000000000000000000000
-445297602028954.3750000000000000000000000000000000000000
125416408430921.4062500000000000000000000000000000000000
-64872986266048.7968750000000000000000000000000000000000
-25841317948127.6132812500000000000000000000000000000000
-130671413005979.0781250000000000000000000000000000000000
-59753893797676.5390625000000000000000000000000000000000
159875251152190.6250000000000000000000000000000000000000
-291918320320211.0625000000000000000000000000000000000000
202043494109721.6562500000000000000000000000000000000000
73564325154911.5312500000000000000000000000000000000000
-21122771884261.5195312500000000000000000000000000000000
219513649032633.2812500000000000000000000000000000000000
305218301403539.1875000000000000000000000000000000000000
179676802078663.7500000000000000000000000000000000000000
61448246168448.7656250000000000000000000000000000000000
37920058954199.2578125000000000000000000000000000000000
-28216578279274.9062500000000000000000000000000000000000
-358973216475005.8750000000000000000000000000000000000000
-76463197906600.5312500000000000000000000000000000000000
-232242289327051.4062500000000000000000000000000000000000
307992698163555.3750000000000000000000000000000000000000
29704292811477.6679687500000000000000000000000000000000
155920757522744.9687500000000000000000000000000000000000
-375015150234847.9375000000000000000000000000000000000000
-250085697405365.7812500000000000000000000000000000000000
172848069014638.7812500000000000000000000000000000000000
236834830843847.5000000000000000000000000000000000000000
19257249295547.1953125000000000000000000000000000000000
-288943659172429.1250000000000000000000000000000000000000
185282176083469.1875000000000000000000000000000000000000
-135590689509955.1250000000000000000000000000000000000000
9518133849302.1738281250000000000000000000000000000000
-679456949859820.6250000000000000000000000000000000000000
-115036859962097.9062500000000000000000000000000000000000
352886600536081.5625000000000000000000000000000000000000
28545802228476.6601562500000000000000000000000000000000
-232551925853319.5625000000000000000000000000000000000000
-177808815591632.3750000000000000000000000000000000000000
301268904433267.4375000000000000000000000000000000000000
141779075097685.6562500000000000000000000000000000000000
429753901325215.6250000000000000000000000000000000000000
-55494898262432.9609375000000000000000000000000000000000
148784594856086.4687500000000000000000000000000000000000
-46569727060908.4765625000000000000000000000000000000000
302200889004945.4375000000000000000000000000000000000000
-369470206686006.0625000000000000000000000000000000000000
-176735265362937.1562500000000000000000000000000000000000
-220508164873423.5312500000000000000000000000000000000000
460429078302126.6250000000000000000000000000000000000000
-6448950890124.8154296875000000000000000000000000000000
-180522658294450.9687500000000000000000000000000000000000
