0.3243794681483401776134201099921483546495
-26.9692101420607848183408350450918078422546
614.9443252310591105924686416983604431152344
-6265.3049377933693904196843504905700683593750
33724.0943405082580284215509891510009765625000
-100343.4642752420331817120313644409179687500000
153046.6969044416327960789203643798828125000000
-76562.1447466518002329394221305847167968750000
14675.6909458044283383060246706008911132812500
-411526.4369819378480315208435058593750000000000
951440.5806968566030263900756835937500000000000
-489206.4465556087088771164417266845703125000000
-399205.9352121021365746855735778808593750000000
343253.7691917436313815414905548095703125000000
-916304.0308672720566391944885253906250000000000
1457748.6391427689231932163238525390625000000000
619393.0982740275794640183448791503906250000000
-241312.1602310467278584837913513183593750000000
-1709974.2070687005762010812759399414062500000000
-1177033.5828806413337588310241699218750000000000
753090.4951634476892650127410888671875000000000
2504486.8588630082085728645324707031250000000000
-1743351.7638885104097425937652587890625000000000
2077389.6524944093544036149978637695312500000000
-669591.2076255073770880699157714843750000000000
-889942.6688341342378407716751098632812500000000
1162824.3290027172770351171493530273437500000000
-2977124.5897783054970204830169677734375000000000
833898.0105011495761573314666748046875000000000
783160.1097237047506496310234069824218750000000
-489052.1000161524279974400997161865234375000000
-49627.2428317996673285961151123046875000000000
802139.8965109604177996516227722167968750000000
440244.3781205567065626382827758789062500000000
-484008.5219630139181390404701232910156250000000
131779.4782910493668168783187866210937500000000
-361862.1746416721725836396217346191406250000000
-964340.9740911143599078059196472167968750000000
2626536.7535972231999039649963378906250000000000
-1635453.2250879078637808561325073242187500000000
590708.1411023862892761826515197753906250000000
-908751.9961549933068454265594482421875000000000
1915114.6408264464698731899261474609375000000000
269345.1390026473673060536384582519531250000000
-2127273.4798949733376502990722656250000000000000
507700.8593900564592331647872924804687500000000
-3791309.2865386204794049263000488281250000000000
2373664.2241844027303159236907958984375000000000
-107960.7054366740194382146000862121582031250000
2476321.4410831043496727943420410156250000000000
500802.4649096008506603538990020751953125000000
115312.0045174205733928829431533813476562500000
-3965585.4352204822935163974761962890625000000000
3376549.4530137376859784126281738281250000000000
684422.4078796587418764829635620117187500000000
-361291.3220276709762401878833770751953125000000
-6484739.9670955734327435493469238281250000000000
7556190.3673405796289443969726562500000000000000
9143309.8536862824112176895141601562500000000000
2475740.8503628876060247421264648437500000000000
-9822276.3260064106434583663940429687500000000000
-965835.1895538738463073968887329101562500000000
-27388622.8546620048582553863525390625000000000000
18195454.0814296565949916839599609375000000000000
-11134570.7367500439286231994628906250000000000000
-5967290.0395766757428646087646484375000000000000
221434.1582118552178144454956054687500000000000
9183297.6982151195406913757324218750000000000000
2718877.8832761449739336967468261718750000000000
6643887.7665080102160573005676269531250000000000
-3609315.4600410219281911849975585937500000000000
29526852.5711647272109985351562500000000000000000
-2616961.3298526117578148841857910156250000000000
18787308.1361589021980762481689453125000000000000
6257250.3239862555637955665588378906250000000000
21253591.7797232940793037414550781250000000000000
408911.9392603258020244538784027099609375000000
-38932592.5144189745187759399414062500000000000000
-11959512.0110507756471633911132812500000000000000
-14520311.2184810321778059005737304687500000000000
-34840451.3772408813238143920898437500000000000000
-12120054.5041638705879449844360351562500000000000
6926832.6527968002483248710632324218750000000000
-21752515.6689356416463851928710937500000000000000
13591752.9651908166706562042236328125000000000000
-13119688.8430035449564456939697265625000000000000
35537484.5324661731719970703125000000000000000000
25788717.4719957821071147918701171875000000000000
-42196383.3992526307702064514160156250000000000000
23403674.7658285871148109436035156250000000000000
18812270.7368664778769016265869140625000000000000
-9098268.5824346784502267837524414062500000000000
12793411.5205581225454807281494140625000000000000
30712520.7425770163536071777343750000000000000000
3047891.0129388212226331233978271484375000000000
18321800.7397663332521915435791015625000000000000
-7150201.0480166310444474220275878906250000000000
-2795612.4539563446305692195892333984375000000000
-15724043.3620884846895933151245117187500000000000
-3367287.1459478498436510562896728515625000000000
-12658100.4167101886123418807983398437500000000000
-21653607.5799998082220554351806640625000000000000
-19237352.4099263921380043029785156250000000000000
-13057371.5075480043888092041015625000000000000000
13501169.5923271421343088150024414062500000000000
25039413.7528745457530021667480468750000000000000
3323903.2535598184913396835327148437500000000000
-18922789.0778824761509895324707031250000000000000
3842332.6775293992832303047180175781250000000000
15868155.4522239733487367630004882812500000000000
24406124.0441866181790828704833984375000000000000
16277637.0503157880157232284545898437500000000000
-25598287.3121845647692680358886718750000000000000
-20690435.5985122844576835632324218750000000000000
-22749993.6618649363517761230468750000000000000000
323806.7553675071685574948787689208984375000000
652519.9843786667333915829658508300781250000000
14079152.2712430916726589202880859375000000000000
482055.3322592300828546285629272460937500000000
28303847.8732277825474739074707031250000000000000
-26823092.5918075554072856903076171875000000000000
17079816.3521810695528984069824218750000000000000
-41684604.8149930387735366821289062500000000000000
20862238.8632011599838733673095703125000000000000
14943323.1158031001687049865722656250000000000000
10491997.7886900883167982101440429687500000000000
2164075.4417547504417598247528076171875000000000
-55341621.5460322350263595581054687500000000000000
20196538.0040984116494655609130859375000000000000
-11762723.7268848102539777755737304687500000000000
46325236.2884869650006294250488281250000000000000
20568679.2106650434434413909912109375000000000000
10446435.5935140177607536315917968750000000000000
4559703.5646418081596493721008300781250000000000
-4280232.7851278223097324371337890625000000000000
-40181781.2595036402344703674316406250000000000000
-19005725.0480420738458633422851562500000000000000
1703365.3194748691748827695846557617187500000000
-10169947.5703608673065900802612304687500000000000
13208113.4896275252103805541992187500000000000000
-15757237.5457310453057289123535156250000000000000
-12492735.0856532845646142959594726562500000000000
-26707140.3146405741572380065917968750000000000000
37343427.6412267759442329406738281250000000000000
8379976.4891388472169637680053710937500000000000
8896162.6527714915573596954345703125000000000000
16676469.2606543730944395065307617187500000000000
-10925215.6233827807009220123291015625000000000000
18615900.8878431990742683410644531250000000000000
8101096.8253736458718776702880859375000000000000
16416284.9420204292982816696166992187500000000000
-51853332.3880135864019393920898437500000000000000
10389514.8650029972195625305175781250000000000000
32704907.2948283813893795013427734375000000000000
-9736739.2426411751657724380493164062500000000000
-26746523.5131552256643772125244140625000000000000
-10829638.1304698139429092407226562500000000000000
36306842.0228079333901405334472656250000000000000
-26899906.5520376004278659820556640625000000000000
16035883.6483018398284912109375000000000000000000
-10454361.0232175551354885101318359375000000000000
-20440962.4721201732754707336425781250000000000000
12050353.4850407019257545471191406250000000000000
54628756.4401255175471305847167968750000000000000
27289955.5835285671055316925048828125000000000000
2982679.0206103147938847541809082031250000000000
-30758094.2642316780984401702880859375000000000000
-34764865.9759119376540184020996093750000000000000
148567.5117893720744177699089050292968750000000
-11836622.0324235223233699798583984375000000000000
-26055805.2367425933480262756347656250000000000000
-6343774.5790639771148562431335449218750000000000
1116112.2684327680617570877075195312500000000000
-3035088.9164678300730884075164794921875000000000
-25097498.1371116898953914642333984375000000000000
17658556.8251892514526844024658203125000000000000
-8262280.8542755730450153350830078125000000000000
-4973657.7053159400820732116699218750000000000000
4558879.3068424016237258911132812500000000000000
9383764.1417694743722677230834960937500000000000
-15437376.4362038020044565200805664062500000000000
10235099.0238737445324659347534179687500000000000
20801739.6814161576330661773681640625000000000000
67935232.0797057747840881347656250000000000000000
28499639.3250154592096805572509765625000000000000
-6482788.5755069470033049583435058593750000000000
-469328.3146704341052100062370300292968750000000
-22392157.4949480406939983367919921875000000000000
46134878.8601056635379791259765625000000000000000
-42546922.4333938956260681152343750000000000000000
-18934515.2400811612606048583984375000000000000000
-7330327.8810631902888417243957519531250000000000
-30445807.3064034692943096160888671875000000000000
-2994360.3053557514213025569915771484375000000000
-34555024.8907700330018997192382812500000000000000
11303585.2706955969333648681640625000000000000000
10636460.8601116742938756942749023437500000000000
-18730064.1838892959058284759521484375000000000000
3745988.1502796690911054611206054687500000000000
-11545545.6331487856805324554443359375000000000000
2872053.2552208630368113517761230468750000000000
35355895.5648028254508972167968750000000000000000
-10374722.0523387957364320755004882812500000000000
4436600.8157306853681802749633789062500000000000
-2194076.6695619192905724048614501953125000000000
21116461.7832735963165760040283203125000000000000
22270870.7923409640789031982421875000000000000000
9956468.9832307789474725723266601562500000000000
39520242.6768845319747924804687500000000000000000
-2999876.4430547826923429965972900390625000000000
-15742346.8186999782919883728027343750000000000000
25867952.8947716541588306427001953125000000000000
18458375.5780991800129413604736328125000000000000
-5283830.0060573210939764976501464843750000000000
-42122020.7247395738959312438964843750000000000000
-999267.7933837543241679668426513671875000000000
-8900253.4687627740204334259033203125000000000000
8675969.6385262776166200637817382812500000000000
-21660981.8554173409938812255859375000000000000000
-9028922.4514498412609100341796875000000000000000
-27098789.1737567260861396789550781250000000000000
-18655083.5479322150349617004394531250000000000000
8337419.4820136511698365211486816406250000000000
-18152087.0000808648765087127685546875000000000000
9760029.7861528191715478897094726562500000000000
11791697.8194960337132215499877929687500000000000
51150.0805114353497629053890705108642578125000
-28806.2755103729577967897057533264160156250000
-9178213.8566742744296789169311523437500000000000
-9844665.8115707375109195709228515625000000000000
-41701344.2705405279994010925292968750000000000000
58885486.1327184438705444335937500000000000000000
-21809077.1697645522654056549072265625000000000000
-8831512.1150403339415788650512695312500000000000
13132201.4443192835897207260131835937500000000000
-11428769.7388014812022447586059570312500000000000
12999700.7802119106054306030273437500000000000000
15359828.1265111658722162246704101562500000000000
28286463.5701814331114292144775390625000000000000
-17510084.6702864915132522583007812500000000000000
21351489.7448130771517753601074218750000000000000
-18959188.8879867866635322570800781250000000000000
-2706830.4882500399835407733917236328125000000000
41758355.8105278685688972473144531250000000000000
3639960.6483118114992976188659667968750000000000
38476715.6689155027270317077636718750000000000000
4805681.4695159746333956718444824218750000000000
3139849.5386859620921313762664794921875000000000
-17873526.3308454118669033050537109375000000000000
-3048816.1261263182386755943298339843750000000000
-36357669.2331813573837280273437500000000000000000
28488185.8638026304543018341064453125000000000000
15973460.2553428579121828079223632812500000000000
-33221382.3119019754230976104736328125000000000000
17721686.6777250543236732482910156250000000000000
-10792637.3472257312387228012084960937500000000000
1285525.1034632725641131401062011718750000000000
-16595459.8200737368315458297729492187500000000000
-36706032.6707562133669853210449218750000000000000
-30928057.7279635891318321228027343750000000000000
-15446677.0273946952074766159057617187500000000000
-34560023.8998867571353912353515625000000000000000
7288489.2324123568832874298095703125000000000000
13511941.5415994860231876373291015625000000000000
-26498793.9972255863249301910400390625000000000000
28032886.7258274145424365997314453125000000000000
2220816.0904696057550609111785888671875000000000
19210324.0814504288136959075927734375000000000000
-6280606.9908872246742248535156250000000000000000
5892692.2741983868181705474853515625000000000000
-20659824.5074016340076923370361328125000000000000
4192915.9774138419888913631439208984375000000000
29603552.8554151207208633422851562500000000000000
34402549.8421553596854209899902343750000000000000
-5936713.9673930378630757331848144531250000000000
28720513.8560637533664703369140625000000000000000
20339202.3263932503759860992431640625000000000000
21699104.4568451121449470520019531250000000000000
19918211.0724818557500839233398437500000000000000
-50971625.5528090372681617736816406250000000000000
-10804772.1119585279375314712524414062500000000000
-19619768.0508976168930530548095703125000000000000
15764081.8428828045725822448730468750000000000000
-9006888.5253484044224023818969726562500000000000
-29623068.4893816597759723663330078125000000000000
-2042395.8438337182160466909408569335937500000000
25023548.3705363497138023376464843750000000000000
27602483.5297417417168617248535156250000000000000
-17474313.7052366137504577636718750000000000000000
11353472.1387125868350267410278320312500000000000
-29396424.8961193673312664031982421875000000000000
-32306635.0686941817402839660644531250000000000000
8242384.8326587183400988578796386718750000000000
20623941.8171691522002220153808593750000000000000
16067779.2060564141720533370971679687500000000000
-33975288.6583312600851058959960937500000000000000
9021583.5089528635144233703613281250000000000000
14284143.1077930647879838943481445312500000000000
21930882.4695901051163673400878906250000000000000
-33366589.1257692091166973114013671875000000000000
48739158.3660791367292404174804687500000000000000
9281088.6556643601506948471069335937500000000000
-1672501.7450147157069295644760131835937500000000
-4256282.2958553517237305641174316406250000000000
-32706777.5881253443658351898193359375000000000000
32034608.2147576659917831420898437500000000000000
-36558711.3086453452706336975097656250000000000000
19870287.3437551110982894897460937500000000000000
8374761.3765884255990386009216308593750000000000
-400180.2117991137783974409103393554687500000000
8695356.7681412845849990844726562500000000000000
-6784071.2951550176367163658142089843750000000000
-1833583.6133520000148564577102661132812500000000
-17731592.7672552876174449920654296875000000000000
-3348703.6484539736993610858917236328125000000000
-24519343.1993298046290874481201171875000000000000
25530674.7352704927325248718261718750000000000000
-15006422.5774603281170129776000976562500000000000
10816042.6718438882380723953247070312500000000000
-5523658.3050000630319118499755859375000000000000
-1564178.9000418782234191894531250000000000000000
-38362090.2801619097590446472167968750000000000000
-14071313.0787934362888336181640625000000000000000
5784160.1014677630737423896789550781250000000000
16947300.9128325022757053375244140625000000000000
23354615.2970183417201042175292968750000000000000
14519748.6161296274513006210327148437500000000000
-3617163.6505011138506233692169189453125000000000
-26939721.9309880994260311126708984375000000000000
19408150.2657584398984909057617187500000000000000
4137765.0814494034275412559509277343750000000000
-19892371.9060123786330223083496093750000000000000
9070495.8507234733551740646362304687500000000000
-26521759.5634727850556373596191406250000000000000
21284385.9167197570204734802246093750000000000000
-13985118.1470864526927471160888671875000000000000
-27501871.9210552684962749481201171875000000000000
1211906.3947921802755445241928100585937500000000
-1735345.3403953853994607925415039062500000000000
-13095674.9052726663649082183837890625000000000000
1199930.4360667923465371131896972656250000000000
2794936.9607436340302228927612304687500000000000
312609.5259269850794225931167602539062500000000
-24970430.0918684564530849456787109375000000000000
14676493.0651074945926666259765625000000000000000
13620656.9252188354730606079101562500000000000000
32970665.6094125844538211822509765625000000000000
38057913.2261939048767089843750000000000000000000
2427266.9814383778721094131469726562500000000000
46641079.6021445989608764648437500000000000000000
22277839.1856808140873908996582031250000000000000
2270461.2951442236080765724182128906250000000000
3820049.5905096982605755329132080078125000000000
3931267.9558218372985720634460449218750000000000
23713417.3433448486030101776123046875000000000000
-14371883.4930980913341045379638671875000000000000
-31596587.8815533816814422607421875000000000000000
5245217.0599277131259441375732421875000000000000
-13698555.7720679454505443572998046875000000000000
4483066.9841902051120996475219726562500000000000
-14341397.4943947549909353256225585937500000000000
-10562169.5182791184633970260620117187500000000000
-26885136.2816939279437065124511718750000000000000
27498499.3462346121668815612792968750000000000000
27530608.9725297354161739349365234375000000000000
23110167.5492104217410087585449218750000000000000
13058464.3968892563134431838989257812500000000000
-34326407.1263584345579147338867187500000000000000
-9615479.5641405414789915084838867187500000000000
17607957.6875155605375766754150390625000000000000
-30218313.2081904411315917968750000000000000000000
3406712.9070138945244252681732177734375000000000
-4262759.0589665435254573822021484375000000000000
-4299245.9714963035658001899719238281250000000000
-21489143.1644293516874313354492187500000000000000
28871925.4865866117179393768310546875000000000000
-16044889.4162676613777875900268554687500000000000
17886441.3240785002708435058593750000000000000000
4284183.0999516956508159637451171875000000000000
18639742.1594851613044738769531250000000000000000
1856167.2609295416623353958129882812500000000000
8560476.0410074722021818161010742187500000000000
1988984.8599488188046962022781372070312500000000
-9004922.6601278167217969894409179687500000000000
-16899810.1284253634512424468994140625000000000000
-12177302.9386726114898920059204101562500000000000
-10585900.1499356478452682495117187500000000000000
32862172.3256361521780490875244140625000000000000
4169499.7128058043308556079864501953125000000000
-11548324.2848856020718812942504882812500000000000
-46727269.7687329649925231933593750000000000000000
-3001310.2777374042198061943054199218750000000000
-3105099.5012436909601092338562011718750000000000
-4092640.3368900818750262260437011718750000000000
7557656.3178621036931872367858886718750000000000
-16335256.3339861892163753509521484375000000000000
2269560.9980689827352762222290039062500000000000
-25393215.6690585128962993621826171875000000000000
-28470581.8466991409659385681152343750000000000000
-30913342.2102569118142127990722656250000000000000
8475118.3714245073497295379638671875000000000000
15449108.9350531343370676040649414062500000000000
-23501756.0099323466420173645019531250000000000000
-2739365.2487840251997113227844238281250000000000
-34486743.9081134200096130371093750000000000000000
-6352351.6521381428465247154235839843750000000000
19204916.6858200244605541229248046875000000000000
-7378900.7538135536015033721923828125000000000000
-30911106.4635222926735877990722656250000000000000
42821673.3263155445456504821777343750000000000000
-6379558.5442688157781958580017089843750000000000
-18061001.9606946408748626708984375000000000000000
10667131.4651846997439861297607421875000000000000
19098697.9562843479216098785400390625000000000000
-4155131.9044771995395421981811523437500000000000
31815365.8666126020252704620361328125000000000000
-15105242.7902205549180507659912109375000000000000
6423551.5587256606668233871459960937500000000000
-9958479.9730431716889142990112304687500000000000
-16873061.4194606840610504150390625000000000000000
13570244.0215457864105701446533203125000000000000
-27280433.4578981436789035797119140625000000000000
10332561.0042510684579610824584960937500000000000
18558442.7881984561681747436523437500000000000000
35721533.1299431547522544860839843750000000000000
20741806.7754703611135482788085937500000000000000
2356752.0214685476385056972503662109375000000000
-6218285.0270200036466121673583984375000000000000
2058643.6621157086919993162155151367187500000000
-14428768.4329659827053546905517578125000000000000
29060860.1534269154071807861328125000000000000000
-20190497.9458563104271888732910156250000000000000
-15191724.6545096114277839660644531250000000000000
-20769355.6591367758810520172119140625000000000000
7798491.4919341178610920906066894531250000000000
-593612.2092496731784194707870483398437500000000
15731868.6261856202036142349243164062500000000000
36614738.8509518504142761230468750000000000000000
8831313.9381446763873100280761718750000000000000
-5755684.7378103239461779594421386718750000000000
10848274.5162322260439395904541015625000000000000
19638158.5739568620920181274414062500000000000000
26126271.2924372963607311248779296875000000000000
-9292368.5186084564775228500366210937500000000000
13236042.1463937982916831970214843750000000000000
-5440357.3235617158934473991394042968750000000000
34005449.6080114468932151794433593750000000000000
-17870603.5306984111666679382324218750000000000000
27060647.3273036405444145202636718750000000000000
-559833.8371274608653038740158081054687500000000
5677815.0471373880282044410705566406250000000000
-9843859.0785278584808111190795898437500000000000
-525952.0904011039528995752334594726562500000000
-22317741.2079332619905471801757812500000000000000
1578947.4605066620279103517532348632812500000000
-18520851.3433725386857986450195312500000000000000
-23591751.7460737340152263641357421875000000000000
13884717.8541648481041193008422851562500000000000
21464109.7388687506318092346191406250000000000000
-22112155.8122546114027500152587890625000000000000
-15679178.7570487931370735168457031250000000000000
9159306.6476771738380193710327148437500000000000
14938823.8389077465981245040893554687500000000000
18793395.2997788786888122558593750000000000000000
-1365682.6637275870889425277709960937500000000000
52639699.1936736553907394409179687500000000000000
2031002.9671054412610828876495361328125000000000
-6951110.6335308691486716270446777343750000000000
-2117511.1321701770648360252380371093750000000000
-22072775.4156808033585548400878906250000000000000
31643556.6408138647675514221191406250000000000000
-19456310.8694090731441974639892578125000000000000
-12985055.2250253502279520034790039062500000000000
26235642.6414245888590812683105468750000000000000
20943639.6331595405936241149902343750000000000000
-16817930.9369305819272994995117187500000000000000
9032322.5214316789060831069946289062500000000000
-17463786.3351807221770286560058593750000000000000
15571148.7008972503244876861572265625000000000000
-36681124.9872620627284049987792968750000000000000
-11590946.2449536751955747604370117187500000000000
-18128619.6206112802028656005859375000000000000000
-4896337.1737309312447905540466308593750000000000
15985028.2721718847751617431640625000000000000000
-9864209.9158715233206748962402343750000000000000
2538320.6977971037849783897399902343750000000000
-29998666.4448125213384628295898437500000000000000
-4557184.3633712669834494590759277343750000000000
2044865.7231012466363608837127685546875000000000
11471564.4078541025519371032714843750000000000000
-8681990.6858468614518642425537109375000000000000
-17334509.3004725724458694458007812500000000000000
8412735.8300695605576038360595703125000000000000
3410065.5563864824362099170684814453125000000000
-19977246.5767962783575057983398437500000000000000
-3594084.2969414452090859413146972656250000000000
30496831.6737759001553058624267578125000000000000
-27924147.9580225534737110137939453125000000000000
-4494045.4420255348086357116699218750000000000000
3170344.6270973966456949710845947265625000000000
-1634253.7904206593520939350128173828125000000000
-19135957.3432180844247341156005859375000000000000
4615739.8983402010053396224975585937500000000000
9463119.0990663990378379821777343750000000000000
5322905.5458734277635812759399414062500000000000
1091846.0075232342351227998733520507812500000000
33964606.9754527956247329711914062500000000000000
18221699.3856133818626403808593750000000000000000
-14941829.0575134530663490295410156250000000000000
-3678997.7250256938859820365905761718750000000000
-16333260.2893767859786748886108398437500000000000
9904138.9739266280084848403930664062500000000000
-37013871.9557972997426986694335937500000000000000
-5846105.6790005173534154891967773437500000000000
10278729.5335717406123876571655273437500000000000
16691565.8583019319921731948852539062500000000000
3502378.1762376665137708187103271484375000000000
-26974083.7255127578973770141601562500000000000000
-9093696.6733146961778402328491210937500000000000
-2598369.8670134642161428928375244140625000000000
-19055023.5181666389107704162597656250000000000000
12314878.2233683262020349502563476562500000000000
-6974658.1422232408076524734497070312500000000000
-12421148.4935339577496051788330078125000000000000
-4002488.3446422419510781764984130859375000000000
-12401233.3880947381258010864257812500000000000000
5335616.6465150387957692146301269531250000000000
-17643599.3539118580520153045654296875000000000000
22185658.9127630367875099182128906250000000000000
-2760874.2933109053410589694976806640625000000000
10436676.0418333131819963455200195312500000000000
49259199.5738854035735130310058593750000000000000
-14372837.0789302457123994827270507812500000000000
-7077065.4927336061373353004455566406250000000000
-12017854.8306133355945348739624023437500000000000
-14721481.1364559121429920196533203125000000000000
10437292.7554778177291154861450195312500000000000
23431744.8047243542969226837158203125000000000000
-1837500.0719292776193469762802124023437500000000
9794481.5343384090811014175415039062500000000000
9647864.1876143142580986022949218750000000000000
-5559661.3406146960332989692687988281250000000000
-7644865.8371071964502334594726562500000000000000
-10401261.9096708092838525772094726562500000000000
5759759.6889469437301158905029296875000000000000
-5413405.6808517239987850189208984375000000000000
-17954499.4694006554782390594482421875000000000000
14689052.5197241976857185363769531250000000000000
7425118.1413117572665214538574218750000000000000
2655643.9365841764956712722778320312500000000000
-9214935.4179797098040580749511718750000000000000
14080209.5826481431722640991210937500000000000000
-13621815.1735309883952140808105468750000000000000
-18776116.3290769532322883605957031250000000000000
5368194.3551515238359570503234863281250000000000
13900685.6760565992444753646850585937500000000000
-6800167.3630514554679393768310546875000000000000
12022564.2649047970771789550781250000000000000000
3683223.1423860294744372367858886718750000000000
3867796.0897396313957870006561279296875000000000
9136651.0568228662014007568359375000000000000000
4057663.3432190604507923126220703125000000000000
4196660.3328869808465242385864257812500000000000
8339266.3582393601536750793457031250000000000000
10522811.5366003327071666717529296875000000000000
-21008850.1655282340943813323974609375000000000000
-1072979.7533758152276277542114257812500000000000
-2194569.1388704036362469196319580078125000000000
14584313.5365204643458127975463867187500000000000
-2214351.6487324740737676620483398437500000000000
11046471.2047319579869508743286132812500000000000
3613328.9028979870490729808807373046875000000000
13117920.1421747952699661254882812500000000000000
723902.8886216991813853383064270019531250000000
-669608.5885439831763505935668945312500000000000
17638076.8628358617424964904785156250000000000000
-9989926.8670259416103363037109375000000000000000
7548278.6005151420831680297851562500000000000000
-5886388.2456108750775456428527832031250000000000
8203953.8873173864558339118957519531250000000000
15901357.9074193909764289855957031250000000000000
-8354406.2215975821018218994140625000000000000000
6416444.4457160299643874168395996093750000000000
-18001878.7919161580502986907958984375000000000000
-8036858.3274104017764329910278320312500000000000
16929840.4650951698422431945800781250000000000000
22721051.8213333860039710998535156250000000000000
605944.1744290676433593034744262695312500000000
-13280924.1710698343813419342041015625000000000000
15664556.0417466685175895690917968750000000000000
-29852677.1839448735117912292480468750000000000000
2824073.9429320911876857280731201171875000000000
-5934694.8759152311831712722778320312500000000000
21458190.9859141930937767028808593750000000000000
-8711902.7707281690090894699096679687500000000000
-20006857.8054265156388282775878906250000000000000
12073847.4970523267984390258789062500000000000000
18615418.1463791541755199432373046875000000000000
11095500.8030238766223192214965820312500000000000
-45834715.8151017874479293823242187500000000000000
4461280.4318880429491400718688964843750000000000
-7834567.4162503099068999290466308593750000000000
9848981.9308573920279741287231445312500000000000
-14555159.1671156268566846847534179687500000000000
10867137.9561945982277393341064453125000000000000
-16624231.2450178880244493484497070312500000000000
-14558834.9923004526644945144653320312500000000000
-29235071.4311443939805030822753906250000000000000
-3657820.8145388546399772167205810546875000000000
12253858.2251289319247007369995117187500000000000
-21974902.8277060240507125854492187500000000000000
2554397.2477149409241974353790283203125000000000
-16710759.7559333797544240951538085937500000000000
-2386172.9678746210411190986633300781250000000000
11533937.1476565916091203689575195312500000000000
8260380.8384938007220625877380371093750000000000
-19662188.7899224646389484405517578125000000000000
-12056163.7550105322152376174926757812500000000000
13331508.9146840628236532211303710937500000000000
2047263.4609659409616142511367797851562500000000
-2700968.0001569278538227081298828125000000000000
-10634182.3160290662199258804321289062500000000000
10354377.4358906950801610946655273437500000000000
3908393.8671077555045485496520996093750000000000
5855101.6954649118706583976745605468750000000000
-7941720.3043259587138891220092773437500000000000
-12178903.7882895413786172866821289062500000000000
9237710.9099281616508960723876953125000000000000
2393347.4975135773420333862304687500000000000000
-12930805.4641442280262708663940429687500000000000
-12167349.2400412261486053466796875000000000000000
18192449.6995670869946479797363281250000000000000
-4449163.9052563104778528213500976562500000000000
8971737.6459631808102130889892578125000000000000
8845212.3590806387364864349365234375000000000000
-7445048.3075178777799010276794433593750000000000
6947546.2499911040067672729492187500000000000000
8943061.5627051740884780883789062500000000000000
-2297388.9076652643270790576934814453125000000000
6141502.1319832773879170417785644531250000000000
-5899206.7584314094856381416320800781250000000000
16352619.2547426614910364151000976562500000000000
-2408507.0387952164746820926666259765625000000000
8436178.4521691258996725082397460937500000000000
19840313.7987204082310199737548828125000000000000
-1277856.8097441964782774448394775390625000000000
2453231.6287441225722432136535644531250000000000
-35628616.3675021231174468994140625000000000000000
10809707.5237386561930179595947265625000000000000
8268881.8718219744041562080383300781250000000000
-2720161.6302357125096023082733154296875000000000
17978318.7794510535895824432373046875000000000000
-14086060.2368278745561838150024414062500000000000
-9089193.2674365248531103134155273437500000000000
8428210.9383111633360385894775390625000000000000
-2605693.4419925510883331298828125000000000000000
-2430944.6757060503587126731872558593750000000000
-8495279.7361812982708215713500976562500000000000
-8562629.2935047280043363571166992187500000000000
-1304877.6054565005470067262649536132812500000000
11588579.1167237609624862670898437500000000000000
-9269180.4953255094587802886962890625000000000000
-4764993.8044327953830361366271972656250000000000
-8714436.9718328788876533508300781250000000000000
-4685412.1291628442704677581787109375000000000000
14545658.7292939927428960800170898437500000000000
9336393.7689475454390048980712890625000000000000
3278192.1373008224181830883026123046875000000000
21607077.9400293007493019104003906250000000000000
1537172.0125396770890802145004272460937500000000
4412250.2060192739591002464294433593750000000000
-2252844.0321844439022243022918701171875000000000
-8738630.8188180681318044662475585937500000000000
810524.7706061555072665214538574218750000000000
-14216251.6178430020809173583984375000000000000000
-5605220.0866007050499320030212402343750000000000
-408453.0416321632219478487968444824218750000000
-916020.9713779912563040852546691894531250000000
-16873784.5048279613256454467773437500000000000000
-2834281.4505422683432698249816894531250000000000
-2268997.1716312183998525142669677734375000000000
3270033.5775711927562952041625976562500000000000
16662062.9910572990775108337402343750000000000000
4120302.5082229753024876117706298828125000000000
-3845078.5013071834109723567962646484375000000000
7266655.8209208333864808082580566406250000000000
11709596.4281187318265438079833984375000000000000
14728891.9776183739304542541503906250000000000000
755206.3958896463736891746520996093750000000000
5373005.5289982669055461883544921875000000000000
-1657926.5876009089406579732894897460937500000000
-15747054.3015499524772167205810546875000000000000
13297022.3155714124441146850585937500000000000000
21928992.6400421559810638427734375000000000000000
9804000.0572433862835168838500976562500000000000
-14032506.6010499279946088790893554687500000000000
-4692485.6963155707344412803649902343750000000000
3016779.7352404599077999591827392578125000000000
9215808.8244997076690196990966796875000000000000
22410525.0159558355808258056640625000000000000000
9545458.7168386615812778472900390625000000000000
3936694.9270553644746541976928710937500000000000
-11706409.4590931460261344909667968750000000000000
-8979636.8172067496925592422485351562500000000000
-11575763.1067619733512401580810546875000000000000
12009321.6235673092305660247802734375000000000000
-12531664.3166485261172056198120117187500000000000
2874098.4323643441312015056610107421875000000000
6836297.2851515039801597595214843750000000000000
-5256472.5363148208707571029663085937500000000000
-1575288.4986734262201935052871704101562500000000
13389290.9581830501556396484375000000000000000000
28811491.6439515016973018646240234375000000000000
11367462.4990069065243005752563476562500000000000
-8277286.8590329764410853385925292968750000000000
9439860.5258659999817609786987304687500000000000
-5448885.1704830434173345565795898437500000000000
-816482.9255251100985333323478698730468750000000
-3746365.3131640148349106311798095703125000000000
-3076989.1014846386387944221496582031250000000000
6266294.0035985056310892105102539062500000000000
-9350298.0175220184028148651123046875000000000000
7440479.1036972645670175552368164062500000000000
-8373566.1393578937277197837829589843750000000000
-10204834.8238966725766658782958984375000000000000
8312147.9650729615241289138793945312500000000000
-13186382.4678714442998170852661132812500000000000
11222521.6286963876336812973022460937500000000000
3002344.2587920059449970722198486328125000000000
-10704489.6147048268467187881469726562500000000000
-3110363.3005541209131479263305664062500000000000
4732586.0876294737681746482849121093750000000000
-2776973.5813738973811268806457519531250000000000
-7356876.2187200142070651054382324218750000000000
4094786.4432221287861466407775878906250000000000
-10246401.0946637503802776336669921875000000000000
3235344.8352130237035453319549560546875000000000
-1386421.0575626937206834554672241210937500000000
-18399562.2828064560890197753906250000000000000000
-339230.5837855463614687323570251464843750000000
-16990720.1460913605988025665283203125000000000000
-4675343.9173826584592461585998535156250000000000
-18209897.4533016122877597808837890625000000000000
-14666698.2883472535759210586547851562500000000000
8962935.2217982131987810134887695312500000000000
2020903.6002239135559648275375366210937500000000
-2168284.2983713014982640743255615234375000000000
1290174.8698614595923572778701782226562500000000
-13076658.9690631031990051269531250000000000000000
-6651742.0498631894588470458984375000000000000000
-4656459.0097293164581060409545898437500000000000
6929205.0825425889343023300170898437500000000000
10945201.9407096616923809051513671875000000000000
-2881571.9848273289389908313751220703125000000000
-6557822.0378924859687685966491699218750000000000
-16590797.7882391065359115600585937500000000000000
1202353.0472277631051838397979736328125000000000
4998933.3238291218876838684082031250000000000000
-18679693.9814576953649520874023437500000000000000
-15243527.8944705780595541000366210937500000000000
-7425159.0879128221422433853149414062500000000000
450697.4078435889678075909614562988281250000000
6415703.9226746559143066406250000000000000000000
4316776.1443475084379315376281738281250000000000
4885050.8285174816846847534179687500000000000000
-2243637.3188649346120655536651611328125000000000
4030341.0167925399728119373321533203125000000000
-850578.2861473021330311894416809082031250000000
2129660.8055095928721129894256591796875000000000
-1798860.5611548605374991893768310546875000000000
4118477.4596920083276927471160888671875000000000
1526092.9694876207504421472549438476562500000000
-8006531.9367346772924065589904785156250000000000
-10054414.6562088225036859512329101562500000000000
2056191.5036363138351589441299438476562500000000
3982916.6993571231141686439514160156250000000000
1120524.4060126410331577062606811523437500000000
-3156602.2610633587464690208435058593750000000000
1286104.9601190187968313694000244140625000000000
25518829.6259116791188716888427734375000000000000
-3095324.9037031410261988639831542968750000000000
-8401937.9252485632896423339843750000000000000000
5141104.4119213894009590148925781250000000000000
6339705.6459509534761309623718261718750000000000
-892161.6309027622919529676437377929687500000000
-1643694.5108905285596847534179687500000000000000
-5095153.3419619668275117874145507812500000000000
-5898190.1770231397822499275207519531250000000000
-624023.1983122176025062799453735351562500000000
14481079.9804111793637275695800781250000000000000
8544192.8836665675044059753417968750000000000000
-4106684.4981478988192975521087646484375000000000
8194156.4845957327634096145629882812500000000000
-2799891.5513628697954118251800537109375000000000
19018800.6919932626187801361083984375000000000000
9735539.9242317900061607360839843750000000000000
-523902.5393606853904202580451965332031250000000
-710117.4776772302575409412384033203125000000000
22734535.6836093626916408538818359375000000000000
12039799.6800626702606678009033203125000000000000
-4927789.9733544448390603065490722656250000000000
-4863959.9046354750171303749084472656250000000000
1319217.0600133650004863739013671875000000000000
2206299.2747742650099098682403564453125000000000
996717.1571101375157013535499572753906250000000
-740436.6110005307709798216819763183593750000000
-116783.0758474271715385839343070983886718750000
-5273611.9913064157590270042419433593750000000000
-8218058.6316092628985643386840820312500000000000
6145503.2594625139608979225158691406250000000000
806729.4046271631959825754165649414062500000000
5399055.5827298015356063842773437500000000000000
554083.6264616562984883785247802734375000000000
1366870.2723125324118882417678833007812500000000
-6131139.6606133170425891876220703125000000000000
-12896586.2131819203495979309082031250000000000000
-298116.9699402527185156941413879394531250000000
-1886554.2069796288851648569107055664062500000000
1165799.2773134931921958923339843750000000000000
-626141.8262288090772926807403564453125000000000
-2705641.4828705303370952606201171875000000000000
-3179786.9707967862486839294433593750000000000000
3469389.1753387544304132461547851562500000000000
661953.6702827833360061049461364746093750000000
-6258482.8102111248299479484558105468750000000000
3147028.3071671244688332080841064453125000000000
-5315489.7631197078153491020202636718750000000000
-3024621.5083521846681833267211914062500000000000
5776636.2247386258095502853393554687500000000000
6188984.8482919018715620040893554687500000000000
-2113840.1175274262204766273498535156250000000000
4300087.3129858635365962982177734375000000000000
8573459.8878009170293807983398437500000000000000
-5308404.1893275361508131027221679687500000000000
-12500765.7143142782151699066162109375000000000000
-8894148.1407368555665016174316406250000000000000
-5017195.4230648800730705261230468750000000000000
-1465949.9764019350986927747726440429687500000000
5822784.2164752651005983352661132812500000000000
2744143.3692448665387928485870361328125000000000
1649031.6895192048978060483932495117187500000000
11492816.6929779909551143646240234375000000000000
1961981.2408354282379150390625000000000000000000
-11697356.3533494751900434494018554687500000000000
4559809.4646971542388200759887695312500000000000
960625.0488597505027428269386291503906250000000
-686117.9341021415311843156814575195312500000000
13492668.4502564892172813415527343750000000000000
4945032.1118647614493966102600097656250000000000
-2561468.6036557932384312152862548828125000000000
-127402.2607961549947503954172134399414062500000
1306094.5814109949860721826553344726562500000000
6382456.1716306395828723907470703125000000000000
8017997.4444345049560070037841796875000000000000
-7176651.5392593732103705406188964843750000000000
6607895.6704934695735573768615722656250000000000
-7392166.2329847235232591629028320312500000000000
9323581.5888900514692068099975585937500000000000
-2797838.9284495231695473194122314453125000000000
-611583.3548113427823409438133239746093750000000
-16248796.5094397347420454025268554687500000000000
-2212719.0704333246685564517974853515625000000000
1464945.4302769193891435861587524414062500000000
-14071657.7720773238688707351684570312500000000000
-880897.1613284613704308867454528808593750000000
6729258.1950822649523615837097167968750000000000
-1829818.5924536415841430425643920898437500000000
-2774698.1741644060239195823669433593750000000000
-5854552.8956109415739774703979492187500000000000
-2244637.3304376862943172454833984375000000000000
6263788.2802403746172785758972167968750000000000
-10082945.6354261990636587142944335937500000000000
7018063.4656211799010634422302246093750000000000
9915852.6824658289551734924316406250000000000000
-4438742.1765172788873314857482910156250000000000
-4647570.4587548216804862022399902343750000000000
-946417.6730547241168096661567687988281250000000
12794164.6458151601254940032958984375000000000000
-5209989.6051791338250041007995605468750000000000
-2194959.3475272394716739654541015625000000000000
6062232.1048063533380627632141113281250000000000
-3796704.4085725550539791584014892578125000000000
-8749942.4646683000028133392333984375000000000000
-3072380.6681503932923078536987304687500000000000
-3637325.9296851838007569313049316406250000000000
-1908923.3985294634476304054260253906250000000000
19378226.3334741480648517608642578125000000000000
719081.5780869935406371951103210449218750000000
5796333.3916172338649630546569824218750000000000
8798797.6565314009785652160644531250000000000000
-8880999.8833153676241636276245117187500000000000
-685829.4304547020001336932182312011718750000000
4831873.8949366034939885139465332031250000000000
-5905671.2382939308881759643554687500000000000000
-135850.6734152274439111351966857910156250000000
-2778950.6855869586579501628875732421875000000000
-2306703.2346497029066085815429687500000000000000
-5391981.5573212606832385063171386718750000000000
275468.6870084844413213431835174560546875000000
5923142.2157882377505302429199218750000000000000
1340339.8300797012634575366973876953125000000000
3737989.0452929781749844551086425781250000000000
-1726529.0984829016961157321929931640625000000000
-3921520.6993158757686614990234375000000000000000
4464261.6105908695608377456665039062500000000000
-10799696.5352657474577426910400390625000000000000
2166206.0253211772069334983825683593750000000000
5611526.6799300294369459152221679687500000000000
2177172.0311095640063285827636718750000000000000
-284070.3111220551654696464538574218750000000000
820894.5811696083983406424522399902343750000000
1817090.7331808551680296659469604492187500000000
3727659.2068925816565752029418945312500000000000
12200124.7236575577408075332641601562500000000000
-2328261.9331886996515095233917236328125000000000
-2799312.9213186940178275108337402343750000000000
-2298792.8978311638347804546356201171875000000000
2448308.8679127534851431846618652343750000000000
-637985.9206049671629443764686584472656250000000
-5599744.1705339886248111724853515625000000000000
5729141.4839884499087929725646972656250000000000
-2890787.4593677776865661144256591796875000000000
-3433340.0086678382940590381622314453125000000000
-5803678.8473122110590338706970214843750000000000
-5343311.4370973156765103340148925781250000000000
-3790874.0974840526469051837921142578125000000000
-2679675.8925328482873737812042236328125000000000
-816554.9339215279323980212211608886718750000000
-8810598.0531280860304832458496093750000000000000
2999995.2042453829199075698852539062500000000000
12560714.1427089367061853408813476562500000000000
-4383674.9720504544675350189208984375000000000000
8448024.8285757247358560562133789062500000000000
-1255585.4607262106146663427352905273437500000000
4184533.9688869356177747249603271484375000000000
5510359.4188315309584140777587890625000000000000
-8320300.7715077772736549377441406250000000000000
-1107357.9896902679465711116790771484375000000000
-291042.2284811576246283948421478271484375000000
-7539649.2056367034092545509338378906250000000000
5787533.4645975064486265182495117187500000000000
5469841.8890367364510893821716308593750000000000
4900103.9219816410914063453674316406250000000000
-8270866.8775286199524998664855957031250000000000
-7938327.4634271152317523956298828125000000000000
-6184041.1207257695496082305908203125000000000000
8694765.3562372401356697082519531250000000000000
-1708625.1842543932143598794937133789062500000000
533032.3762127558002248406410217285156250000000
-5160630.7340995641425251960754394531250000000000
10034019.7177156247198581695556640625000000000000
681621.4335179291665554046630859375000000000000
1530506.8866389500908553600311279296875000000000
-6698848.4668578384444117546081542968750000000000
-7779165.9634538432583212852478027343750000000000
-8074211.0788749400526285171508789062500000000000
5356521.6728972904384136199951171875000000000000
-2958798.3507541585713624954223632812500000000000
-6651529.3800338627770543098449707031250000000000
-6398644.1490808129310607910156250000000000000000
3034388.9947191360406577587127685546875000000000
-555825.7475961538730189204216003417968750000000
-1857199.3438021803740411996841430664062500000000
-1927607.0746281691826879978179931640625000000000
-2993897.2613309435546398162841796875000000000000
2673327.3989781844429671764373779296875000000000
6640262.6403080290183424949645996093750000000000
-6605881.1644650530070066452026367187500000000000
-1558055.9791380555834621191024780273437500000000
15709242.5390675924718379974365234375000000000000
4647635.9655527919530868530273437500000000000000
-755513.5519229399506002664566040039062500000000
10209789.2421347573399543762207031250000000000000
7539711.8680007364600896835327148437500000000000
7653259.0075286030769348144531250000000000000000
-4018778.7795702526345849037170410156250000000000
605458.7911800104193389415740966796875000000000
-902166.2830912389326840639114379882812500000000
-5251757.4204323692247271537780761718750000000000
1758640.4663255868945270776748657226562500000000
3710532.5316463545896112918853759765625000000000
-1418419.0544135149102658033370971679687500000000
-399488.6734992671408690512180328369140625000000
5033817.0038339421153068542480468750000000000000
-8745006.0011572875082492828369140625000000000000
5179059.9536522775888442993164062500000000000000
-2349065.5628509754315018653869628906250000000000
-4322796.6185000417754054069519042968750000000000
6723757.8038431107997894287109375000000000000000
-4192710.1897650430910289287567138671875000000000
-3319877.0068348506465554237365722656250000000000
326808.3685752291930839419364929199218750000000
5961459.2193614514544606208801269531250000000000
1896972.0238638343289494514465332031250000000000
3066788.7408707151189446449279785156250000000000
-8105129.6083312164992094039916992187500000000000
6203991.9919285411015152931213378906250000000000
-473006.1787483231746591627597808837890625000000
1614798.3721024731639772653579711914062500000000
-11250836.4154597185552120208740234375000000000000
-353588.9022500682040117681026458740234375000000
