-28.7162081488629361558650998631492257118225
5780.9140585838322294875979423522949218750000
-473077.5267426639329642057418823242187500000000
20325321.0715929567813873291015625000000000000000
-530546735.9581132531166076660156250000000000000000
9196361848.5592060089111328125000000000000000000000
-112016031696.9527893066406250000000000000000000000000
994017665345.7264404296875000000000000000000000000000
-6567506424769.2060546875000000000000000000000000000000
32646837546943.6210937500000000000000000000000000000000
-122112114660513.7343750000000000000000000000000000000000
339724549964362.3125000000000000000000000000000000000000
-683579833594697.0000000000000000000000000000000000000000
940659857940863.7500000000000000000000000000000000000000
-794941751730740.2500000000000000000000000000000000000000
374891990409588.9375000000000000000000000000000000000000
-361453319805958.3750000000000000000000000000000000000000
790852548894392.6250000000000000000000000000000000000000
-582028661188807.8750000000000000000000000000000000000000
-409176413325363.8750000000000000000000000000000000000000
1079095228854970.0000000000000000000000000000000000000000
-1712366508820640.2500000000000000000000000000000000000000
2098396176821036.5000000000000000000000000000000000000000
-37738900399510.4218750000000000000000000000000000000000
-2089073625880085.7500000000000000000000000000000000000000
754513782030436.8750000000000000000000000000000000000000
-335596895434168.9375000000000000000000000000000000000000
1790108294613897.5000000000000000000000000000000000000000
-757477225811912.2500000000000000000000000000000000000000
267875847701500.2187500000000000000000000000000000000000
-307628618532854.1875000000000000000000000000000000000000
-257704922059643.2187500000000000000000000000000000000000
-2671580027261339.5000000000000000000000000000000000000000
1955374534371532.7500000000000000000000000000000000000000
2408584507370455.5000000000000000000000000000000000000000
-1197246911079536.2500000000000000000000000000000000000000
438836973301533.8125000000000000000000000000000000000000
-1116367616730996.3750000000000000000000000000000000000000
1038562874997364.1250000000000000000000000000000000000000
-331681809975258.0625000000000000000000000000000000000000
-1174607167104806.2500000000000000000000000000000000000000
-1892964505680189.7500000000000000000000000000000000000000
62048409990804.8437500000000000000000000000000000000000
1485828449969569.2500000000000000000000000000000000000000
3060366116814368.0000000000000000000000000000000000000000
850221047257427.0000000000000000000000000000000000000000
-1892769356380532.7500000000000000000000000000000000000000
1127800288731606.0000000000000000000000000000000000000000
-2101086911457471.2500000000000000000000000000000000000000
-1580974051029213.7500000000000000000000000000000000000000
909549047720934.6250000000000000000000000000000000000000
-262615448774434.0625000000000000000000000000000000000000
65244157933910.6640625000000000000000000000000000000000
-1271984139716603.2500000000000000000000000000000000000000
-175621311280765.3437500000000000000000000000000000000000
286249801437769.8750000000000000000000000000000000000000
3043850231496631.0000000000000000000000000000000000000000
1042531547472032.2500000000000000000000000000000000000000
1352685383213465.2500000000000000000000000000000000000000
-2637561390422961.5000000000000000000000000000000000000000
1799470489600254.2500000000000000000000000000000000000000
1327015366435653.2500000000000000000000000000000000000000
-3503950884652776.0000000000000000000000000000000000000000
-797851969690095.5000000000000000000000000000000000000000
-2870558378052164.0000000000000000000000000000000000000000
-562947867036417.8125000000000000000000000000000000000000
433070651342975.5000000000000000000000000000000000000000
39375797565365.7578125000000000000000000000000000000000
1427941256070239.2500000000000000000000000000000000000000
2766910135023993.0000000000000000000000000000000000000000
-1401764695781852.0000000000000000000000000000000000000000
140989670633962.1250000000000000000000000000000000000000
1966447221808029.2500000000000000000000000000000000000000
388458437570598.5625000000000000000000000000000000000000
902105648441429.6250000000000000000000000000000000000000
23110204532450.2070312500000000000000000000000000000000
2011445654604827.0000000000000000000000000000000000000000
-1678600102499953.5000000000000000000000000000000000000000
-1489075545105551.0000000000000000000000000000000000000000
-476652612072864.0625000000000000000000000000000000000000
-2893170201615659.0000000000000000000000000000000000000000
-1515389771619733.2500000000000000000000000000000000000000
-1909371802245657.7500000000000000000000000000000000000000
693016453458297.7500000000000000000000000000000000000000
578646493211918.0000000000000000000000000000000000000000
989048162705270.6250000000000000000000000000000000000000
1684597349181702.0000000000000000000000000000000000000000
-1008445856068701.5000000000000000000000000000000000000000
1317631914327796.7500000000000000000000000000000000000000
2327749682609868.5000000000000000000000000000000000000000
1493823593330312.5000000000000000000000000000000000000000
-823364413776262.8750000000000000000000000000000000000000
56194410593726.2187500000000000000000000000000000000000
-1788495876892639.2500000000000000000000000000000000000000
557673451287857.8750000000000000000000000000000000000000
494330466955831.1875000000000000000000000000000000000000
-542083442954587.6875000000000000000000000000000000000000
1245066975952490.7500000000000000000000000000000000000000
2170726497309128.7500000000000000000000000000000000000000
-1974265603648720.5000000000000000000000000000000000000000
-422095470677909.3125000000000000000000000000000000000000
-403156891138314.0625000000000000000000000000000000000000
-1207897596914197.7500000000000000000000000000000000000000
-1707752336616382.5000000000000000000000000000000000000000
-1915526054008869.5000000000000000000000000000000000000000
-1556474719420047.7500000000000000000000000000000000000000
28974712013619.9257812500000000000000000000000000000000
939729375642179.1250000000000000000000000000000000000000
462819710130576.6250000000000000000000000000000000000000
1625311202841019.5000000000000000000000000000000000000000
-977807135015127.2500000000000000000000000000000000000000
1104647231917431.6250000000000000000000000000000000000000
1866681724409788.7500000000000000000000000000000000000000
931474766886465.6250000000000000000000000000000000000000
-232994174389590.9687500000000000000000000000000000000000
-750595740830856.7500000000000000000000000000000000000000
-285119134727683.0625000000000000000000000000000000000000
1683848664425939.0000000000000000000000000000000000000000
562588113939780.0000000000000000000000000000000000000000
1110694773142816.1250000000000000000000000000000000000000
-1297317141740020.0000000000000000000000000000000000000000
-1309617045791263.5000000000000000000000000000000000000000
1241347434559793.5000000000000000000000000000000000000000
919528009846569.2500000000000000000000000000000000000000
375338519326343.8750000000000000000000000000000000000000
-526847152133088.5625000000000000000000000000000000000000
-2209013462671741.7500000000000000000000000000000000000000
-413428678758012.7500000000000000000000000000000000000000
-1463608872586219.2500000000000000000000000000000000000000
2095239224461089.5000000000000000000000000000000000000000
1951228793424717.7500000000000000000000000000000000000000
-1891242521380938.0000000000000000000000000000000000000000
-1658928115958680.7500000000000000000000000000000000000000
-100623985181050.0937500000000000000000000000000000000000
903047724480516.7500000000000000000000000000000000000000
-489993831201187.5625000000000000000000000000000000000000
-2792525879999961.5000000000000000000000000000000000000000
889242440495181.1250000000000000000000000000000000000000
175938475353482.3750000000000000000000000000000000000000
-757029631136006.7500000000000000000000000000000000000000
-1624424743100326.0000000000000000000000000000000000000000
-481010353696472.0000000000000000000000000000000000000000
347240629882939.8750000000000000000000000000000000000000
662526448590531.7500000000000000000000000000000000000000
2583591677004595.5000000000000000000000000000000000000000
1264537522057408.2500000000000000000000000000000000000000
-539067816449254.8125000000000000000000000000000000000000
966365254926114.2500000000000000000000000000000000000000
628476593289121.3750000000000000000000000000000000000000
2539846251827154.0000000000000000000000000000000000000000
875721166422167.0000000000000000000000000000000000000000
440869397819386.7500000000000000000000000000000000000000
-1606112046153863.0000000000000000000000000000000000000000
346604296533485.4375000000000000000000000000000000000000
-1018445633900479.3750000000000000000000000000000000000000
-834030137836779.0000000000000000000000000000000000000000
1061638447800315.1250000000000000000000000000000000000000
-1237278695081870.0000000000000000000000000000000000000000
1126158825389524.5000000000000000000000000000000000000000
-1177063999335746.7500000000000000000000000000000000000000
-448977105065593.8125000000000000000000000000000000000000
1764621792735416.5000000000000000000000000000000000000000
628952926280424.3750000000000000000000000000000000000000
86618828479127.5937500000000000000000000000000000000000
-1237643917879797.7500000000000000000000000000000000000000
-29098977110655.0312500000000000000000000000000000000000
-2484555038959406.0000000000000000000000000000000000000000
-2476558635061010.5000000000000000000000000000000000000000
3335975225904401.5000000000000000000000000000000000000000
-455405330193813.6250000000000000000000000000000000000000
-736834176589304.0000000000000000000000000000000000000000
-1144784882756607.7500000000000000000000000000000000000000
-603553671382130.6250000000000000000000000000000000000000
1943666385401191.0000000000000000000000000000000000000000
-2254009940243942.0000000000000000000000000000000000000000
-1494666277523081.7500000000000000000000000000000000000000
-124379362469567.5781250000000000000000000000000000000000
-795659528111403.3750000000000000000000000000000000000000
187557716603811.7187500000000000000000000000000000000000
1868865861455737.7500000000000000000000000000000000000000
-424113740722297.1250000000000000000000000000000000000000
84087136994898.2187500000000000000000000000000000000000
-1261377383438546.0000000000000000000000000000000000000000
2069109340745387.2500000000000000000000000000000000000000
734198909925919.2500000000000000000000000000000000000000
-63940511891192.0937500000000000000000000000000000000000
448792437071494.0625000000000000000000000000000000000000
2880031961919058.5000000000000000000000000000000000000000
1540283719300991.7500000000000000000000000000000000000000
-1873237360959060.2500000000000000000000000000000000000000
2199452525102524.5000000000000000000000000000000000000000
250481917648514.9687500000000000000000000000000000000000
-148699602544446.3437500000000000000000000000000000000000
1277354529024209.2500000000000000000000000000000000000000
-1816289925749889.0000000000000000000000000000000000000000
575279032073785.8750000000000000000000000000000000000000
2558303897981483.0000000000000000000000000000000000000000
79766739633982.3437500000000000000000000000000000000000
-2456698537785349.0000000000000000000000000000000000000000
-2080227150716266.5000000000000000000000000000000000000000
-930338436897892.7500000000000000000000000000000000000000
-870951424450232.6250000000000000000000000000000000000000
1005575675999115.3750000000000000000000000000000000000000
2061281354767198.2500000000000000000000000000000000000000
-1361912039708337.7500000000000000000000000000000000000000
2136299979757952.2500000000000000000000000000000000000000
-1577091719829526.5000000000000000000000000000000000000000
1977984248456679.0000000000000000000000000000000000000000
-2572123375045582.5000000000000000000000000000000000000000
1137284273250600.5000000000000000000000000000000000000000
-2125234440802702.2500000000000000000000000000000000000000
1341822932573109.5000000000000000000000000000000000000000
142799767318785.1250000000000000000000000000000000000000
-1690795017515871.7500000000000000000000000000000000000000
-1777682356783160.5000000000000000000000000000000000000000
-2461358915644552.0000000000000000000000000000000000000000
1143453148956998.5000000000000000000000000000000000000000
2946515190233193.0000000000000000000000000000000000000000
-1207999178311031.7500000000000000000000000000000000000000
-1803943992930509.0000000000000000000000000000000000000000
1256539272174126.2500000000000000000000000000000000000000
172865570539246.4687500000000000000000000000000000000000
-1655308422170750.2500000000000000000000000000000000000000
989732867569090.7500000000000000000000000000000000000000
-2355311315279149.0000000000000000000000000000000000000000
-804828346601404.2500000000000000000000000000000000000000
-2660631229359056.0000000000000000000000000000000000000000
5030660412590310.0000000000000000000000000000000000000000
-303018969620196.8750000000000000000000000000000000000000
53236903103220.8281250000000000000000000000000000000000
1673830451896408.2500000000000000000000000000000000000000
608309137357924.5000000000000000000000000000000000000000
534767822363252.8125000000000000000000000000000000000000
-708863938045814.5000000000000000000000000000000000000000
838141808070398.0000000000000000000000000000000000000000
-31738511792547.5429687500000000000000000000000000000000
-546055807378879.5625000000000000000000000000000000000000
397134010637685.5000000000000000000000000000000000000000
760504094049678.1250000000000000000000000000000000000000
-568969470994744.6250000000000000000000000000000000000000
141292086684521.3125000000000000000000000000000000000000
-1634511506946316.5000000000000000000000000000000000000000
918665706051346.2500000000000000000000000000000000000000
-346380982169915.5000000000000000000000000000000000000000
256112109584615.6562500000000000000000000000000000000000
-1734421769472642.5000000000000000000000000000000000000000
4350896437439279.5000000000000000000000000000000000000000
-713482245880576.5000000000000000000000000000000000000000
2541971646692292.0000000000000000000000000000000000000000
1735783117936714.2500000000000000000000000000000000000000
2962102194724694.5000000000000000000000000000000000000000
-1855775599581491.7500000000000000000000000000000000000000
1165695798338068.0000000000000000000000000000000000000000
-2006145665937453.5000000000000000000000000000000000000000
-39875732888445.9531250000000000000000000000000000000000
270434930151203.0312500000000000000000000000000000000000
-1703046707751748.0000000000000000000000000000000000000000
-161751535916204.2187500000000000000000000000000000000000
1784161605083062.0000000000000000000000000000000000000000
-755760622798050.8750000000000000000000000000000000000000
-1727298854480259.2500000000000000000000000000000000000000
-329105475406717.5625000000000000000000000000000000000000
1854768297911627.2500000000000000000000000000000000000000
-16156247079943.4003906250000000000000000000000000000000
-2381485354747978.5000000000000000000000000000000000000000
-99147260096284.5625000000000000000000000000000000000000
1438734576146212.0000000000000000000000000000000000000000
-1809736388183924.7500000000000000000000000000000000000000
959091542215488.6250000000000000000000000000000000000000
-994392215103576.8750000000000000000000000000000000000000
891928576513220.8750000000000000000000000000000000000000
-755018543204398.0000000000000000000000000000000000000000
-2971755625625580.5000000000000000000000000000000000000000
-1405307683706405.5000000000000000000000000000000000000000
-2116922205426741.2500000000000000000000000000000000000000
278222626991998.1562500000000000000000000000000000000000
-1789180221613339.5000000000000000000000000000000000000000
-1498675694734921.5000000000000000000000000000000000000000
275167244488334.0937500000000000000000000000000000000000
-2012024635438395.7500000000000000000000000000000000000000
-706402014979672.8750000000000000000000000000000000000000
1421586693293943.2500000000000000000000000000000000000000
3181851205937641.0000000000000000000000000000000000000000
-984110582357996.5000000000000000000000000000000000000000
224612130977976.1875000000000000000000000000000000000000
-1000863457933656.6250000000000000000000000000000000000000
-1691176053286157.7500000000000000000000000000000000000000
525854071580355.9375000000000000000000000000000000000000
4246180771622663.0000000000000000000000000000000000000000
1292805573849584.7500000000000000000000000000000000000000
915353575708789.8750000000000000000000000000000000000000
1355610036067821.7500000000000000000000000000000000000000
442355716380266.4375000000000000000000000000000000000000
530758654988148.8125000000000000000000000000000000000000
1372804705180432.5000000000000000000000000000000000000000
-1094625223258087.7500000000000000000000000000000000000000
812517767187836.2500000000000000000000000000000000000000
1729473617607276.5000000000000000000000000000000000000000
930904316009061.2500000000000000000000000000000000000000
-1043649230817274.0000000000000000000000000000000000000000
538134440296705.2500000000000000000000000000000000000000
-1786831787018543.2500000000000000000000000000000000000000
-359609028413841.5625000000000000000000000000000000000000
-1236649590654644.5000000000000000000000000000000000000000
538810682284279.4375000000000000000000000000000000000000
674116454157220.8750000000000000000000000000000000000000
-872888059891114.0000000000000000000000000000000000000000
1297863705019494.2500000000000000000000000000000000000000
262846315897597.9375000000000000000000000000000000000000
2290265820161019.0000000000000000000000000000000000000000
-878039237281205.5000000000000000000000000000000000000000
316095127264743.4375000000000000000000000000000000000000
-1784461622066836.0000000000000000000000000000000000000000
2247278663662041.2500000000000000000000000000000000000000
394911203799759.1250000000000000000000000000000000000000
-752510352967898.3750000000000000000000000000000000000000
-1274035803800203.2500000000000000000000000000000000000000
736311246765571.6250000000000000000000000000000000000000
1312281895258498.7500000000000000000000000000000000000000
-916434672812608.6250000000000000000000000000000000000000
-1451398166553300.5000000000000000000000000000000000000000
-166473745932773.3750000000000000000000000000000000000000
-885873199306088.2500000000000000000000000000000000000000
343265036731534.5625000000000000000000000000000000000000
2716345526394594.0000000000000000000000000000000000000000
-707583988379168.1250000000000000000000000000000000000000
1046750292138174.2500000000000000000000000000000000000000
-366071091755763.7500000000000000000000000000000000000000
-2341759657440189.5000000000000000000000000000000000000000
-806925207967540.8750000000000000000000000000000000000000
1749761403022369.0000000000000000000000000000000000000000
-219315907388539.8437500000000000000000000000000000000000
-1257891248738516.0000000000000000000000000000000000000000
1239698901353342.0000000000000000000000000000000000000000
-154663776682945.7187500000000000000000000000000000000000
-750142524453187.3750000000000000000000000000000000000000
-42927802539377.6328125000000000000000000000000000000000
-1209645377881868.5000000000000000000000000000000000000000
-4100667340299876.0000000000000000000000000000000000000000
1756992534166276.5000000000000000000000000000000000000000
3099499658893132.5000000000000000000000000000000000000000
-1465974379763618.7500000000000000000000000000000000000000
478904409722835.8125000000000000000000000000000000000000
201420896731786.7812500000000000000000000000000000000000
62436502479272.4609375000000000000000000000000000000000
-1577206542710572.2500000000000000000000000000000000000000
-187212544455659.8437500000000000000000000000000000000000
-1501623175574714.5000000000000000000000000000000000000000
-1867879686668388.7500000000000000000000000000000000000000
933441417304245.1250000000000000000000000000000000000000
422972585659322.0000000000000000000000000000000000000000
-3688877273223131.5000000000000000000000000000000000000000
-3565623708528242.0000000000000000000000000000000000000000
-830491189430367.0000000000000000000000000000000000000000
-2721528835549196.0000000000000000000000000000000000000000
5750778022120502.0000000000000000000000000000000000000000
2312072662153835.0000000000000000000000000000000000000000
1427236207783119.2500000000000000000000000000000000000000
-2000259307018087.5000000000000000000000000000000000000000
5109696441137008.0000000000000000000000000000000000000000
1781650359572918.2500000000000000000000000000000000000000
-456960314078448.1875000000000000000000000000000000000000
-1480505978493521.5000000000000000000000000000000000000000
-1469750957228717.0000000000000000000000000000000000000000
-1729151363048804.2500000000000000000000000000000000000000
3395735669631001.5000000000000000000000000000000000000000
-139293853140038.5468750000000000000000000000000000000000
-2743193615130850.5000000000000000000000000000000000000000
-218724261031493.1875000000000000000000000000000000000000
1340305166692704.5000000000000000000000000000000000000000
-408267266377171.8750000000000000000000000000000000000000
-743971911646791.8750000000000000000000000000000000000000
1238751006600869.0000000000000000000000000000000000000000
3474954179045694.0000000000000000000000000000000000000000
2994644157732820.5000000000000000000000000000000000000000
-1150019497582309.0000000000000000000000000000000000000000
2393283523838502.0000000000000000000000000000000000000000
-1628801840125424.2500000000000000000000000000000000000000
-156298506135048.1562500000000000000000000000000000000000
-1506518783185919.5000000000000000000000000000000000000000
2323099135055253.0000000000000000000000000000000000000000
1628866218089455.0000000000000000000000000000000000000000
2210769593973693.2500000000000000000000000000000000000000
1294545771476692.2500000000000000000000000000000000000000
-1557412647195552.7500000000000000000000000000000000000000
-950261835775595.3750000000000000000000000000000000000000
-4628916238130551.0000000000000000000000000000000000000000
-2726086434366430.0000000000000000000000000000000000000000
1782330980314608.0000000000000000000000000000000000000000
2245942118498347.0000000000000000000000000000000000000000
1983041611413662.7500000000000000000000000000000000000000
-872480141527069.6250000000000000000000000000000000000000
117257730407683.5000000000000000000000000000000000000000
-393247922276898.6250000000000000000000000000000000000000
-2216256465612716.5000000000000000000000000000000000000000
-1005580169420762.2500000000000000000000000000000000000000
-2312784205671595.0000000000000000000000000000000000000000
-1600388318151308.2500000000000000000000000000000000000000
1295397442834790.5000000000000000000000000000000000000000
480259140123553.8750000000000000000000000000000000000000
1225910161654519.0000000000000000000000000000000000000000
1775976938802299.5000000000000000000000000000000000000000
-1650718267161082.5000000000000000000000000000000000000000
1516434223828615.2500000000000000000000000000000000000000
571847548416894.0000000000000000000000000000000000000000
3079834861718623.0000000000000000000000000000000000000000
534825426702335.6875000000000000000000000000000000000000
1049072189324369.0000000000000000000000000000000000000000
-1442782112376803.0000000000000000000000000000000000000000
2425272119491071.5000000000000000000000000000000000000000
302006970529352.0000000000000000000000000000000000000000
-601047438034752.5000000000000000000000000000000000000000
-2154828371278820.0000000000000000000000000000000000000000
388949703388077.7500000000000000000000000000000000000000
-555341537428484.3750000000000000000000000000000000000000
-1081276683375355.1250000000000000000000000000000000000000
-5018000526232763.0000000000000000000000000000000000000000
-567153434170094.2500000000000000000000000000000000000000
-1663189454333727.7500000000000000000000000000000000000000
-1564733004941651.0000000000000000000000000000000000000000
3583171095864038.5000000000000000000000000000000000000000
-2094807213948113.7500000000000000000000000000000000000000
-2394848629077158.0000000000000000000000000000000000000000
349458236140072.7500000000000000000000000000000000000000
2643758137670659.5000000000000000000000000000000000000000
1691629604754045.2500000000000000000000000000000000000000
-136109378071930.4375000000000000000000000000000000000000
1187638895965499.7500000000000000000000000000000000000000
-2713465977376535.5000000000000000000000000000000000000000
2156852231198497.0000000000000000000000000000000000000000
-1268476985563594.0000000000000000000000000000000000000000
2490763257809184.5000000000000000000000000000000000000000
457204467741518.9375000000000000000000000000000000000000
211131268253854.4687500000000000000000000000000000000000
567276129922074.5000000000000000000000000000000000000000
-1922231328462688.0000000000000000000000000000000000000000
-1300379583234194.2500000000000000000000000000000000000000
627292891415022.2500000000000000000000000000000000000000
175687888088442.6250000000000000000000000000000000000000
-2690089216653754.5000000000000000000000000000000000000000
102568895008714.5625000000000000000000000000000000000000
1675610940834737.0000000000000000000000000000000000000000
965945255312451.2500000000000000000000000000000000000000
-3984266631788289.5000000000000000000000000000000000000000
-1147444817407205.7500000000000000000000000000000000000000
1783158438725981.5000000000000000000000000000000000000000
947015352306332.7500000000000000000000000000000000000000
3305262830277509.0000000000000000000000000000000000000000
-2686050456514396.5000000000000000000000000000000000000000
-69762113705933.3515625000000000000000000000000000000000
-1163801830131027.0000000000000000000000000000000000000000
1010817556069435.1250000000000000000000000000000000000000
-405319239487531.6250000000000000000000000000000000000000
961259639111797.2500000000000000000000000000000000000000
-3409842422448908.5000000000000000000000000000000000000000
2319075700547572.5000000000000000000000000000000000000000
-110054509422628.3750000000000000000000000000000000000000
-2871164534021081.5000000000000000000000000000000000000000
1566615206773422.0000000000000000000000000000000000000000
965896558189011.6250000000000000000000000000000000000000
1044025207955513.1250000000000000000000000000000000000000
1552183859354715.7500000000000000000000000000000000000000
-3511706031722912.0000000000000000000000000000000000000000
2798395111618969.5000000000000000000000000000000000000000
-572020738831316.2500000000000000000000000000000000000000
1942397038340528.2500000000000000000000000000000000000000
-949039824387805.2500000000000000000000000000000000000000
807373137836045.7500000000000000000000000000000000000000
1292593511876245.0000000000000000000000000000000000000000
1625063396989538.2500000000000000000000000000000000000000
735846721488205.3750000000000000000000000000000000000000
-81693923838120.9062500000000000000000000000000000000000
-820619881107069.6250000000000000000000000000000000000000
-2552986043241641.0000000000000000000000000000000000000000
-1667768493636802.5000000000000000000000000000000000000000
2016087485754104.0000000000000000000000000000000000000000
1457737273981226.5000000000000000000000000000000000000000
356951784120551.8125000000000000000000000000000000000000
-1573444988757691.2500000000000000000000000000000000000000
-3549761395394029.5000000000000000000000000000000000000000
878974987897839.5000000000000000000000000000000000000000
-828359884047891.6250000000000000000000000000000000000000
1222109121668139.2500000000000000000000000000000000000000
-917525804519016.0000000000000000000000000000000000000000
993253934226600.8750000000000000000000000000000000000000
-1708615856575342.5000000000000000000000000000000000000000
823906878336413.7500000000000000000000000000000000000000
2071849153261229.0000000000000000000000000000000000000000
-585278511891842.0000000000000000000000000000000000000000
-2618812421647196.5000000000000000000000000000000000000000
2880818582082426.5000000000000000000000000000000000000000
937429942345585.6250000000000000000000000000000000000000
2559470871476966.5000000000000000000000000000000000000000
1640348012667085.5000000000000000000000000000000000000000
5225075173872500.0000000000000000000000000000000000000000
1611338196544707.0000000000000000000000000000000000000000
2003157226426139.7500000000000000000000000000000000000000
-1632869769864220.5000000000000000000000000000000000000000
-1674316166701025.0000000000000000000000000000000000000000
2211532869363253.0000000000000000000000000000000000000000
-431824937783676.0000000000000000000000000000000000000000
-4603776112109028.0000000000000000000000000000000000000000
-816681745723706.0000000000000000000000000000000000000000
-1556332184314382.5000000000000000000000000000000000000000
312266833401519.7500000000000000000000000000000000000000
800438935656770.2500000000000000000000000000000000000000
1738655019690358.7500000000000000000000000000000000000000
-2994704182938339.5000000000000000000000000000000000000000
-369192791161520.0625000000000000000000000000000000000000
-2268449922292402.5000000000000000000000000000000000000000
188712555150192.7812500000000000000000000000000000000000
3146028364830660.5000000000000000000000000000000000000000
-2325405735747865.0000000000000000000000000000000000000000
-421739639966237.3750000000000000000000000000000000000000
703675945999269.0000000000000000000000000000000000000000
2642264256773739.0000000000000000000000000000000000000000
-251067415283868.0937500000000000000000000000000000000000
-1436993816819547.2500000000000000000000000000000000000000
-1775707577757859.5000000000000000000000000000000000000000
635718397474046.6250000000000000000000000000000000000000
-2511968265695959.5000000000000000000000000000000000000000
-660149126988642.2500000000000000000000000000000000000000
-883156602865715.5000000000000000000000000000000000000000
1887333315733364.7500000000000000000000000000000000000000
275570673345770.4375000000000000000000000000000000000000
-1749890212874487.2500000000000000000000000000000000000000
-1326726819622203.5000000000000000000000000000000000000000
-2360736659253620.0000000000000000000000000000000000000000
1753070165491098.2500000000000000000000000000000000000000
1548198999443836.2500000000000000000000000000000000000000
798300884138745.2500000000000000000000000000000000000000
-1102894776468510.2500000000000000000000000000000000000000
1665676314173848.2500000000000000000000000000000000000000
-2060494087189273.7500000000000000000000000000000000000000
910658755355023.0000000000000000000000000000000000000000
-66060700952280.6328125000000000000000000000000000000000
-2174195221056012.0000000000000000000000000000000000000000
560299463756952.9375000000000000000000000000000000000000
2368656234168071.5000000000000000000000000000000000000000
1011278366601258.5000000000000000000000000000000000000000
-2035266279330608.0000000000000000000000000000000000000000
-627388438013537.3750000000000000000000000000000000000000
-1412503599863663.5000000000000000000000000000000000000000
1701912066505347.5000000000000000000000000000000000000000
-3011628235782587.5000000000000000000000000000000000000000
734223087600258.5000000000000000000000000000000000000000
-1437815562948762.0000000000000000000000000000000000000000
-2967797151678821.5000000000000000000000000000000000000000
1055508987900008.7500000000000000000000000000000000000000
-282363347124590.6875000000000000000000000000000000000000
-614115461107053.3750000000000000000000000000000000000000
5521205984187014.0000000000000000000000000000000000000000
-3670239010893310.5000000000000000000000000000000000000000
-2271160141903047.0000000000000000000000000000000000000000
2553994715604476.5000000000000000000000000000000000000000
89676737795148.9843750000000000000000000000000000000000
619111746915424.2500000000000000000000000000000000000000
-2876089444963725.5000000000000000000000000000000000000000
-186480128633799.3437500000000000000000000000000000000000
634400664223975.1250000000000000000000000000000000000000
2292168536423912.0000000000000000000000000000000000000000
1071146701515115.7500000000000000000000000000000000000000
1670275069328219.5000000000000000000000000000000000000000
2594716693170906.5000000000000000000000000000000000000000
47945264684118.7421875000000000000000000000000000000000
-1452003276054757.5000000000000000000000000000000000000000
2475962233938161.0000000000000000000000000000000000000000
-3658955782513696.0000000000000000000000000000000000000000
-2257863200638809.5000000000000000000000000000000000000000
2077899236987238.0000000000000000000000000000000000000000
2001113055285366.7500000000000000000000000000000000000000
-3509586728006365.5000000000000000000000000000000000000000
137628575078124.1718750000000000000000000000000000000000
5793418195375567.0000000000000000000000000000000000000000
-3914893910549450.0000000000000000000000000000000000000000
-1675011645325957.7500000000000000000000000000000000000000
-3304290265314682.0000000000000000000000000000000000000000
-1215168899999996.5000000000000000000000000000000000000000
-215521721510067.5625000000000000000000000000000000000000
4452616028499499.5000000000000000000000000000000000000000
4088097227643601.0000000000000000000000000000000000000000
-276690990006888.0000000000000000000000000000000000000000
1757402110903078.5000000000000000000000000000000000000000
-67597216174985.9609375000000000000000000000000000000000
1309934396685236.5000000000000000000000000000000000000000
1230088871196403.2500000000000000000000000000000000000000
3475046510433383.5000000000000000000000000000000000000000
-2012217540050029.5000000000000000000000000000000000000000
-1050667653297090.2500000000000000000000000000000000000000
-2149229694518313.7500000000000000000000000000000000000000
375797840303754.3125000000000000000000000000000000000000
-2106217217809643.0000000000000000000000000000000000000000
-1659919125470381.7500000000000000000000000000000000000000
2313346312451308.5000000000000000000000000000000000000000
1735938974903313.2500000000000000000000000000000000000000
-527374820809788.9375000000000000000000000000000000000000
1222898758280436.2500000000000000000000000000000000000000
5044749014856164.0000000000000000000000000000000000000000
4245112452375811.5000000000000000000000000000000000000000
273432787442585.6875000000000000000000000000000000000000
-2280165184315124.0000000000000000000000000000000000000000
939605775750127.2500000000000000000000000000000000000000
579554331510733.7500000000000000000000000000000000000000
-95274384865659.5937500000000000000000000000000000000000
-2177590128534505.7500000000000000000000000000000000000000
2021470022755650.2500000000000000000000000000000000000000
-1623306409338201.2500000000000000000000000000000000000000
-1644219542643103.7500000000000000000000000000000000000000
179426265676649.5000000000000000000000000000000000000000
-3293941858830537.0000000000000000000000000000000000000000
1809486539502527.7500000000000000000000000000000000000000
322312850408345.1875000000000000000000000000000000000000
2855649740771209.5000000000000000000000000000000000000000
-797504089183452.3750000000000000000000000000000000000000
-885960274609226.3750000000000000000000000000000000000000
-1004614083498796.8750000000000000000000000000000000000000
-1716333822681193.7500000000000000000000000000000000000000
-161715542433035.9687500000000000000000000000000000000000
-242692780548875.5937500000000000000000000000000000000000
-1140875157462673.0000000000000000000000000000000000000000
672498999811192.8750000000000000000000000000000000000000
-6123961445374437.0000000000000000000000000000000000000000
2065448843777677.0000000000000000000000000000000000000000
2819728628026171.5000000000000000000000000000000000000000
-4417782521683045.0000000000000000000000000000000000000000
-4248474109593756.0000000000000000000000000000000000000000
1937414952979833.7500000000000000000000000000000000000000
-3997853507106610.5000000000000000000000000000000000000000
1740985588802512.7500000000000000000000000000000000000000
-295005388868306.1250000000000000000000000000000000000000
-175944770506965.7500000000000000000000000000000000000000
171750304578965.5937500000000000000000000000000000000000
1104891620614101.6250000000000000000000000000000000000000
-2338707983031769.0000000000000000000000000000000000000000
2554161692274838.0000000000000000000000000000000000000000
2207550221054046.2500000000000000000000000000000000000000
-1372962039184656.2500000000000000000000000000000000000000
652542116158630.5000000000000000000000000000000000000000
-2335492413221804.5000000000000000000000000000000000000000
-634420345742467.3750000000000000000000000000000000000000
321781299954156.4375000000000000000000000000000000000000
2366124588993385.0000000000000000000000000000000000000000
1084682308796355.3750000000000000000000000000000000000000
370799324744528.5625000000000000000000000000000000000000
6233674183617542.0000000000000000000000000000000000000000
-1720389986870238.2500000000000000000000000000000000000000
-3281830931515658.0000000000000000000000000000000000000000
-1324054529821711.7500000000000000000000000000000000000000
1812702541363339.0000000000000000000000000000000000000000
-722976561507901.0000000000000000000000000000000000000000
1328043155670709.5000000000000000000000000000000000000000
2860030890871091.5000000000000000000000000000000000000000
-199860753124645.5000000000000000000000000000000000000000
-2688344065691531.5000000000000000000000000000000000000000
-2669890278491779.0000000000000000000000000000000000000000
289884822266459.0625000000000000000000000000000000000000
-2109339881690937.0000000000000000000000000000000000000000
-4462404883683240.5000000000000000000000000000000000000000
3684135523604565.5000000000000000000000000000000000000000
-99625523985769.9218750000000000000000000000000000000000
-1397733963998498.2500000000000000000000000000000000000000
-578890890970645.1250000000000000000000000000000000000000
1713190625467972.5000000000000000000000000000000000000000
-1564396831725373.2500000000000000000000000000000000000000
-2973385430288071.0000000000000000000000000000000000000000
1029319407822243.8750000000000000000000000000000000000000
276111995226019.7187500000000000000000000000000000000000
-262466818717491.8750000000000000000000000000000000000000
-2639908280275400.5000000000000000000000000000000000000000
3449193286884946.0000000000000000000000000000000000000000
-333495907284600.2500000000000000000000000000000000000000
1481441455644991.0000000000000000000000000000000000000000
6870330105538.2607421875000000000000000000000000000000
2860033857864255.5000000000000000000000000000000000000000
2082794208042133.2500000000000000000000000000000000000000
433627903703380.6250000000000000000000000000000000000000
-1608465768904350.2500000000000000000000000000000000000000
2176551980478630.2500000000000000000000000000000000000000
-162058652063359.7187500000000000000000000000000000000000
434486167215229.6250000000000000000000000000000000000000
-167761547032491.8437500000000000000000000000000000000000
728259036568525.7500000000000000000000000000000000000000
-1406991884177438.2500000000000000000000000000000000000000
-1450259239368668.5000000000000000000000000000000000000000
-4523352612320777.0000000000000000000000000000000000000000
159581793902443.3750000000000000000000000000000000000000
41684711821509.9843750000000000000000000000000000000000
2397188838542732.0000000000000000000000000000000000000000
-347073532435393.3125000000000000000000000000000000000000
3022296075362468.5000000000000000000000000000000000000000
2475507449672255.0000000000000000000000000000000000000000
2499489022750277.0000000000000000000000000000000000000000
-859533488053654.5000000000000000000000000000000000000000
551917974727015.0625000000000000000000000000000000000000
1695482834114121.5000000000000000000000000000000000000000
708574889978735.2500000000000000000000000000000000000000
734769828001799.7500000000000000000000000000000000000000
741551403955299.6250000000000000000000000000000000000000
-508235675010629.0000000000000000000000000000000000000000
1352833879803056.0000000000000000000000000000000000000000
-2604650038760982.0000000000000000000000000000000000000000
1665726573369411.5000000000000000000000000000000000000000
-3624064316771268.0000000000000000000000000000000000000000
-2206577566277888.2500000000000000000000000000000000000000
418940911801983.1250000000000000000000000000000000000000
-2686529046540015.5000000000000000000000000000000000000000
-3661797631108598.5000000000000000000000000000000000000000
-1585443387238684.2500000000000000000000000000000000000000
3142151796608058.5000000000000000000000000000000000000000
-206193633602146.1562500000000000000000000000000000000000
2903465696505124.5000000000000000000000000000000000000000
1843354731380122.5000000000000000000000000000000000000000
-3056979313641521.0000000000000000000000000000000000000000
-2254047804651795.0000000000000000000000000000000000000000
3896248210262675.0000000000000000000000000000000000000000
1363908130214180.7500000000000000000000000000000000000000
1531348280132239.7500000000000000000000000000000000000000
1840626378813205.5000000000000000000000000000000000000000
1959149462580251.2500000000000000000000000000000000000000
-595845718133403.6250000000000000000000000000000000000000
716896039038328.6250000000000000000000000000000000000000
-1638472795986094.5000000000000000000000000000000000000000
1684749649480407.7500000000000000000000000000000000000000
868828644422449.5000000000000000000000000000000000000000
-682686233787473.7500000000000000000000000000000000000000
3308790458662229.5000000000000000000000000000000000000000
-2610528986282279.0000000000000000000000000000000000000000
-909106976604825.3750000000000000000000000000000000000000
1428440890175513.0000000000000000000000000000000000000000
-3008944397528154.5000000000000000000000000000000000000000
876613556983839.2500000000000000000000000000000000000000
1565763234677672.0000000000000000000000000000000000000000
-2198578203614132.7500000000000000000000000000000000000000
1012322235435396.0000000000000000000000000000000000000000
-2351112310996278.0000000000000000000000000000000000000000
2154434433603766.2500000000000000000000000000000000000000
1034736038730464.1250000000000000000000000000000000000000
-162005605495588.4687500000000000000000000000000000000000
-196898401850503.4375000000000000000000000000000000000000
-571618219032633.2500000000000000000000000000000000000000
-1100060931645455.8750000000000000000000000000000000000000
1080684889094373.7500000000000000000000000000000000000000
-84446945032501.0000000000000000000000000000000000000000
771420022035455.7500000000000000000000000000000000000000
151076480029388.4687500000000000000000000000000000000000
-3738072635675251.0000000000000000000000000000000000000000
-1280161835731964.5000000000000000000000000000000000000000
-952816690195052.6250000000000000000000000000000000000000
3578905520165553.0000000000000000000000000000000000000000
991613965184800.6250000000000000000000000000000000000000
-2123151819433734.2500000000000000000000000000000000000000
465469127343812.8125000000000000000000000000000000000000
-1163235391048526.0000000000000000000000000000000000000000
-204266952334830.8750000000000000000000000000000000000000
-3110911525891490.0000000000000000000000000000000000000000
264947024915702.4062500000000000000000000000000000000000
-3587724079564349.0000000000000000000000000000000000000000
-4984838905821320.0000000000000000000000000000000000000000
1559817606506050.2500000000000000000000000000000000000000
-5208952685154949.0000000000000000000000000000000000000000
2119042716501075.5000000000000000000000000000000000000000
739635787652573.5000000000000000000000000000000000000000
-607667603219796.5000000000000000000000000000000000000000
-811373967803309.6250000000000000000000000000000000000000
2401930188052672.5000000000000000000000000000000000000000
3233717108971885.0000000000000000000000000000000000000000
1138169200240514.0000000000000000000000000000000000000000
-231767175251067.4375000000000000000000000000000000000000
-151256116631837.4687500000000000000000000000000000000000
2137949016327765.7500000000000000000000000000000000000000
-4485108068436326.0000000000000000000000000000000000000000
-1237587455321005.2500000000000000000000000000000000000000
-4667220431443474.0000000000000000000000000000000000000000
54541538302970.2968750000000000000000000000000000000000
2685506999177905.5000000000000000000000000000000000000000
-553396346843818.8125000000000000000000000000000000000000
-882523121893534.8750000000000000000000000000000000000000
-3842478631142216.0000000000000000000000000000000000000000
7833396468895132.0000000000000000000000000000000000000000
1618383985844987.2500000000000000000000000000000000000000
2838333344482811.5000000000000000000000000000000000000000
-153886148619727.7812500000000000000000000000000000000000
1756236173336319.5000000000000000000000000000000000000000
4831134132713304.0000000000000000000000000000000000000000
149742397138543.2187500000000000000000000000000000000000
854625550024812.1250000000000000000000000000000000000000
-1572260337946546.5000000000000000000000000000000000000000
555395063512240.3125000000000000000000000000000000000000
2032521900005435.2500000000000000000000000000000000000000
-1552758604903086.2500000000000000000000000000000000000000
2167877465816397.2500000000000000000000000000000000000000
-1897695545234834.7500000000000000000000000000000000000000
-1425580668608623.0000000000000000000000000000000000000000
-2577881583323197.0000000000000000000000000000000000000000
-2792787573931303.0000000000000000000000000000000000000000
726536650666143.6250000000000000000000000000000000000000
3672796043720930.5000000000000000000000000000000000000000
-431226395150994.2500000000000000000000000000000000000000
1307629083082501.0000000000000000000000000000000000000000
695980267814578.8750000000000000000000000000000000000000
1122403247303443.5000000000000000000000000000000000000000
-3275513288689195.0000000000000000000000000000000000000000
-1114589132591862.0000000000000000000000000000000000000000
5058519785126.9687500000000000000000000000000000000000
2723680671215758.0000000000000000000000000000000000000000
-102216027742523.8437500000000000000000000000000000000000
-4654541362219370.0000000000000000000000000000000000000000
-1272722235790615.0000000000000000000000000000000000000000
1645098383051481.7500000000000000000000000000000000000000
-1025473325229484.2500000000000000000000000000000000000000
1419376596137392.5000000000000000000000000000000000000000
2314907074512059.5000000000000000000000000000000000000000
-1047443306679255.5000000000000000000000000000000000000000
-1967378246854651.0000000000000000000000000000000000000000
270875035382902.5937500000000000000000000000000000000000
-657593682845673.5000000000000000000000000000000000000000
877957810217732.8750000000000000000000000000000000000000
-774914816250543.0000000000000000000000000000000000000000
2603066206543501.0000000000000000000000000000000000000000
-1377362856107833.7500000000000000000000000000000000000000
1921722015354872.0000000000000000000000000000000000000000
2386289741079411.5000000000000000000000000000000000000000
2161313676052839.5000000000000000000000000000000000000000
-875761066253995.0000000000000000000000000000000000000000
-6761945137825929.0000000000000000000000000000000000000000
3717975885777921.5000000000000000000000000000000000000000
-2883184795299968.0000000000000000000000000000000000000000
-3130189463413336.5000000000000000000000000000000000000000
-656670121787055.6250000000000000000000000000000000000000
-1461745304100559.7500000000000000000000000000000000000000
1747927405053779.7500000000000000000000000000000000000000
2935470842833879.5000000000000000000000000000000000000000
734243216846770.1250000000000000000000000000000000000000
2667214349837403.5000000000000000000000000000000000000000
2344655246071833.5000000000000000000000000000000000000000
-1453662051869539.2500000000000000000000000000000000000000
-4724796241040925.0000000000000000000000000000000000000000
-1027680507330572.8750000000000000000000000000000000000000
382333666942715.6875000000000000000000000000000000000000
1064824042320322.1250000000000000000000000000000000000000
2749645716230403.5000000000000000000000000000000000000000
577152941324036.2500000000000000000000000000000000000000
3933333409596394.5000000000000000000000000000000000000000
1029506583496903.5000000000000000000000000000000000000000
1526377586201799.5000000000000000000000000000000000000000
3511356742446539.0000000000000000000000000000000000000000
1933375019325216.2500000000000000000000000000000000000000
-1478225506956688.2500000000000000000000000000000000000000
-224352929968689.5625000000000000000000000000000000000000
2077984864090755.5000000000000000000000000000000000000000
-1565867201230186.7500000000000000000000000000000000000000
-1015209181529742.5000000000000000000000000000000000000000
-2425997020159858.5000000000000000000000000000000000000000
-571975527733066.3750000000000000000000000000000000000000
3165436540570060.5000000000000000000000000000000000000000
-92403889940454.3750000000000000000000000000000000000000
-4146123767281139.5000000000000000000000000000000000000000
-729221574423290.2500000000000000000000000000000000000000
-1120172070053057.7500000000000000000000000000000000000000
-2386111913980531.0000000000000000000000000000000000000000
254936667778611.1250000000000000000000000000000000000000
356929883398814.5000000000000000000000000000000000000000
-65419310495145.2265625000000000000000000000000000000000
3263436051173022.5000000000000000000000000000000000000000
2676084980510974.5000000000000000000000000000000000000000
-4535591670916914.0000000000000000000000000000000000000000
1760600920436953.7500000000000000000000000000000000000000
9135713860790.9707031250000000000000000000000000000000
-2663004694387189.0000000000000000000000000000000000000000
-2162450451958820.0000000000000000000000000000000000000000
-1149240323021624.7500000000000000000000000000000000000000
-1243870544934203.7500000000000000000000000000000000000000
-4817816360234373.0000000000000000000000000000000000000000
-1558297533849914.0000000000000000000000000000000000000000
-3431270600517586.0000000000000000000000000000000000000000
-3355178112641515.0000000000000000000000000000000000000000
383907470433236.8750000000000000000000000000000000000000
-2633916199711622.5000000000000000000000000000000000000000
1755377881650781.2500000000000000000000000000000000000000
812969310114477.3750000000000000000000000000000000000000
-930772712511178.5000000000000000000000000000000000000000
-2309647753154968.0000000000000000000000000000000000000000
2082161993726255.2500000000000000000000000000000000000000
-2580678473015057.0000000000000000000000000000000000000000
1634924861780416.5000000000000000000000000000000000000000
1825776720845548.7500000000000000000000000000000000000000
701725782684378.6250000000000000000000000000000000000000
3967083923321606.0000000000000000000000000000000000000000
3856029169296504.0000000000000000000000000000000000000000
2312312116597218.0000000000000000000000000000000000000000
-1247660395200229.5000000000000000000000000000000000000000
-645899766701949.0000000000000000000000000000000000000000
4507907337130915.0000000000000000000000000000000000000000
669040045876801.2500000000000000000000000000000000000000
-1202034957664314.7500000000000000000000000000000000000000
1730949955286380.0000000000000000000000000000000000000000
-3302128941635984.5000000000000000000000000000000000000000
545128649620576.3125000000000000000000000000000000000000
3605476056180543.5000000000000000000000000000000000000000
1502707596587679.0000000000000000000000000000000000000000
1782820923296265.0000000000000000000000000000000000000000
2091148800715057.0000000000000000000000000000000000000000
-5359030097535285.0000000000000000000000000000000000000000
3166515789460824.5000000000000000000000000000000000000000
1095810205038918.6250000000000000000000000000000000000000
-54792850606012.7500000000000000000000000000000000000000
2447903909306409.5000000000000000000000000000000000000000
1975460167440381.2500000000000000000000000000000000000000
-2230944345430634.5000000000000000000000000000000000000000
-7132971407461309.0000000000000000000000000000000000000000
873950707513461.6250000000000000000000000000000000000000
-1327280620718735.0000000000000000000000000000000000000000
-898703473634958.3750000000000000000000000000000000000000
2537131264848734.0000000000000000000000000000000000000000
-1843244390059962.5000000000000000000000000000000000000000
-3519383785264549.0000000000000000000000000000000000000000
488904958308416.0625000000000000000000000000000000000000
105776613072203.4687500000000000000000000000000000000000
-1345437119540076.0000000000000000000000000000000000000000
3791220631969975.5000000000000000000000000000000000000000
4950796988655204.0000000000000000000000000000000000000000
-2007666524713395.7500000000000000000000000000000000000000
-1800761480609710.7500000000000000000000000000000000000000
1107278372464917.2500000000000000000000000000000000000000
-553631918470208.9375000000000000000000000000000000000000
1629149425114581.5000000000000000000000000000000000000000
2439778046554833.5000000000000000000000000000000000000000
790382443249767.5000000000000000000000000000000000000000
1006716728620965.5000000000000000000000000000000000000000
-1057272089838335.6250000000000000000000000000000000000000
3115924983518254.0000000000000000000000000000000000000000
-2074910098711100.2500000000000000000000000000000000000000
-1874169715669804.7500000000000000000000000000000000000000
-2193385406271173.7500000000000000000000000000000000000000
-805688982132243.2500000000000000000000000000000000000000
1534243514956015.7500000000000000000000000000000000000000
819018861115313.6250000000000000000000000000000000000000
-635574761992944.3750000000000000000000000000000000000000
-2161784343263225.0000000000000000000000000000000000000000
-5128833168118666.0000000000000000000000000000000000000000
5559940228346045.0000000000000000000000000000000000000000
-2906437148031291.5000000000000000000000000000000000000000
479090196214512.9375000000000000000000000000000000000000
-2177280854248721.2500000000000000000000000000000000000000
1332825802610490.7500000000000000000000000000000000000000
6672616036624354.0000000000000000000000000000000000000000
-4121801970254693.5000000000000000000000000000000000000000
-5606359672681783.0000000000000000000000000000000000000000
1908885418091679.5000000000000000000000000000000000000000
-420583442034482.6875000000000000000000000000000000000000
-1511808402867208.5000000000000000000000000000000000000000
-656106881821636.2500000000000000000000000000000000000000
728436777705209.8750000000000000000000000000000000000000
-207529520752031.3437500000000000000000000000000000000000
1518137407098817.2500000000000000000000000000000000000000
3156905542446338.0000000000000000000000000000000000000000
-4232775487505249.5000000000000000000000000000000000000000
-3073336463585762.5000000000000000000000000000000000000000
-1494334301273178.7500000000000000000000000000000000000000
480971342808048.9375000000000000000000000000000000000000
2132487400765366.5000000000000000000000000000000000000000
-2113657367374555.0000000000000000000000000000000000000000
-414819492457346.8750000000000000000000000000000000000000
647047073205690.3750000000000000000000000000000000000000
-652672010912316.5000000000000000000000000000000000000000
1791979015848783.7500000000000000000000000000000000000000
5010929008940640.0000000000000000000000000000000000000000
4301931292685685.0000000000000000000000000000000000000000
-1476786067743549.0000000000000000000000000000000000000000
1980606035159013.7500000000000000000000000000000000000000
899651731122889.1250000000000000000000000000000000000000
1618416942787218.2500000000000000000000000000000000000000
1293401430895963.5000000000000000000000000000000000000000
1090703101303840.1250000000000000000000000000000000000000
-1336596664233051.0000000000000000000000000000000000000000
1959253896223213.5000000000000000000000000000000000000000
-207856624620145.0625000000000000000000000000000000000000
-2448890745138195.5000000000000000000000000000000000000000
-3765234357490598.0000000000000000000000000000000000000000
-3291635067765798.5000000000000000000000000000000000000000
-778670016298662.0000000000000000000000000000000000000000
2718220325386365.5000000000000000000000000000000000000000
-403118983821954.4375000000000000000000000000000000000000
707559705008341.7500000000000000000000000000000000000000
-1662998623349830.0000000000000000000000000000000000000000
45250724785031.4687500000000000000000000000000000000000
-2733346192916197.5000000000000000000000000000000000000000
-2010675601632560.0000000000000000000000000000000000000000
2641298685970644.5000000000000000000000000000000000000000
-213781291575359.1875000000000000000000000000000000000000
-2250155048628240.0000000000000000000000000000000000000000
-162073164172096.6875000000000000000000000000000000000000
2333918671890606.5000000000000000000000000000000000000000
2295319743851987.5000000000000000000000000000000000000000
36430454221824.7890625000000000000000000000000000000000
1380441196536040.7500000000000000000000000000000000000000
-915782646355460.7500000000000000000000000000000000000000
1201821958851694.2500000000000000000000000000000000000000
-509204424410263.5000000000000000000000000000000000000000
2430533590790320.0000000000000000000000000000000000000000
-3390244324390926.5000000000000000000000000000000000000000
