0.3757734483665580160760555372689850628376
-32.5453915864286784653813811019062995910645
750.9380309121848995346226729452610015869141
-7426.1586540218231675680726766586303710937500
36277.5408365133262122981250286102294921875000
-84922.7902184637059690430760383605957031250000
50229.3561458101758034899830818176269531250000
172514.6054786199529189616441726684570312500000
-384368.4816556830191984772682189941406250000000
322404.4131839296896941959857940673828125000000
1535.9492843228197216376429423689842224121094
-432573.0842740329098887741565704345703125000000
-13517.9351122560256044380366802215576171875000
936995.3192977621220052242279052734375000000000
409700.5247120386338792741298675537109375000000
-1034905.3558943379903212189674377441406250000000
-1476393.5691548248287290334701538085937500000000
521078.1305327059817500412464141845703125000000
2145944.8881261968053877353668212890625000000000
-1622219.4824592820368707180023193359375000000000
630859.7673488911241292953491210937500000000000
146272.3028165492869447916746139526367187500000
1181426.8007307755760848522186279296875000000000
-835722.3803911840077489614486694335937500000000
-1906131.6499179345555603504180908203125000000000
970869.6130421191919595003128051757812500000000
741868.2772536349948495626449584960937500000000
-824449.1640569780720397830009460449218750000000
294406.9672137813176959753036499023437500000000
-311546.5140427493606694042682647705078125000000
-838957.8116470421664416790008544921875000000000
-50798.3782079488446470350027084350585937500000
382334.2074298427905887365341186523437500000000
73917.4549916558898985385894775390625000000000
1655292.4488582045305520296096801757812500000000
-162580.5888072530506178736686706542968750000000
1642650.4408732736483216285705566406250000000000
-393700.5648350966512225568294525146484375000000
530023.0851031257770955562591552734375000000000
-1879681.3607626084703952074050903320312500000000
792995.1708074654452502727508544921875000000000
-3109860.7464789086952805519104003906250000000000
773455.7915934160118922591209411621093750000000
1300213.2012410964816808700561523437500000000000
-1120340.7952802211511880159378051757812500000000
306250.6169476284412667155265808105468750000000
-1046593.2440251657972112298011779785156250000000
-2947240.5091145467013120651245117187500000000000
2850365.7651447928510606288909912109375000000000
39953.1649428828241070732474327087402343750000
413916.9437548014684580266475677490234375000000
1420595.3481902834028005599975585937500000000000
3051639.5731739187613129615783691406250000000000
122832.5590739578619832172989845275878906250000
-1724406.9227209715172648429870605468750000000000
-159248.8044820684881415218114852905273437500000
2418010.5447378177195787429809570312500000000000
-6256290.0959123857319355010986328125000000000000
-1765264.8804129168856889009475708007812500000000
-2053173.7146561234258115291595458984375000000000
6861112.1444159438833594322204589843750000000000
-8705528.6331836320459842681884765625000000000000
2922049.2481795120984315872192382812500000000000
5100952.0874959202483296394348144531250000000000
6487653.2379363179206848144531250000000000000000
-3278684.0115086738951504230499267578125000000000
4810659.8126319702714681625366210937500000000000
-1084885.1803065270651131868362426757812500000000
2621997.8961528311483561992645263671875000000000
-5061602.6892583742737770080566406250000000000000
-1161491.2928179705049842596054077148437500000000
-2583050.4186735763214528560638427734375000000000
-1804439.8923696279525756835937500000000000000000
-5346765.7797589926049113273620605468750000000000
-742436.5793994070263579487800598144531250000000
1111006.9429082404822111129760742187500000000000
5499622.3447534907609224319458007812500000000000
-5106637.3876590058207511901855468750000000000000
7915748.4872064106166362762451171875000000000000
6753039.9569657733663916587829589843750000000000
-3540746.0220981757156550884246826171875000000000
-2157464.2778524756431579589843750000000000000000
-429243.2488521966733969748020172119140625000000
-7531489.4677061801776289939880371093750000000000
910688.1616184957092627882957458496093750000000
-934835.0395414247177541255950927734375000000000
-3534040.1076227724552154541015625000000000000000
-2757021.9241340779699385166168212890625000000000
-67514.5330877296219114214181900024414062500000
-440572.1990622714511118829250335693359375000000
5951364.1024982426315546035766601562500000000000
5347725.7900217017158865928649902343750000000000
-7996355.4596609231084585189819335937500000000000
5371457.9064961262047290802001953125000000000000
5085328.4124542586505413055419921875000000000000
-13714632.4950348418205976486206054687500000000000
2799205.1301046088337898254394531250000000000000
2881711.3621655753813683986663818359375000000000
6377538.2303361976519227027893066406250000000000
16278064.2238772474229335784912109375000000000000
3875277.4649227838963270187377929687500000000000
-5430143.9360025934875011444091796875000000000000
-2705281.7791389119811356067657470703125000000000
-1801069.3694639096502214670181274414062500000000
4117661.3272627792321145534515380859375000000000
-17139870.0151058211922645568847656250000000000000
3664134.1738380342721939086914062500000000000000
-1036340.7205449169268831610679626464843750000000
-3194874.8357074777595698833465576171875000000000
10568326.7948189731687307357788085937500000000000
1539162.1319722426123917102813720703125000000000
2905673.3208154975436627864837646484375000000000
-1374616.0653334592934697866439819335937500000000
-10219836.4903647527098655700683593750000000000000
-7522917.8683870630338788032531738281250000000000
10105196.6931222360581159591674804687500000000000
4211756.0556485662236809730529785156250000000000
-194473.6463815165334381163120269775390625000000
-4027614.4078813786618411540985107421875000000000
-4532919.2068828353658318519592285156250000000000
3442363.1059498670510947704315185546875000000000
2697037.8931395015679299831390380859375000000000
-401340.9459640006534755229949951171875000000000
62187.9692146229863283224403858184814453125000
-998546.7583892378024756908416748046875000000000
-801352.9331731155980378389358520507812500000000
-9818931.5980674792081117630004882812500000000000
-8506991.7807167246937751770019531250000000000000
-13929313.1770258266478776931762695312500000000000
3034418.6617944245226681232452392578125000000000
9194186.7184075042605400085449218750000000000000
-442764.4671374985482543706893920898437500000000
-11426009.9042213223874568939208984375000000000000
6380218.3664316488429903984069824218750000000000
-1245588.8891373677179217338562011718750000000000
-2163432.6928627165034413337707519531250000000000
9944154.2573822010308504104614257812500000000000
2923325.6079987417906522750854492187500000000000
11017254.4786097258329391479492187500000000000000
11056509.6274093110114336013793945312500000000000
-1259249.7903159533161669969558715820312500000000
-6884177.2282260777428746223449707031250000000000
6436747.0332419769838452339172363281250000000000
-1753017.4661470963619649410247802734375000000000
-3202364.7117582689970731735229492187500000000000
-7864027.8961896076798439025878906250000000000000
16721175.3697264865040779113769531250000000000000
5063528.8136091809719800949096679687500000000000
-6415878.9276430997997522354125976562500000000000
12358348.4937477633357048034667968750000000000000
-8356226.7191207576543092727661132812500000000000
-1778402.6743025234900414943695068359375000000000
-17207832.7797771729528903961181640625000000000000
12912018.3972830101847648620605468750000000000000
1786181.2209878396242856979370117187500000000000
5561487.6317201703786849975585937500000000000000
7825749.3719822876155376434326171875000000000000
605468.1930889313807711005210876464843750000000
2662119.4450833760201930999755859375000000000000
-11613848.5455214660614728927612304687500000000000
5558533.8027297686785459518432617187500000000000
6762704.4271263759583234786987304687500000000000
-11524532.5123182050883769989013671875000000000000
-16402171.7888712566345930099487304687500000000000
-7293696.0216762879863381385803222656250000000000
-1444360.2763195117004215717315673828125000000000
-2899182.2959515000693500041961669921875000000000
1380652.8405496678315103054046630859375000000000
-1263856.2319632780272513628005981445312500000000
-4766289.9444456268101930618286132812500000000000
9743695.4945128262042999267578125000000000000000
1008978.8240297036245465278625488281250000000000
-7474364.3291091956198215484619140625000000000000
9691947.3405887130647897720336914062500000000000
13075281.1893140338361263275146484375000000000000
2191177.5381342885084450244903564453125000000000
-7294807.2702446915209293365478515625000000000000
-2671509.4303081971593201160430908203125000000000
9038785.6363436542451381683349609375000000000000
5463640.7625651955604553222656250000000000000000
-14875627.0859479270875453948974609375000000000000
-2701621.9069928606040775775909423828125000000000
2611894.4437975902110338211059570312500000000000
-13076369.5194661356508731842041015625000000000000
-5513922.4351826431229710578918457031250000000000
5132769.9531905865296721458435058593750000000000
9105793.3368527311831712722778320312500000000000
-6796383.7490267837420105934143066406250000000000
1395673.9665181573946028947830200195312500000000
-6208807.7499112514778971672058105468750000000000
-5639567.7777485763654112815856933593750000000000
3385381.8452523862943053245544433593750000000000
-1451444.8765123703051358461380004882812500000000
-3155198.5277189030312001705169677734375000000000
1387691.3884875460062175989151000976562500000000
13274709.7556105554103851318359375000000000000000
5590538.7309125987812876701354980468750000000000
5323879.6010819301009178161621093750000000000000
-840848.0783628949429839849472045898437500000000
-5873027.3278500540181994438171386718750000000000
5276419.9319880288094282150268554687500000000000
-4218623.8783784992992877960205078125000000000000
11286237.8689250349998474121093750000000000000000
12392182.0117537211626768112182617187500000000000
3462956.6526929587125778198242187500000000000000
134227.2745297614310402423143386840820312500000
-10611170.6336840707808732986450195312500000000000
-1962031.7803710896987468004226684570312500000000
2752390.2233665189705789089202880859375000000000
-9695118.3814002759754657745361328125000000000000
-8494434.8593465704470872879028320312500000000000
3200708.5823529511690139770507812500000000000000
1746757.5251094941049814224243164062500000000000
7244128.0151052251458168029785156250000000000000
-8193098.9272350911051034927368164062500000000000
8876078.8993321321904659271240234375000000000000
4006942.9966547675430774688720703125000000000000
-146622.8916804741311352699995040893554687500000
5446959.6275052996352314949035644531250000000000
-1081194.0445955260656774044036865234375000000000
2519807.1452751727774739265441894531250000000000
-6195947.8677277751266956329345703125000000000000
-15517312.5946689322590827941894531250000000000000
-3976872.1538417530246078968048095703125000000000
-8294779.6101012704893946647644042968750000000000
-2002791.2802685664501041173934936523437500000000
2283568.6162189296446740627288818359375000000000
2585050.4985765200108289718627929687500000000000
9993337.4998525921255350112915039062500000000000
-4805859.6131121786311268806457519531250000000000
-2939127.1802681665867567062377929687500000000000
-4316338.8238176424056291580200195312500000000000
4462203.2550263581797480583190917968750000000000
4478590.5650863070040941238403320312500000000000
3604416.2663179025985300540924072265625000000000
894190.7957958105253055691719055175781250000000
2972613.8312089783139526844024658203125000000000
-13530994.8730085566639900207519531250000000000000
5967735.1288725538179278373718261718750000000000
-8873038.2049798034131526947021484375000000000000
-8082535.0785787887871265411376953125000000000000
1486235.2783547607250511646270751953125000000000
12064047.6563979089260101318359375000000000000000
8687770.7320113573223352432250976562500000000000
-2404141.2640728903934359550476074218750000000000
-281084.0375726176425814628601074218750000000000
2547964.7503392966464161872863769531250000000000
10989063.9229327607899904251098632812500000000000
8417228.7034763414412736892700195312500000000000
-9477188.7147068977355957031250000000000000000000
-2678479.2727370900101959705352783203125000000000
739237.3837904493557289242744445800781250000000
-6983022.5086060836911201477050781250000000000000
4235909.9738399041816592216491699218750000000000
451809.3866488831117749214172363281250000000000
-17088299.3412814773619174957275390625000000000000
-1815763.2656788758467882871627807617187500000000
-7007269.5617827083915472030639648437500000000000
5548167.5842961389571428298950195312500000000000
-5300700.3156460663303732872009277343750000000000
-10724819.0852076727896928787231445312500000000000
6869908.3953115260228514671325683593750000000000
6377000.8384552849456667900085449218750000000000
-2345795.5624770121648907661437988281250000000000
518181.5562891217414289712905883789062500000000
7842438.1675409413874149322509765625000000000000
-10765086.5345376264303922653198242187500000000000
7916368.5926903467625379562377929687500000000000
-6522571.0325236786156892776489257812500000000000
-8302086.6714090844616293907165527343750000000000
16843062.1733847111463546752929687500000000000000
5953106.1548865875229239463806152343750000000000
-1589818.7886237027123570442199707031250000000000
14913989.2502312604337930679321289062500000000000
4166029.0540442415513098239898681640625000000000
6180816.1165500180795788764953613281250000000000
1333470.7685905734542757272720336914062500000000
-7006009.5886954674497246742248535156250000000000
9948768.2914966400712728500366210937500000000000
4407916.5041800159960985183715820312500000000000
8812543.6432805228978395462036132812500000000000
8061971.4140494279563426971435546875000000000000
-3397739.9568378278054296970367431640625000000000
5062093.3165841531008481979370117187500000000000
11422417.4060538187623023986816406250000000000000
-5990422.6094591403380036354064941406250000000000
2596911.5181183060631155967712402343750000000000
-21082757.7855434603989124298095703125000000000000
-8273038.0758056361228227615356445312500000000000
-10358528.5167386010289192199707031250000000000000
-9088465.2175250481814146041870117187500000000000
3652704.3839804725721478462219238281250000000000
-7484462.7935260385274887084960937500000000000000
1370565.3170352214947342872619628906250000000000
-1965551.1249663694761693477630615234375000000000
-3421736.5785278799012303352355957031250000000000
-14083360.9789424408227205276489257812500000000000
-3345893.6690285750664770603179931640625000000000
4905730.6260129949077963829040527343750000000000
6481667.4990256885066628456115722656250000000000
2844703.4097967445850372314453125000000000000000
574906.6053839239757508039474487304687500000000
-2393357.6874047298915684223175048828125000000000
-9504807.1486682407557964324951171875000000000000
5737778.1342321615666151046752929687500000000000
5865041.7652971763163805007934570312500000000000
-3298233.1975382464006543159484863281250000000000
4646336.0322707816958427429199218750000000000000
2484511.0636324197985231876373291015625000000000
-2254709.6308147246018052101135253906250000000000
-1080635.2534077307209372520446777343750000000000
2267962.0766388820484280586242675781250000000000
3256185.3658499708399176597595214843750000000000
-5867057.6605529207736253738403320312500000000000
3518004.7498272699303925037384033203125000000000
-1776305.5388381171505898237228393554687500000000
-16818686.9276124760508537292480468750000000000000
8709430.9167754035443067550659179687500000000000
6132413.7873012823984026908874511718750000000000
391367.1332903204020112752914428710937500000000
4965202.3694101972505450248718261718750000000000
-9241685.6824077628552913665771484375000000000000
-13404396.4605861064046621322631835937500000000000
3223647.9641556516289710998535156250000000000000
964790.8060520520666614174842834472656250000000
2152890.6696600415743887424468994140625000000000
6520295.0729923555627465248107910156250000000000
5353379.8046302963048219680786132812500000000000
4993301.4418530724942684173583984375000000000000
-2681183.1395074804313480854034423828125000000000
1778411.8170876924414187669754028320312500000000
841554.7571279564872384071350097656250000000000
-3396416.4118464277125895023345947265625000000000
1609311.4838265459984540939331054687500000000000
-8150579.9073985433205962181091308593750000000000
-2947150.6400132151320576667785644531250000000000
-1057038.0315333316102623939514160156250000000000
10278316.9197443760931491851806640625000000000000
-4172543.6137417675927281379699707031250000000000
-5532276.5042188037186861038208007812500000000000
-3890484.3331065443344414234161376953125000000000
-1366277.9499411350116133689880371093750000000000
-1043852.2291370367165654897689819335937500000000
-1956668.7032978036440908908843994140625000000000
5286701.5950007960200309753417968750000000000000
9580409.8652409352362155914306640625000000000000
-5942426.1351437605917453765869140625000000000000
6546563.2586491284891963005065917968750000000000
1416165.9387086154893040657043457031250000000000
2247171.1049479860812425613403320312500000000000
3664778.1523213419131934642791748046875000000000
1388622.0074480944313108921051025390625000000000
3960202.1265862202271819114685058593750000000000
-2213450.8372290027327835559844970703125000000000
4318722.5768012395128607749938964843750000000000
-908316.8241173123242333531379699707031250000000
894050.0255765940528362989425659179687500000000
2600355.2996516907587647438049316406250000000000
-1693999.9406723878346383571624755859375000000000
-2160182.2099405461922287940979003906250000000000
2763672.1615719315595924854278564453125000000000
1805571.2356645145919173955917358398437500000000
5751014.9618308600038290023803710937500000000000
2434769.1094891489483416080474853515625000000000
-983406.4796380900079384446144104003906250000000
-11634188.9262621458619832992553710937500000000000
-3811510.5734114861115813255310058593750000000000
11492977.7212428580969572067260742187500000000000
1607248.8584814795758575201034545898437500000000
8033884.8483500583097338676452636718750000000000
-13443597.7763694692403078079223632812500000000000
-2647656.7175841862335801124572753906250000000000
7956052.5502631058916449546813964843750000000000
-986381.9333110282896086573600769042968750000000
-7245449.9457773845642805099487304687500000000000
7590292.7924960702657699584960937500000000000000
7439403.9848572229966521263122558593750000000000
-12250423.9448364339768886566162109375000000000000
4741643.4095956431701779365539550781250000000000
5228443.3376935059204697608947753906250000000000
-5042574.1883695339784026145935058593750000000000
-17178151.9557112082839012145996093750000000000000
-1403688.8173543070442974567413330078125000000000
-12577230.2805096209049224853515625000000000000000
4488902.0073505053296685218811035156250000000000
-5546993.2509816093370318412780761718750000000000
7370850.8475479809567332267761230468750000000000
1273940.0425723274238407611846923828125000000000
2266475.5783931906335055828094482421875000000000
4682576.5849186563864350318908691406250000000000
-7028859.2267436403781175613403320312500000000000
12804527.1824867557734251022338867187500000000000
10036267.5940000843256711959838867187500000000000
-5028818.9908218458294868469238281250000000000000
2014115.6853118811268359422683715820312500000000
2286541.2622718741185963153839111328125000000000
315485.3868706295033916831016540527343750000000
-2894737.1707284818403422832489013671875000000000
-1852637.2346226319205015897750854492187500000000
-2766228.1169838430359959602355957031250000000000
-4790828.4271924803033471107482910156250000000000
-1749054.3773905211128294467926025390625000000000
-1887012.5831565589178353548049926757812500000000
-14181621.8905710261315107345581054687500000000000
6248565.5806934116408228874206542968750000000000
5720341.5163293546065688133239746093750000000000
-5447210.8631054386496543884277343750000000000000
2024668.6800002881791442632675170898437500000000
-1251542.3275978497695177793502807617187500000000
1594945.8199794122483581304550170898437500000000
548294.5344234107760712504386901855468750000000
-10699260.8442179299890995025634765625000000000000
-8585395.0790408179163932800292968750000000000000
6932425.9666809290647506713867187500000000000000
-13561974.4083421975374221801757812500000000000000
-4394995.8386344918981194496154785156250000000000
5608856.7282666703686118125915527343750000000000
7024734.0835793474689126014709472656250000000000
20713698.6522178463637828826904296875000000000000
3386629.4917247719131410121917724609375000000000
-5245264.4701639004051685333251953125000000000000
-129809.7455347213253844529390335083007812500000
21615.8983139186748303472995758056640625000000
-7128704.4005014067515730857849121093750000000000
4900238.9029768006876111030578613281250000000000
3263486.4082280560396611690521240234375000000000
-1454319.8650398845784366130828857421875000000000
6003771.2862604083493351936340332031250000000000
863278.1469757651211693882942199707031250000000
7305736.1556034917011857032775878906250000000000
-8270990.7648623334243893623352050781250000000000
16921710.0134810656309127807617187500000000000000
-10284524.4896193947643041610717773437500000000000
671371.5822593282209709286689758300781250000000
-694157.3798893181374296545982360839843750000000
856457.6348647641716524958610534667968750000000
1111280.4612279874272644519805908203125000000000
-4472395.8213083622977137565612792968750000000000
6646920.6864254595711827278137207031250000000000
-6815789.2723243497312068939208984375000000000000
-2005874.4298731642775237560272216796875000000000
7199721.6852214252576231956481933593750000000000
-5132571.0000456459820270538330078125000000000000
-1815970.5257461473811417818069458007812500000000
-1699691.7939605577848851680755615234375000000000
246832.3977081597549840807914733886718750000000
-9348208.5395688805729150772094726562500000000000
-4951700.0011026933789253234863281250000000000000
3196970.9980648006312549114227294921875000000000
-191065.8251627707504667341709136962890625000000
201540.2209208150743506848812103271484375000000
2897519.9016194920986890792846679687500000000000
3006403.2328363703563809394836425781250000000000
2620344.3797944071702659130096435546875000000000
9660864.9482833575457334518432617187500000000000
4752549.3325892603024840354919433593750000000000
-6996779.7065416136756539344787597656250000000000
-2291147.9157023308798670768737792968750000000000
3825055.6362153682857751846313476562500000000000
8647767.1723219528794288635253906250000000000000
4051356.6124298162758350372314453125000000000000
-3794379.3362660799175500869750976562500000000000
-1059483.7521075138356536626815795898437500000000
-6761000.3571791509166359901428222656250000000000
-6998102.4719847077503800392150878906250000000000
-6216296.2798702372238039970397949218750000000000
-3988092.7920059403404593467712402343750000000000
8503386.2391119394451379776000976562500000000000
-1957729.1475622446741908788681030273437500000000
-5589888.1764336600899696350097656250000000000000
4697333.9824321856722235679626464843750000000000
-6603414.4215702470391988754272460937500000000000
-2172084.9261970757506787776947021484375000000000
4072277.3602114147506654262542724609375000000000
-600573.5414622044190764427185058593750000000000
7895181.2114184768870472908020019531250000000000
