-0.3548663718484052487234237105440115556121
63.8397082843591192613530438393354415893555
-2489.7002135542411451751831918954849243164062
39444.3431446944741765037178993225097656250000
-317004.3899401926319114863872528076171875000000
1409129.8767992611974477767944335937500000000000
-3447665.1328349234536290168762207031250000000000
3895900.3647067402489483356475830078125000000000
276032.8923321114853024482727050781250000000000
-4235299.1941363429650664329528808593750000000000
1750257.9427049814257770776748657226562500000000
-1817932.1155442362651228904724121093750000000000
6282093.0526055432856082916259765625000000000000
2666199.9343789769336581230163574218750000000000
-8856648.7196061145514249801635742187500000000000
-10137203.0493663866072893142700195312500000000000
15427286.7826548442244529724121093750000000000000
423330.4813735557254403829574584960937500000000
1322644.3726155797485262155532836914062500000000
-10805524.3039438631385564804077148437500000000000
20050920.5038483664393424987792968750000000000000
-19562391.0138459391891956329345703125000000000000
5418485.1608641641214489936828613281250000000000
5697370.4614132307469844818115234375000000000000
-20531968.3453023545444011688232421875000000000000
-13872920.9701317157596349716186523437500000000000
35598528.1005133539438247680664062500000000000000
13106086.0576104205101728439331054687500000000000
-5253727.3319985549896955490112304687500000000000
-11453457.9770458880811929702758789062500000000000
475235.9277319046086631715297698974609375000000
-5887024.6962664760649204254150390625000000000000
22167809.6704905256628990173339843750000000000000
-312964.6995379191357642412185668945312500000000
-19371198.6293391361832618713378906250000000000000
-40881147.3762229681015014648437500000000000000000
-13649270.7658617291599512100219726562500000000000
62019983.7833535224199295043945312500000000000000
11529199.7265318483114242553710937500000000000000
-37508148.1164520531892776489257812500000000000000
-12280861.7019479889422655105590820312500000000000
23996273.9751848243176937103271484375000000000000
18977929.1135523356497287750244140625000000000000
-240091.7708820324332918971776962280273437500000
-8553377.0795221962034702301025390625000000000000
8723726.0517267156392335891723632812500000000000
9843638.5047386083751916885375976562500000000000
17415200.0166195407509803771972656250000000000000
3936890.3471404192969202995300292968750000000000
718961.2638986428501084446907043457031250000000
-6790400.4284442467615008354187011718750000000000
-11296683.9030582550913095474243164062500000000000
-30817586.9341031238436698913574218750000000000000
12918738.3441972918808460235595703125000000000000
7489944.4668008964508771896362304687500000000000
5960156.4391063814982771873474121093750000000000
-116133379.0025730282068252563476562500000000000000
60322978.5767794623970985412597656250000000000000
-137827372.0051180422306060791015625000000000000000
9188873.3758086878806352615356445312500000000000
110569235.7593131363391876220703125000000000000000
18480960.7424082681536674499511718750000000000000
-92392604.9442868232727050781250000000000000000000
-16938059.8646940924227237701416015625000000000000
71406184.6305990666151046752929687500000000000000
109832984.3287697285413742065429687500000000000000
81497388.8316366821527481079101562500000000000000
132207239.7624951004981994628906250000000000000000
-9709710.0548723544925451278686523437500000000000
7188058.3598384708166122436523437500000000000000
16942656.2880533412098884582519531250000000000000
-44887202.5288396626710891723632812500000000000000
-217607177.0376094281673431396484375000000000000000
-28606437.5686637572944164276123046875000000000000
-134643674.3501996397972106933593750000000000000000
-36810317.5516705736517906188964843750000000000000
57600189.5642444416880607604980468750000000000000
25477104.5675597153604030609130859375000000000000
107517392.9391401857137680053710937500000000000000
60852039.6844467073678970336914062500000000000000
1833306.5846895524300634860992431640625000000000
44477573.8965060189366340637207031250000000000000
-47732048.2081603929400444030761718750000000000000
22659170.1958669573068618774414062500000000000000
-120113110.7186512351036071777343750000000000000000
-2270750.4908020393922924995422363281250000000000
17644345.4887113310396671295166015625000000000000
-100709227.3643494397401809692382812500000000000000
-21580261.2585222870111465454101562500000000000000
-16180252.4382530078291893005371093750000000000000
-37240484.6398458704352378845214843750000000000000
10937046.8544404115527868270874023437500000000000
48295151.1575718298554420471191406250000000000000
17496876.3324057199060916900634765625000000000000
10745123.6230754852294921875000000000000000000000
-734470.5024164321366697549819946289062500000000
54841910.1236032098531723022460937500000000000000
151271263.6891463994979858398437500000000000000000
-79555851.7422116398811340332031250000000000000000
39855167.9866746142506599426269531250000000000000
51296166.0447578504681587219238281250000000000000
45124499.0753085613250732421875000000000000000000
16766617.0115934032946825027465820312500000000000
-136814324.0821333825588226318359375000000000000000
-26491789.8337350040674209594726562500000000000000
155753110.9092467129230499267578125000000000000000
-3281011.2502197246067225933074951171875000000000
-79756454.1373778432607650756835937500000000000000
62013525.7314769178628921508789062500000000000000
56140398.2470003589987754821777343750000000000000
84825498.3417858332395553588867187500000000000000
16753204.5573252066969871520996093750000000000000
67384354.8945666849613189697265625000000000000000
-105321890.3392727226018905639648437500000000000000
-120217739.2366860359907150268554687500000000000000
-53417410.5820895880460739135742187500000000000000
-56305240.4632133468985557556152343750000000000000
21063915.5700274668633937835693359375000000000000
36707709.2949920892715454101562500000000000000000
-75398628.0891767293214797973632812500000000000000
9246524.3838068954646587371826171875000000000000
37718977.9068458527326583862304687500000000000000
-150283180.3789749741554260253906250000000000000000
-28435563.4074002653360366821289062500000000000000
-41395658.1530029997229576110839843750000000000000
29755218.2668541707098484039306640625000000000000
-95626775.8795306384563446044921875000000000000000
-85139479.1384917199611663818359375000000000000000
-17904032.7048123255372047424316406250000000000000
-57026117.9372943267226219177246093750000000000000
-153454028.9834345579147338867187500000000000000000
-6637879.5524623692035675048828125000000000000000
106209190.0120142847299575805664062500000000000000
61190808.6836803853511810302734375000000000000000
209700619.5731879174709320068359375000000000000000
5439568.4722056426107883453369140625000000000000
171347591.4240504205226898193359375000000000000000
204990413.2138108909130096435546875000000000000000
7281420.1030148873105645179748535156250000000000
-67856414.5192229598760604858398437500000000000000
20629868.7866819128394126892089843750000000000000
45184162.5730801373720169067382812500000000000000
-41640429.0811644420027732849121093750000000000000
-10262195.8427169155329465866088867187500000000000
-91104023.9411499351263046264648437500000000000000
-65966135.1704014539718627929687500000000000000000
5124365.4517407920211553573608398437500000000000
92404358.8663785159587860107421875000000000000000
-62155248.9199260547757148742675781250000000000000
-118036525.4987107217311859130859375000000000000000
-33750161.8449939712882041931152343750000000000000
-148474904.6861099004745483398437500000000000000000
154817677.4874594509601593017578125000000000000000
188959715.6396958827972412109375000000000000000000
53739078.2431034371256828308105468750000000000000
33740803.6798386871814727783203125000000000000000
138370884.5354769825935363769531250000000000000000
2393489.8538779341615736484527587890625000000000
1864737.4975906668696552515029907226562500000000
-39093945.6425939574837684631347656250000000000000
55980338.5505263879895210266113281250000000000000
64408184.9115747064352035522460937500000000000000
1482387.7925798012875020503997802734375000000000
-78062082.1872425675392150878906250000000000000000
-47299260.6858994364738464355468750000000000000000
-20961387.5126923136413097381591796875000000000000
34675305.2305074110627174377441406250000000000000
-53901354.3332056030631065368652343750000000000000
-140734490.3224724829196929931640625000000000000000
-150399857.5954503118991851806640625000000000000000
-127530426.8165638446807861328125000000000000000000
-20529388.3737089559435844421386718750000000000000
56960368.3291694968938827514648437500000000000000
84314222.0786818265914916992187500000000000000000
-59149729.4644798934459686279296875000000000000000
-35870640.0419833883643150329589843750000000000000
1144454.7881411034613847732543945312500000000000
-59496137.9708698317408561706542968750000000000000
2377278.7774332482367753982543945312500000000000
-61191009.5947134941816329956054687500000000000000
453096.8336356393992900848388671875000000000000
-92877697.6020402461290359497070312500000000000000
-7053390.5545406714081764221191406250000000000000
103990950.2385656982660293579101562500000000000000
42432752.9041241556406021118164062500000000000000
78280218.0711843222379684448242187500000000000000
81884807.2613229304552078247070312500000000000000
-73915209.2485072314739227294921875000000000000000
13163036.7715568449348211288452148437500000000000
-931099.5460555065656080842018127441406250000000
121261637.2848745882511138916015625000000000000000
248947930.7736606001853942871093750000000000000000
-39669296.6469942107796669006347656250000000000000
-33508659.8888802677392959594726562500000000000000
-178870483.4482825100421905517578125000000000000000
55879106.6303217709064483642578125000000000000000
140007775.0161558389663696289062500000000000000000
-77321678.4093715846538543701171875000000000000000
-72611056.6793796420097351074218750000000000000000
-2271016.0203490923158824443817138671875000000000
-15522193.2492796089500188827514648437500000000000
-16358012.9022280387580394744873046875000000000000
-129087489.8553371131420135498046875000000000000000
-24703511.2364291697740554809570312500000000000000
89673358.5814135372638702392578125000000000000000
23727578.5471743084490299224853515625000000000000
-71067443.3963911980390548706054687500000000000000
18021344.3263806439936161041259765625000000000000
83447828.6774119883775711059570312500000000000000
-14854307.7526712119579315185546875000000000000000
4693257.6739650238305330276489257812500000000000
119425638.7895064800977706909179687500000000000000
5326945.1641003554686903953552246093750000000000
12393041.4480890240520238876342773437500000000000
69166149.6454163044691085815429687500000000000000
64287101.9008008763194084167480468750000000000000
-13879676.6741358004510402679443359375000000000000
-46458201.8034138083457946777343750000000000000000
-70277685.8393590450286865234375000000000000000000
19466296.7788749672472476959228515625000000000000
-23537458.1309980303049087524414062500000000000000
89512248.8446426540613174438476562500000000000000
40420682.0108209550380706787109375000000000000000
10126188.0258163828402757644653320312500000000000
-87663334.5075306296348571777343750000000000000000
-107232430.6572742313146591186523437500000000000000
57126127.8873602524399757385253906250000000000000
40930817.9068741276860237121582031250000000000000
7745637.1241683885455131530761718750000000000000
-103217692.1145660132169723510742187500000000000000
13070979.3047563880681991577148437500000000000000
-91833483.7237536758184432983398437500000000000000
-10936402.2557502705603837966918945312500000000000
138682274.7846508920192718505859375000000000000000
-78221367.2110619843006134033203125000000000000000
-170199323.7198554575443267822265625000000000000000
7591035.7812554519623517990112304687500000000000
51499628.0785031914710998535156250000000000000000
-209317964.9110994637012481689453125000000000000000
-140794136.9798990488052368164062500000000000000000
12768868.2282134387642145156860351562500000000000
-180825276.2552640736103057861328125000000000000000
-71356157.9063502848148345947265625000000000000000
161634376.9628505706787109375000000000000000000000
77773955.8444354683160781860351562500000000000000
-63790476.4583308175206184387207031250000000000000
79082409.5899676084518432617187500000000000000000
-45754598.5093634724617004394531250000000000000000
145293086.7895936071872711181640625000000000000000
68870523.1754810363054275512695312500000000000000
108479725.6204653531312942504882812500000000000000
129384128.3016058057546615600585937500000000000000
-29270634.0826059430837631225585937500000000000000
54986952.5859683826565742492675781250000000000000
54756343.5462077632546424865722656250000000000000
124010432.0206049084663391113281250000000000000000
67397471.5189849883317947387695312500000000000000
-50091774.8983159288763999938964843750000000000000
62052933.4782916903495788574218750000000000000000
175566357.1581072509288787841796875000000000000000
-135690684.5543904602527618408203125000000000000000
9723139.1076772268861532211303710937500000000000
-2026447.9209681272041052579879760742187500000000
8508609.4089001193642616271972656250000000000000
43846350.4656211510300636291503906250000000000000
-50658854.6194566711783409118652343750000000000000
-117247912.7234375476837158203125000000000000000000
-52533693.9631698578596115112304687500000000000000
124599290.9238642752170562744140625000000000000000
126452255.9110458791255950927734375000000000000000
-204990888.7767655849456787109375000000000000000000
-21226934.8132083415985107421875000000000000000000
-92728437.2951965928077697753906250000000000000000
-23647349.9379956983029842376708984375000000000000
125316654.8982994556427001953125000000000000000000
-29508635.7016694173216819763183593750000000000000
-12536933.4831364378333091735839843750000000000000
91028427.1300511211156845092773437500000000000000
-127078398.6744208335876464843750000000000000000000
-61481626.3037891015410423278808593750000000000000
42540016.9755850136280059814453125000000000000000
24002739.3572349511086940765380859375000000000000
158710481.2962165772914886474609375000000000000000
-26326052.7011462301015853881835937500000000000000
-69972795.4371162652969360351562500000000000000000
38502377.4005789756774902343750000000000000000000
-8925951.6428932826966047286987304687500000000000
-82609338.5127869993448257446289062500000000000000
-36692076.9264324903488159179687500000000000000000
-21868904.2119963765144348144531250000000000000000
-38523601.2055390030145645141601562500000000000000
86618514.0623507350683212280273437500000000000000
-243057575.0791970789432525634765625000000000000000
-44724283.1035632491111755371093750000000000000000
209713546.1162680685520172119140625000000000000000
-47691084.2015713527798652648925781250000000000000
-74059925.9239515662193298339843750000000000000000
55957386.1374255195260047912597656250000000000000
53723750.2211125642061233520507812500000000000000
-68719612.1457006633281707763671875000000000000000
53091281.9600537940859794616699218750000000000000
-29393540.1745827607810497283935546875000000000000
80805282.7862472981214523315429687500000000000000
168345149.6398653686046600341796875000000000000000
-125562956.5877313911914825439453125000000000000000
-195504727.3956286013126373291015625000000000000000
47798368.7708874121308326721191406250000000000000
-61427099.5323735699057579040527343750000000000000
-127854356.6561296135187149047851562500000000000000
-17673829.5395172238349914550781250000000000000000
-2177884.6552251512184739112854003906250000000000
-150521184.9741768240928649902343750000000000000000
109408618.0631776750087738037109375000000000000000
50395943.3889961391687393188476562500000000000000
-101760302.9380897134542465209960937500000000000000
-50724345.8581636026501655578613281250000000000000
19307314.7354297116398811340332031250000000000000
-160908728.8580189049243927001953125000000000000000
123762552.8288317620754241943359375000000000000000
-81218703.1368158459663391113281250000000000000000
-5947875.3659242587164044380187988281250000000000
-109476352.8988430052995681762695312500000000000000
-3571213.9544688444584608078002929687500000000000
-29934513.1931529715657234191894531250000000000000
108361177.1966972500085830688476562500000000000000
110880534.0832453668117523193359375000000000000000
151240695.7925494611263275146484375000000000000000
116251679.6149610728025436401367187500000000000000
103087858.9378874152898788452148437500000000000000
42074373.3540944680571556091308593750000000000000
8095290.5851413104683160781860351562500000000000
-70907413.1726193279027938842773437500000000000000
85164080.0234846621751785278320312500000000000000
28187739.8095009662210941314697265625000000000000
122776140.8773810118436813354492187500000000000000
6772195.3801521817222237586975097656250000000000
62607972.3274969309568405151367187500000000000000
-14092673.5460883155465126037597656250000000000000
-15344744.7848717607557773590087890625000000000000
93439854.8258269876241683959960937500000000000000
-26753005.4527351111173629760742187500000000000000
-106133299.4397247135639190673828125000000000000000
-103206228.1502587795257568359375000000000000000000
40286925.6642593741416931152343750000000000000000
12628722.4283823426812887191772460937500000000000
-904065.5309406556189060211181640625000000000000
10774736.0511061865836381912231445312500000000000
66970171.8007861003279685974121093750000000000000
-28713332.7167701087892055511474609375000000000000
91200264.4577234387397766113281250000000000000000
-21437336.2921341285109519958496093750000000000000
-7834320.1187423784285783767700195312500000000000
-169517631.6239094138145446777343750000000000000000
-24485218.1698201149702072143554687500000000000000
-7284580.7868369184434413909912109375000000000000
50791938.0019835233688354492187500000000000000000
108525949.8426932245492935180664062500000000000000
44989451.1706467494368553161621093750000000000000
-95826053.1526064425706863403320312500000000000000
15707057.1459636427462100982666015625000000000000
-47942223.7608904093503952026367187500000000000000
47154936.8102438002824783325195312500000000000000
87519102.7094920575618743896484375000000000000000
-52944428.3345063403248786926269531250000000000000
-94778876.8746277242898941040039062500000000000000
-38008795.3668715655803680419921875000000000000000
-10311219.9875858463346958160400390625000000000000
88665641.5393781363964080810546875000000000000000
-245131952.5199540555477142333984375000000000000000
182430589.0346969068050384521484375000000000000000
28830089.4690294787287712097167968750000000000000
62821298.8205603063106536865234375000000000000000
-162239619.7418443858623504638671875000000000000000
-78629815.0208928287029266357421875000000000000000
-9142569.4056737292557954788208007812500000000000
36330769.1696620658040046691894531250000000000000
29613281.5469181872904300689697265625000000000000
46542526.2895859703421592712402343750000000000000
-28808977.9127244949340820312500000000000000000000
-34556919.0979896113276481628417968750000000000000
50622648.5210733711719512939453125000000000000000
-92372405.4715148359537124633789062500000000000000
153009588.0676320195198059082031250000000000000000
207680233.0820142030715942382812500000000000000000
-30882013.5916507579386234283447265625000000000000
-34806542.7296542376279830932617187500000000000000
78125420.7448697835206985473632812500000000000000
-22487679.6358019821345806121826171875000000000000
19092226.1059829741716384887695312500000000000000
9497386.1512488145381212234497070312500000000000
-67209740.7325755804777145385742187500000000000000
-20195295.9962972290813922882080078125000000000000
87240564.3413718342781066894531250000000000000000
14033094.8399361222982406616210937500000000000000
-9893459.6479578372091054916381835937500000000000
-92921499.7783932983875274658203125000000000000000
23567493.7680803127586841583251953125000000000000
19543322.8581107445061206817626953125000000000000
11339253.4950616881251335144042968750000000000000
-49087433.8843929097056388854980468750000000000000
-83182014.5022871792316436767578125000000000000000
-18249918.7453867308795452117919921875000000000000
-109533150.5959746092557907104492187500000000000000
161422845.2762808203697204589843750000000000000000
-98749540.1811137497425079345703125000000000000000
102598534.9099769294261932373046875000000000000000
-54877708.8622181266546249389648437500000000000000
41214350.1099690422415733337402343750000000000000
562480.5170000212965533137321472167968750000000
-8766242.6499891113489866256713867187500000000000
-51445402.3143702670931816101074218750000000000000
41747745.1928189545869827270507812500000000000000
-171713250.0158694088459014892578125000000000000000
-78590171.0631155967712402343750000000000000000000
-73348934.3189784288406372070312500000000000000000
-37331117.2283936142921447753906250000000000000000
61987577.4765671193599700927734375000000000000000
-3455003.4456703397445380687713623046875000000000
-44588097.1122422516345977783203125000000000000000
-99466924.2362956851720809936523437500000000000000
58675558.6406811550259590148925781250000000000000
49381660.3898338451981544494628906250000000000000
-132341083.5417585670948028564453125000000000000000
-61665218.4901581779122352600097656250000000000000
-55844623.0952388122677803039550781250000000000000
-179502944.7417350411415100097656250000000000000000
211968407.2213018536567687988281250000000000000000
7443787.7938282657414674758911132812500000000000
46090255.5875127688050270080566406250000000000000
-91141861.9850979894399642944335937500000000000000
80922484.4712709635496139526367187500000000000000
6418715.2724946131929755210876464843750000000000
59929975.6956078037619590759277343750000000000000
185421049.5923247635364532470703125000000000000000
34573336.7442883551120758056640625000000000000000
19560967.3023700639605522155761718750000000000000
-31540034.2459143735468387603759765625000000000000
22280530.1318768560886383056640625000000000000000
37597071.2686225101351737976074218750000000000000
68344595.0667264312505722045898437500000000000000
-56273466.7545206621289253234863281250000000000000
-53238573.2235560715198516845703125000000000000000
-77545309.7459966540336608886718750000000000000000
30104908.7055249474942684173583984375000000000000
46500269.0398389175534248352050781250000000000000
42105141.0982795879244804382324218750000000000000
-26821618.3479001000523567199707031250000000000000
102248097.9610675275325775146484375000000000000000
-38666248.0100551098585128784179687500000000000000
-104382316.6891529858112335205078125000000000000000
-70315623.1210419833660125732421875000000000000000
-22271769.8162733986973762512207031250000000000000
92090816.0228749215602874755859375000000000000000
92250030.0016442388296127319335937500000000000000
24463601.6748020499944686889648437500000000000000
13536875.9928926806896924972534179687500000000000
-54736679.3048631697893142700195312500000000000000
57666291.8622587546706199645996093750000000000000
2922103.0059741889126598834991455078125000000000
28902799.9533990584313869476318359375000000000000
132625277.2805650383234024047851562500000000000000
-23513720.5011597722768783569335937500000000000000
-93229986.2137312740087509155273437500000000000000
-113053998.1511059105396270751953125000000000000000
36937105.2592217028141021728515625000000000000000
-59202811.6302443444728851318359375000000000000000
154327946.5039098858833312988281250000000000000000
-23967283.1361488886177539825439453125000000000000
-58472549.6329191923141479492187500000000000000000
39300135.7954854965209960937500000000000000000000
32811179.4456875622272491455078125000000000000000
18911962.9984934553503990173339843750000000000000
-10342458.0334313735365867614746093750000000000000
65284681.9340473115444183349609375000000000000000
-60468181.3395973145961761474609375000000000000000
-28386305.4361422583460807800292968750000000000000
-1007478.8434635268058627843856811523437500000000
92951873.1053281575441360473632812500000000000000
-19585197.3184952251613140106201171875000000000000
-5890512.5938776191323995590209960937500000000000
4512951.9141586013138294219970703125000000000000
120588090.7265475392341613769531250000000000000000
14004264.5881986524909734725952148437500000000000
11712692.7382212560623884201049804687500000000000
59075452.8220088481903076171875000000000000000000
-102773412.9683591723442077636718750000000000000000
52291742.2586172595620155334472656250000000000000
-2136709.5869908803142607212066650390625000000000
-14996973.5962212402373552322387695312500000000000
30613582.8857483156025409698486328125000000000000
-10171763.1894701961427927017211914062500000000000
-15201632.8763208314776420593261718750000000000000
-45583067.3993143141269683837890625000000000000000
-104047341.1584637463092803955078125000000000000000
24697111.4867202937602996826171875000000000000000
-7532148.6196610648185014724731445312500000000000
-28872829.6892636418342590332031250000000000000000
-59795121.3623133599758148193359375000000000000000
23783418.8165071308612823486328125000000000000000
-14161913.4568192940205335617065429687500000000000
-60100430.4483819305896759033203125000000000000000
-88008368.8076500892639160156250000000000000000000
105642177.4981621950864791870117187500000000000000
99489694.2382828891277313232421875000000000000000
53705705.5590701848268508911132812500000000000000
35263085.4353326484560966491699218750000000000000
-119851665.0473570823669433593750000000000000000000
-93821401.1397445797920227050781250000000000000000
31182393.5515067055821418762207031250000000000000
14330398.8492965325713157653808593750000000000000
-19323361.8607664890587329864501953125000000000000
-80552024.1455338448286056518554687500000000000000
44343727.7940851524472236633300781250000000000000
-14063701.0052542779594659805297851562500000000000
-37663690.0174356028437614440917968750000000000000
-69517970.9612103849649429321289062500000000000000
49180528.2239781841635704040527343750000000000000
34139538.0495568066835403442382812500000000000000
43457919.8501039817929267883300781250000000000000
-28848339.5140666998922824859619140625000000000000
-92760141.3712217360734939575195312500000000000000
58123640.6102747842669486999511718750000000000000
1473176.2550251351203769445419311523437500000000
82853907.5650541186332702636718750000000000000000
-57432651.9867999106645584106445312500000000000000
-21414753.3457903116941452026367187500000000000000
-1452463.1857098459731787443161010742187500000000
52879042.4155119135975837707519531250000000000000
-47120845.1955752000212669372558593750000000000000
54993486.5980078279972076416015625000000000000000
-17191188.3022425770759582519531250000000000000000
-53171745.9155648201704025268554687500000000000000
-3657215.2373167355544865131378173828125000000000
-28978388.2946483381092548370361328125000000000000
20456423.7143019512295722961425781250000000000000
60205069.0135183036327362060546875000000000000000
-22988263.8794372640550136566162109375000000000000
26862898.1939992122352123260498046875000000000000
-37630060.1362261474132537841796875000000000000000
55024028.3611702769994735717773437500000000000000
20056056.9590066559612751007080078125000000000000
-76180786.9336433708667755126953125000000000000000
-94064501.1528681665658950805664062500000000000000
2967901.2378661655820906162261962890625000000000
6792599.5994217237457633018493652343750000000000
-38683035.3231386989355087280273437500000000000000
37403314.8269436731934547424316406250000000000000
-160162272.4939933717250823974609375000000000000000
59041227.6873914375901222229003906250000000000000
56590439.0561438649892807006835937500000000000000
-21283137.6054128408432006835937500000000000000000
63032642.7230369523167610168457031250000000000000
55651945.6714023500680923461914062500000000000000
-83763525.3482086807489395141601562500000000000000
-36381701.5694804117083549499511718750000000000000
21615707.1330854110419750213623046875000000000000
35870745.5433560088276863098144531250000000000000
20065857.5134144201874732971191406250000000000000
56039037.5497385710477828979492187500000000000000
109194942.1834579855203628540039062500000000000000
62067191.6443720757961273193359375000000000000000
-19074047.3348481096327304840087890625000000000000
6971140.1907989736646413803100585937500000000000
6334699.2698647892102599143981933593750000000000
-15629540.8975571263581514358520507812500000000000
70813053.1163964420557022094726562500000000000000
109312969.4251274019479751586914062500000000000000
19728443.6231939755380153656005859375000000000000
39748263.3186489567160606384277343750000000000000
201280.8609442248125560581684112548828125000000
-31438447.8236248791217803955078125000000000000000
-36539508.8133845031261444091796875000000000000000
-18367287.0226515345275402069091796875000000000000
-45198668.1821647658944129943847656250000000000000
97429270.7801423817873001098632812500000000000000
55802768.6912756562232971191406250000000000000000
36657103.9360349327325820922851562500000000000000
33900051.3692831695079803466796875000000000000000
-84398302.9553808122873306274414062500000000000000
-38245445.9593532904982566833496093750000000000000
-122777827.3438896387815475463867187500000000000000
-102633773.3089934289455413818359375000000000000000
-75568474.3906422406435012817382812500000000000000
-30976302.9011525399982929229736328125000000000000
26651980.1794295534491539001464843750000000000000
-85004769.3454903662204742431640625000000000000000
-115507565.9181965589523315429687500000000000000000
16018368.4559896159917116165161132812500000000000
-729598.8467894452624022960662841796875000000000
7909651.3754318421706557273864746093750000000000
9236646.8869519382715225219726562500000000000000
93915332.8871970623731613159179687500000000000000
-72760692.8147754818201065063476562500000000000000
38029468.0102595016360282897949218750000000000000
5491651.4832235965877771377563476562500000000000
44565983.0228620022535324096679687500000000000000
-23451258.9722959548234939575195312500000000000000
-38035854.8336453661322593688964843750000000000000
34608603.5678391084074974060058593750000000000000
-11194228.3676154408603906631469726562500000000000
65442355.9090542867779731750488281250000000000000
25897530.6723235249519348144531250000000000000000
17122519.5326075181365013122558593750000000000000
13254192.1852953396737575531005859375000000000000
79150745.5284242033958435058593750000000000000000
116911242.8757072687149047851562500000000000000000
-38330054.7882581725716590881347656250000000000000
4185258.6469827839173376560211181640625000000000
-45045935.0254640579223632812500000000000000000000
-69273966.6220828145742416381835937500000000000000
-28821176.2411008849740028381347656250000000000000
23903417.6921993941068649291992187500000000000000
37073756.3584035634994506835937500000000000000000
65332811.9647990837693214416503906250000000000000
8474171.1067028027027845382690429687500000000000
-14855028.1796212475746870040893554687500000000000
-56999334.9681503847241401672363281250000000000000
-47762970.3727168887853622436523437500000000000000
-88963358.1578239202499389648437500000000000000000
-65415288.4714753702282905578613281250000000000000
55468377.5985416248440742492675781250000000000000
39728847.7925854846835136413574218750000000000000
26588495.3706981465220451354980468750000000000000
-12684474.6794593706727027893066406250000000000000
7205671.9597120722755789756774902343750000000000
-16773343.6702272761613130569458007812500000000000
33463992.5140702873468399047851562500000000000000
5355688.7856940543279051780700683593750000000000
9807770.5762467794120311737060546875000000000000
-30591705.7437536716461181640625000000000000000000
16943624.5726157166063785552978515625000000000000
