-0.1645519932592646450419948678245418705046
47.9040912899295960869494592770934104919434
-1963.6442137379599444102495908737182617187500
29438.7893644345494976732879877090454101562500
-206189.3542899934400338679552078247070312500000
693737.8401867070933803915977478027343750000000
-770653.8957613148959353566169738769531250000000
-1481942.4293674156069755554199218750000000000000
3860096.8884912398643791675567626953125000000000
1913177.7741243175696581602096557617187500000000
-10252177.6422400195151567459106445312500000000000
497430.4261797780054621398448944091796875000000
14469751.2514162156730890274047851562500000000000
-4103492.0902037560008466243743896484375000000000
-12177470.8282664995640516281127929687500000000000
14505647.0923343244940042495727539062500000000000
-12573076.2498659305274486541748046875000000000000
684754.7913387335138395428657531738281250000000
5869117.0642516175284981727600097656250000000000
-3320033.5592466103844344615936279296875000000000
14087554.6059858128428459167480468750000000000000
-16725115.1716485358774662017822265625000000000000
9785929.8088408745825290679931640625000000000000
-2946102.0527726341970264911651611328125000000000
-5836908.4167460836470127105712890625000000000000
-2503216.3113803789019584655761718750000000000000
2538434.9762695594690740108489990234375000000000
8376081.8928714506328105926513671875000000000000
-4709983.4548313310369849205017089843750000000000
3087398.6823908700607717037200927734375000000000
9767891.3506739176809787750244140625000000000000
-15590896.5411028191447257995605468750000000000000
-10231543.5381880067288875579833984375000000000000
13490923.0549592841416597366333007812500000000000
4661685.3082722881808876991271972656250000000000
-2827086.3369651311077177524566650390625000000000
-8137630.0915164593607187271118164062500000000000
2983565.7382837990298867225646972656250000000000
-5162046.2663309127092361450195312500000000000000
17051372.2334507927298545837402343750000000000000
-7036638.6900350321084260940551757812500000000000
-8453688.3767520431429147720336914062500000000000
17562215.9775679260492324829101562500000000000000
-8315122.0441909888759255409240722656250000000000
-89195.9728822616889374330639839172363281250000
290935.7159312328440137207508087158203125000000
-1814530.9832599987275898456573486328125000000000
25893083.4137227199971675872802734375000000000000
-20336775.6972252838313579559326171875000000000000
2116182.2538392320275306701660156250000000000000
-1299598.8840462823864072561264038085937500000000
-10186450.8519151136279106140136718750000000000000
-13515718.8382395002990961074829101562500000000000
-14640556.6057457756251096725463867187500000000000
-1771573.9329059110023081302642822265625000000000
-4535125.4831378581002354621887207031250000000000
-34788540.8412056341767311096191406250000000000000
47682892.4970232024788856506347656250000000000000
-16755035.5694891251623630523681640625000000000000
38558971.2702749222517013549804687500000000000000
-10605616.6884593702852725982666015625000000000000
27951266.4196035079658031463623046875000000000000
101198263.7999559193849563598632812500000000000000
-43517568.8473998382687568664550781250000000000000
35854629.1934006363153457641601562500000000000000
-29677445.0694489590823650360107421875000000000000
-17740526.8790777884423732757568359375000000000000
11450837.7569770365953445434570312500000000000000
-2620414.6852873633615672588348388671875000000000
68219032.6013265550136566162109375000000000000000
-79016682.8141740709543228149414062500000000000000
-21341891.3125020489096641540527343750000000000000
-168365643.3452360630035400390625000000000000000000
-48550504.2269031628966331481933593750000000000000
30402493.7857558056712150573730468750000000000000
-74514077.6348316967487335205078125000000000000000
-49889237.8102682083845138549804687500000000000000
147944560.0129271745681762695312500000000000000000
36728961.7034847959876060485839843750000000000000
52254867.2801664993166923522949218750000000000000
-45231118.2535096704959869384765625000000000000000
58551644.2648572325706481933593750000000000000000
41792549.7445095106959342956542968750000000000000
44053079.8425636515021324157714843750000000000000
-41480720.6210271716117858886718750000000000000000
-18286219.7877927646040916442871093750000000000000
23814415.0230912677943706512451171875000000000000
138723819.2026204168796539306640625000000000000000
-47956637.1761694326996803283691406250000000000000
66325470.6934712231159210205078125000000000000000
-132992692.2139937430620193481445312500000000000000
107047092.4845264106988906860351562500000000000000
58208728.9986413940787315368652343750000000000000
-28149897.2799227945506572723388671875000000000000
-37860649.5245342701673507690429687500000000000000
23121502.2298676297068595886230468750000000000000
-40496466.7894359007477760314941406250000000000000
-96667350.1060439199209213256835937500000000000000
-71356217.1303514391183853149414062500000000000000
46407407.5345940068364143371582031250000000000000
-18522603.3952530249953269958496093750000000000000
-29835515.3209420144557952880859375000000000000000
-64328400.4840738102793693542480468750000000000000
18934626.9568639360368251800537109375000000000000
-146080642.2038162946701049804687500000000000000000
-29123119.1853024475276470184326171875000000000000
47109549.2132571861147880554199218750000000000000
91000685.3327954411506652832031250000000000000000
5853831.7114821178838610649108886718750000000000
108558481.6323409378528594970703125000000000000000
13925307.0598410721868276596069335937500000000000
-68311448.1004124581813812255859375000000000000000
63180434.9487132951617240905761718750000000000000
-116952385.3910751789808273315429687500000000000000
39307250.3214548528194427490234375000000000000000
118198129.0343331992626190185546875000000000000000
64098797.4353940486907958984375000000000000000000
-77456937.7310381084680557250976562500000000000000
12808634.2455412317067384719848632812500000000000
-54209232.8280339762568473815917968750000000000000
-161524011.7520422935485839843750000000000000000000
-80408143.7518884688615798950195312500000000000000
-12446615.6704357359558343887329101562500000000000
84135283.0925996601581573486328125000000000000000
59706831.8386025950312614440917968750000000000000
9434362.8034661822021007537841796875000000000000
35399288.1481059566140174865722656250000000000000
39653544.1241758093237876892089843750000000000000
7319118.3256387235596776008605957031250000000000
40228484.9833668097853660583496093750000000000000
35090574.0653243437409400939941406250000000000000
-52048506.7607765123248100280761718750000000000000
-41210270.9321872740983963012695312500000000000000
147162017.5193027257919311523437500000000000000000
65407273.4390700459480285644531250000000000000000
119069851.1281225532293319702148437500000000000000
200391379.8302285969257354736328125000000000000000
4199939.6155394790694117546081542968750000000000
-63128823.6643421277403831481933593750000000000000
-16704062.5588883552700281143188476562500000000000
-115477897.3582926541566848754882812500000000000000
-51097306.6440904513001441955566406250000000000000
44092980.6013512238860130310058593750000000000000
-43153981.7566142454743385314941406250000000000000
4993091.7116324184462428092956542968750000000000
-230613215.6366969645023345947265625000000000000000
-104660950.2470674812793731689453125000000000000000
-57140772.6270191520452499389648437500000000000000
61576885.1923164948821067810058593750000000000000
-82839036.7619684040546417236328125000000000000000
-33392145.7393581867218017578125000000000000000000
22633477.4720031395554542541503906250000000000000
-10445756.0405697133392095565795898437500000000000
106150895.0036409795284271240234375000000000000000
39077566.9582106024026870727539062500000000000000
-7621206.9593706764280796051025390625000000000000
-97382847.7379351258277893066406250000000000000000
6978164.4110944066196680068969726562500000000000
8179410.4834719439968466758728027343750000000000
25577283.1965983137488365173339843750000000000000
382449.2276932774693705141544342041015625000000
29651632.9829695634543895721435546875000000000000
11955306.5158429257571697235107421875000000000000
52149822.4768019020557403564453125000000000000000
41818569.3459954112768173217773437500000000000000
10676108.9934269413352012634277343750000000000000
-23435665.7851003520190715789794921875000000000000
-45272996.7019349709153175354003906250000000000000
-7907082.8685107296332716941833496093750000000000
-113391202.0855681896209716796875000000000000000000
49375360.0823418274521827697753906250000000000000
11216352.5313985310494899749755859375000000000000
5380261.3187636462971568107604980468750000000000
-69150782.0133445709943771362304687500000000000000
17289534.0139913186430931091308593750000000000000
-197871658.6141600608825683593750000000000000000000
54527492.2807652950286865234375000000000000000000
2973923.0076243160292506217956542968750000000000
-61242112.0647738352417945861816406250000000000000
121544743.5970684587955474853515625000000000000000
133624049.2801966518163681030273437500000000000000
-103949102.1216002255678176879882812500000000000000
195886344.1612345278263092041015625000000000000000
-15701269.5748572926968336105346679687500000000000
-13506179.7999387737363576889038085937500000000000
2584124.1951502901501953601837158203125000000000
72239821.3435512036085128784179687500000000000000
17142693.6261415071785449981689453125000000000000
26148947.5118902362883090972900390625000000000000
22601859.1530125252902507781982421875000000000000
38661697.5545914247632026672363281250000000000000
49726569.7668836265802383422851562500000000000000
-42156078.2120791822671890258789062500000000000000
-21030981.0188981741666793823242187500000000000000
-41341495.7986432760953903198242187500000000000000
1259187.0687775183469057083129882812500000000000
-48607173.7253845185041427612304687500000000000000
42765379.8135398402810096740722656250000000000000
-26141155.6559389419853687286376953125000000000000
79963363.8909753113985061645507812500000000000000
-18126790.6532761417329311370849609375000000000000
-52329202.2066585496068000793457031250000000000000
-31706438.2657704725861549377441406250000000000000
-8576955.3015478756278753280639648437500000000000
-44708071.8940281420946121215820312500000000000000
88797147.0846388190984725952148437500000000000000
19256914.9051191322505474090576171875000000000000
-7071625.1933262674137949943542480468750000000000
67144437.6012081503868103027343750000000000000000
-48211028.8606869503855705261230468750000000000000
14239968.1850695144385099411010742187500000000000
-31488235.4428899623453617095947265625000000000000
74720629.2075014561414718627929687500000000000000
-12040279.0207994915544986724853515625000000000000
-2007861.6280245082452893257141113281250000000000
-144260206.1848983764648437500000000000000000000000
41662589.3590966984629631042480468750000000000000
-87653460.2623488903045654296875000000000000000000
51385725.4563263207674026489257812500000000000000
-10923991.7557956781238317489624023437500000000000
-51308356.6163776144385337829589843750000000000000
7571363.1462250780314207077026367187500000000000
2752942.3224889920093119144439697265625000000000
-61003078.9175458401441574096679687500000000000000
29029318.2671636082231998443603515625000000000000
-24014697.2544392682611942291259765625000000000000
47784745.8668891638517379760742187500000000000000
100648303.4680796116590499877929687500000000000000
187515704.4976218640804290771484375000000000000000
-68443776.5994325727224349975585937500000000000000
-31395833.2453362680971622467041015625000000000000
-28978148.9506221115589141845703125000000000000000
60945682.4652277827262878417968750000000000000000
-26089467.4562236741185188293457031250000000000000
-85181801.9149000644683837890625000000000000000000
19587554.1591629683971405029296875000000000000000
65049956.4657831639051437377929687500000000000000
2354494.9001071164384484291076660156250000000000
-43829693.5816851332783699035644531250000000000000
-117590724.4905458837747573852539062500000000000000
-31146938.2959537617862224578857421875000000000000
-72136403.8524417877197265625000000000000000000000
50813537.5116496235132217407226562500000000000000
-131573624.3849675059318542480468750000000000000000
-41817313.1086850240826606750488281250000000000000
-80463987.6695568412542343139648437500000000000000
13013359.8155397977679967880249023437500000000000
-2733924.2482428397051990032196044921875000000000
54743529.1958345547318458557128906250000000000000
-93923997.9752726852893829345703125000000000000000
-37066958.1895453408360481262207031250000000000000
183782810.4006261825561523437500000000000000000000
-122998938.1826261132955551147460937500000000000000
109210082.9491203725337982177734375000000000000000
-25634476.2376445420086383819580078125000000000000
51295118.6714206039905548095703125000000000000000
41617257.9659686088562011718750000000000000000000
44061789.1602095887064933776855468750000000000000
44968477.0702768936753273010253906250000000000000
107985535.5641563534736633300781250000000000000000
10300371.8897639755159616470336914062500000000000
-184925068.5496275722980499267578125000000000000000
-58596189.6117594838142395019531250000000000000000
81800535.7828430831432342529296875000000000000000
97568901.6814453899860382080078125000000000000000
7467301.6500497302040457725524902343750000000000
48846996.6530893296003341674804687500000000000000
-29113276.8359504453837871551513671875000000000000
-26132065.9658732153475284576416015625000000000000
-96693810.7895938903093338012695312500000000000000
7587978.1917813951149582862854003906250000000000
43735522.3651463687419891357421875000000000000000
-152688802.0298416912555694580078125000000000000000
83073491.4902998208999633789062500000000000000000
27239070.2554380856454372406005859375000000000000
-17927393.9322063326835632324218750000000000000000
16879667.2049327418208122253417968750000000000000
2266600.0652112378738820552825927734375000000000
155283899.3692472577095031738281250000000000000000
41042127.0572418570518493652343750000000000000000
14438232.3931017387658357620239257812500000000000
-40956635.2434660047292709350585937500000000000000
2716635.7146768555976450443267822265625000000000
99913555.9410589784383773803710937500000000000000
105241157.9208391904830932617187500000000000000000
-48549189.9279321432113647460937500000000000000000
-55639627.4730084389448165893554687500000000000000
24661422.3630193471908569335937500000000000000000
39687428.7162809371948242187500000000000000000000
-92954254.6593652367591857910156250000000000000000
58270749.5260271057486534118652343750000000000000
-91543394.2799480408430099487304687500000000000000
-2112101.6155583844520151615142822265625000000000
-58490741.3870740085840225219726562500000000000000
44120589.7125502228736877441406250000000000000000
-69373519.3030745685100555419921875000000000000000
-152638926.9365451335906982421875000000000000000000
-75314951.2441459000110626220703125000000000000000
-163599749.0694067180156707763671875000000000000000
-7163771.5642317533493041992187500000000000000000
-18233544.0689161457121372222900390625000000000000
73761952.2219176739454269409179687500000000000000
-72088280.3296957165002822875976562500000000000000
23337785.4849551282823085784912109375000000000000
-12656213.2552912998944520950317382812500000000000
161063981.9768287837505340576171875000000000000000
109541104.5287386178970336914062500000000000000000
3053945.2955018091015517711639404296875000000000
42970189.7146258801221847534179687500000000000000
83694865.3943200856447219848632812500000000000000
31918915.4740484319627285003662109375000000000000
198246222.3886056542396545410156250000000000000000
137896008.4764299094676971435546875000000000000000
23254260.3732625246047973632812500000000000000000
50003199.7856305986642837524414062500000000000000
-108754490.8921891152858734130859375000000000000000
-21677619.3438255824148654937744140625000000000000
-87308764.1374512463808059692382812500000000000000
-115385960.3386203050613403320312500000000000000000
-66606311.8246580138802528381347656250000000000000
65703638.3747369274497032165527343750000000000000
-48247088.0586409717798233032226562500000000000000
-101981494.4498487114906311035156250000000000000000
68119348.1325187683105468750000000000000000000000
-31334208.9106430374085903167724609375000000000000
27414177.4960737973451614379882812500000000000000
118595511.7441543787717819213867187500000000000000
-54794057.9107337072491645812988281250000000000000
42313582.1038425043225288391113281250000000000000
-99941670.2206058204174041748046875000000000000000
-39725301.9863478615880012512207031250000000000000
151808999.9524767100811004638671875000000000000000
-133896434.0571591258049011230468750000000000000000
-56133650.5349806547164916992187500000000000000000
71178182.1884815841913223266601562500000000000000
-177534864.8940715193748474121093750000000000000000
112407560.9449018239974975585937500000000000000000
13202227.5753077976405620574951171875000000000000
148537340.4403018951416015625000000000000000000000
5675952.0054337494075298309326171875000000000000
-12908160.2958808913826942443847656250000000000000
6462740.2406976297497749328613281250000000000000
155474371.1851052343845367431640625000000000000000
76587425.1889142245054244995117187500000000000000
-8054210.3644888838753104209899902343750000000000
-104884140.6590012609958648681640625000000000000000
-89178136.1049174815416336059570312500000000000000
-42096782.2995194941759109497070312500000000000000
-63017590.2279129922389984130859375000000000000000
-16886608.1401839070022106170654296875000000000000
-32957501.0373718328773975372314453125000000000000
-137962779.6301811337471008300781250000000000000000
-44170108.5671628564596176147460937500000000000000
-18707313.8396946638822555541992187500000000000000
-23714274.5232383534312248229980468750000000000000
49825849.1574273034930229187011718750000000000000
-56775672.7159908786416053771972656250000000000000
51665194.7387769445776939392089843750000000000000
-36880339.8876682668924331665039062500000000000000
9135303.6640505511313676834106445312500000000000
10028239.5100152138620615005493164062500000000000
25276959.5771972052752971649169921875000000000000
-42976318.6015695929527282714843750000000000000000
-19622657.6834570840001106262207031250000000000000
-51597313.2112133502960205078125000000000000000000
-5644403.2566400272771716117858886718750000000000
-49244558.8189377486705780029296875000000000000000
-20664781.0096696056425571441650390625000000000000
67394283.5275014787912368774414062500000000000000
-75385123.2090473771095275878906250000000000000000
-81024079.6466893255710601806640625000000000000000
-20911746.0319213457405567169189453125000000000000
184679546.6141624748706817626953125000000000000000
39863803.1737087294459342956542968750000000000000
-19014989.4468145668506622314453125000000000000000
-142532938.0649136304855346679687500000000000000000
-51980308.5949114263057708740234375000000000000000
-35819988.4497495591640472412109375000000000000000
123027100.2920037209987640380859375000000000000000
65172811.8983317166566848754882812500000000000000
46690477.6251316592097282409667968750000000000000
-29178468.5018399804830551147460937500000000000000
26699285.6290564425289630889892578125000000000000
-24549647.2978450134396553039550781250000000000000
19818446.9424759000539779663085937500000000000000
9041332.8210587669163942337036132812500000000000
99241321.4267852902412414550781250000000000000000
114084980.4843165427446365356445312500000000000000
87435368.5456783175468444824218750000000000000000
56336874.0394755229353904724121093750000000000000
42008211.8797370120882987976074218750000000000000
63197219.8559720814228057861328125000000000000000
-4155630.2833595289848744869232177734375000000000
-26148422.1450745463371276855468750000000000000000
-157920596.3994289636611938476562500000000000000000
140664704.3299661576747894287109375000000000000000
-2560047.5495641552843153476715087890625000000000
86812830.4588939994573593139648437500000000000000
-24441965.6593943946063518524169921875000000000000
-88401875.9269332438707351684570312500000000000000
8342549.7218646984547376632690429687500000000000
56737281.3001748323440551757812500000000000000000
6838954.7391675729304552078247070312500000000000
39663385.4803210198879241943359375000000000000000
55028587.2424526363611221313476562500000000000000
-145056614.6374010741710662841796875000000000000000
-16957307.4910544119775295257568359375000000000000
-15086444.8268688265234231948852539062500000000000
86562197.3824630826711654663085937500000000000000
-99202407.4143573045730590820312500000000000000000
-74567773.9674513041973114013671875000000000000000
-83142160.0852152407169342041015625000000000000000
14162349.7715488430112600326538085937500000000000
110919794.9814480543136596679687500000000000000000
104000474.3505457639694213867187500000000000000000
24122149.6190981231629848480224609375000000000000
68117902.1180314272642135620117187500000000000000
-1677251.4685875249560922384262084960937500000000
12324160.0884567089378833770751953125000000000000
-109170822.9838435798883438110351562500000000000000
-84017801.9099063873291015625000000000000000000000
141552779.1720848381519317626953125000000000000000
-98250285.4031615853309631347656250000000000000000
-80145484.3293048441410064697265625000000000000000
50426637.0735927820205688476562500000000000000000
-60063522.0654738619923591613769531250000000000000
137376117.4529937207698822021484375000000000000000
-101635693.5469638854265213012695312500000000000000
-38870499.7501891255378723144531250000000000000000
-144642051.7309162616729736328125000000000000000000
16950123.4959524609148502349853515625000000000000
-122272365.4775961041450500488281250000000000000000
-61411599.4016645699739456176757812500000000000000
9053236.2174541652202606201171875000000000000000
49894895.8272817134857177734375000000000000000000
-50418508.9382282048463821411132812500000000000000
83068982.6999950855970382690429687500000000000000
-25530316.8911318443715572357177734375000000000000
69541657.5075157135725021362304687500000000000000
165832270.8590756952762603759765625000000000000000
-31615881.0682509988546371459960937500000000000000
9840212.6922287065535783767700195312500000000000
-127394241.8983390778303146362304687500000000000000
59549606.9941196888685226440429687500000000000000
40242839.1856611147522926330566406250000000000000
-60599448.5400452986359596252441406250000000000000
164297032.8586248159408569335937500000000000000000
50751514.0572573766112327575683593750000000000000
2650291.6427227216772735118865966796875000000000
60768646.3600710034370422363281250000000000000000
-209854104.3083739280700683593750000000000000000000
-67768763.4886005073785781860351562500000000000000
-69525299.5454112738370895385742187500000000000000
-116352746.3261057138442993164062500000000000000000
39442067.3835793584585189819335937500000000000000
55522985.3747282922267913818359375000000000000000
31053877.9075807258486747741699218750000000000000
93907252.5873665213584899902343750000000000000000
-8474239.8629299905151128768920898437500000000000
-31526518.6355017647147178649902343750000000000000
-82207687.0991223156452178955078125000000000000000
-56698086.9484963491559028625488281250000000000000
72051176.4444802254438400268554687500000000000000
41585952.0013731196522712707519531250000000000000
-72079536.4938445091247558593750000000000000000000
39784580.4742946475744247436523437500000000000000
33609509.4048472866415977478027343750000000000000
-58447701.9603631570935249328613281250000000000000
18176817.1188832893967628479003906250000000000000
95219279.7855325043201446533203125000000000000000
-53531221.6186643987894058227539062500000000000000
-64204247.0633639693260192871093750000000000000000
-17853859.7853301391005516052246093750000000000000
38271945.0798827186226844787597656250000000000000
141055476.8016347885131835937500000000000000000000
63581806.6578494906425476074218750000000000000000
-35398755.0592524856328964233398437500000000000000
108469996.5895037949085235595703125000000000000000
-36470114.9061065390706062316894531250000000000000
-71970884.5437187701463699340820312500000000000000
93801661.7244732528924942016601562500000000000000
27569879.1442623548209667205810546875000000000000
-163171112.1532956659793853759765625000000000000000
67025090.3982440009713172912597656250000000000000
-29550600.9237024895846843719482421875000000000000
-8170560.3288306547328829765319824218750000000000
170421754.6660459041595458984375000000000000000000
-130624362.3273666352033615112304687500000000000000
-34454325.4645283371210098266601562500000000000000
3863581.7164758648723363876342773437500000000000
-56926748.2967368513345718383789062500000000000000
-39798880.0198623239994049072265625000000000000000
36240832.3417328223586082458496093750000000000000
-37063470.0081435218453407287597656250000000000000
19399680.4817858897149562835693359375000000000000
59892323.0057439506053924560546875000000000000000
13991585.2037288472056388854980468750000000000000
-14177164.7815075274556875228881835937500000000000
-6066651.5719847362488508224487304687500000000000
-63695005.0516384690999984741210937500000000000000
44696201.3529082760214805603027343750000000000000
