0.0241190897285518505988033410858406568877
-1.8117749160316991563490773842204362154007
37.7782130596208816086800652556121349334717
-364.3282154321364600946253631263971328735352
2021.3459368811561489565065130591392517089844
-7420.9954294162416772451251745223999023437500
19518.0865848648209066595882177352905273437500
-35537.9456740105961216613650321960449218750000
36238.6362955751028493978083133697509765625000
-8835.1599701110117166535928845405578613281250
6501.8908924887509783729910850524902343750000
-80646.0892871159594506025314331054687500000000
139287.4079213232034817337989807128906250000000
-85637.6686739045690046623349189758300781250000
-32618.1291889395761245395988225936889648437500
102641.4385767592611955478787422180175781250000
-42971.9271651709059369750320911407470703125000
20407.5755210905081185046583414077758789062500
-30420.0733862934030184987932443618774414062500
-98532.1821190049085998907685279846191406250000
3392.9081763596109340141993016004562377929688
55727.0568838877297821454703807830810546875000
65386.0674489785451442003250122070312500000000
172382.7352056524541694670915603637695312500000
-12903.4817660023527423618361353874206542968750
-234392.5507041056698653846979141235351562500000
-128729.1863536501186899840831756591796875000000
239216.6933656081964727491140365600585937500000
-135077.6040068653528578579425811767578125000000
17456.5847900664703047368675470352172851562500
-54602.3961136448197066783905029296875000000000
158534.8765890690847299993038177490234375000000
-43731.4065081538647064007818698883056640625000
21478.7328683039195311721414327621459960937500
-62862.7206311446207109838724136352539062500000
-1962.7462073443789449811447411775588989257812
-20522.4201574561047891620546579360961914062500
-37922.4548704681292292661964893341064453125000
106331.1907070089800981804728507995605468750000
174364.0624173993710428476333618164062500000000
15463.8708931572400615550577640533447265625000
2808.4885558353371379780583083629608154296875
-34057.8704634773675934411585330963134765625000
-147511.7011293102113995701074600219726562500000
-126144.0008074602228589355945587158203125000000
187399.7102967242244631052017211914062500000000
-71393.2475907826301408931612968444824218750000
-56885.8257179683860158547759056091308593750000
-250840.5865153549239039421081542968750000000000
14432.7804949923756794305518269538879394531250
36038.0208702968375291675329208374023437500000
107791.2020635169756133109331130981445312500000
192820.6268351406324654817581176757812500000000
34002.3501560784279718063771724700927734375000
-98900.6387952032819157466292381286621093750000
44610.5756282444708631373941898345947265625000
-35411.4911775013679289259016513824462890625000
93285.8309910724638029932975769042968750000000
-85286.4305112969741458073258399963378906250000
-135104.5964858567458577454090118408203125000000
-3477.8916202623404387850314378738403320312500
81331.4061503795528551563620567321777343750000
24311.5333548149683338124305009841918945312500
-35173.2197739842667942866683006286621093750000
78828.1512274468841496855020523071289062500000
33798.4212004609726136550307273864746093750000
72090.3152920460561290383338928222656250000000
2301.7836994616359334031585603952407836914062
16490.3522939998365473002195358276367187500000
35079.7774951522296760231256484985351562500000
-42954.8667756292634294368326663970947265625000
-9436.4718065196648240089416503906250000000000
-39736.8580312187332310713827610015869140625000
-5367.1051973935982459806837141513824462890625
30640.7675930756267916876822710037231445312500
358272.5995549843646585941314697265625000000000
82081.1927431731310207396745681762695312500000
-127480.6350877788936486467719078063964843750000
-26964.1174868186353705823421478271484375000000
1921.4998334327160591783467680215835571289062
-158905.1913413291040342301130294799804687500000
-134650.5868694806413259357213973999023437500000
69311.8704361971322214230895042419433593750000
-12395.9587247200324782170355319976806640625000
-465358.0313302085851319134235382080078125000000
-74873.2487560261070029810070991516113281250000
-97721.4264031721395440399646759033203125000000
-129141.9030191025958629325032234191894531250000
-45680.0649881644421839155256748199462890625000
113060.3466226118471240624785423278808593750000
35156.9191717974899802356958389282226562500000
32246.6699526631928165443241596221923828125000
-197434.6864863378577865660190582275390625000000
-117253.7223269710957538336515426635742187500000
17367.9884415568485565017908811569213867187500
-61131.5508969194852397777140140533447265625000
113228.2785536989249521866440773010253906250000
-246652.1654232457221951335668563842773437500000
26584.7741555894317571073770523071289062500000
110994.5501786646927939727902412414550781250000
-132782.1022751854325179010629653930664062500000
344742.0051745853852480649948120117187500000000
1929.1635696692151213937904685735702514648438
24019.6889516244737023953348398208618164062500
122766.6038783890544436872005462646484375000000
-65124.9614944204731727950274944305419921875000
-179724.3682975090050604194402694702148437500000
-79692.1845814862317638471722602844238281250000
-13762.5112874460846796864643692970275878906250
317770.8551565682282671332359313964843750000000
114583.6675803054822608828544616699218750000000
215949.8076670011214446276426315307617187500000
-1083259.5069135555531829595565795898437500000000
-1094929.0066334798466414213180541992187500000000
575821.5959416799014434218406677246093750000000
2385834.6403564591892063617706298828125000000000
5998236.3684698194265365600585937500000000000000
1416766.3372146948240697383880615234375000000000
604116.2718967036344110965728759765625000000000
4622765.6499897800385951995849609375000000000000
-2863431.4791473476216197013854980468750000000000
-3924169.7312548942863941192626953125000000000000
45832.6125735075838747434318065643310546875000
1651383.6862525041215121746063232421875000000000
6155225.2713238019496202468872070312500000000000
-8167373.7163731409236788749694824218750000000000
-569947.6410954068414866924285888671875000000000
-251607.5469696375075727701187133789062500000000
-2146757.4531595222651958465576171875000000000000
-1559631.3505534050054848194122314453125000000000
-10077753.9246564470231533050537109375000000000000
-1688502.5247319212649017572402954101562500000000
1118426.1489416428375989198684692382812500000000
-2711554.8806278659030795097351074218750000000000
-5315077.2229796722531318664550781250000000000000
1332542.3749185404740273952484130859375000000000
-10200659.9827077332884073257446289062500000000000
11547481.5106357932090759277343750000000000000000
-50551.7973963743424974381923675537109375000000
-2564436.1523789386264979839324951171875000000000
2229567.6226769289933145046234130859375000000000
5520405.8721547843888401985168457031250000000000
2414788.2710762978531420230865478515625000000000
960005.4290401104371994733810424804687500000000
3371143.9428635048680007457733154296875000000000
-7344571.7247708700597286224365234375000000000000
8622285.0741491820663213729858398437500000000000
-770837.7247906550765037536621093750000000000000
11991285.8925366215407848358154296875000000000000
-2475635.7363814744167029857635498046875000000000
-4964715.1231749104335904121398925781250000000000
943561.7371426870813593268394470214843750000000
2748884.1040996699593961238861083984375000000000
1806344.6234350744634866714477539062500000000000
555393.1689517555059865117073059082031250000000
1139199.1610178682021796703338623046875000000000
6208370.5346948616206645965576171875000000000000
-5114571.1140936454758048057556152343750000000000
-4752094.0773777291178703308105468750000000000000
7383180.2575324596837162971496582031250000000000
3139951.2300128294155001640319824218750000000000
-7904069.8664056314155459403991699218750000000000
735769.4975424590520560741424560546875000000000
4289929.9876994630321860313415527343750000000000
-3313291.8128173938021063804626464843750000000000
-8403064.9827172998338937759399414062500000000000
4859288.9945025686174631118774414062500000000000
-8134106.3423502743244171142578125000000000000000
1129326.5721108047291636466979980468750000000000
546076.9336772569222375750541687011718750000000
387503.3027214179746806621551513671875000000000
-1026698.6454416314372792840003967285156250000000
-3481068.6426002164371311664581298828125000000000
8994495.2232840154320001602172851562500000000000
4851332.0213756142184138298034667968750000000000
-11705850.5928364582359790802001953125000000000000
-1313332.4506491958163678646087646484375000000000
7386787.6185570163652300834655761718750000000000
-8965929.6990982089191675186157226562500000000000
-1966391.8606677323114126920700073242187500000000
-4170235.1880231872200965881347656250000000000000
6439424.1403011940419673919677734375000000000000
7409630.2901925407350063323974609375000000000000
1251124.3979194308631122112274169921875000000000
6739739.2011991543695330619812011718750000000000
3102892.9455647808499634265899658203125000000000
-5161316.8043094696477055549621582031250000000000
-9250652.6136395689100027084350585937500000000000
5013433.6294516539201140403747558593750000000000
-8664268.6833829805254936218261718750000000000000
-6233153.1046559950336813926696777343750000000000
-7319567.6808851929381489753723144531250000000000
1961338.5556039952207356691360473632812500000000
4735622.6985430521890521049499511718750000000000
-4789625.0554838739335536956787109375000000000000
5210959.7298952899873256683349609375000000000000
-465302.3113988418481312692165374755859375000000
-1178131.4277942171320319175720214843750000000000
8848405.6630820482969284057617187500000000000000
65776.4629329956514993682503700256347656250000
-12745543.4092263728380203247070312500000000000000
6430689.7939106477424502372741699218750000000000
5362974.5053947065025568008422851562500000000000
-2738899.0322677618823945522308349609375000000000
4014186.6770110009238123893737792968750000000000
6118706.5322832791134715080261230468750000000000
-2247186.6659550596959888935089111328125000000000
-784956.5389954019337892532348632812500000000000
-108742.4464437894785078242421150207519531250000
-451733.6143489162204787135124206542968750000000
-311567.4168048492865636944770812988281250000000
2189247.7478811047039926052093505859375000000000
3678525.3970828042365610599517822265625000000000
-10623768.7868834082037210464477539062500000000000
-2601517.7530464213341474533081054687500000000000
-2222140.6507223495282232761383056640625000000000
1836296.2874640200752764940261840820312500000000
2919602.3706127121113240718841552734375000000000
385909.7945922792423516511917114257812500000000
-15054079.9761060047894716262817382812500000000000
9908205.3577949423342943191528320312500000000000
2241137.7820142433047294616699218750000000000000
831361.9358446055557578802108764648437500000000
-10556906.2201030775904655456542968750000000000000
10521171.6158384773880243301391601562500000000000
1838459.5820229090750217437744140625000000000000
531042.6308023455785587430000305175781250000000
3525168.5859839278273284435272216796875000000000
7177882.7634991966187953948974609375000000000000
7453098.7764922827482223510742187500000000000000
-1115507.8077522085513919591903686523437500000000
2930987.4010449983179569244384765625000000000000
4610924.3426823336631059646606445312500000000000
5106004.5704868920147418975830078125000000000000
-3698758.9435050394386053085327148437500000000000
1977693.3158879831898957490921020507812500000000
-1497720.4310167392250150442123413085937500000000
-7083954.0797234065830707550048828125000000000000
8478851.8328131362795829772949218750000000000000
-6629961.7230930076912045478820800781250000000000
-2296425.8045034641399979591369628906250000000000
4088906.5168076404370367527008056640625000000000
-3248915.3121481086127460002899169921875000000000
-1779282.9122080756351351737976074218750000000000
-4035506.1605868609622120857238769531250000000000
-7916755.3309662993997335433959960937500000000000
10903185.8399369735270738601684570312500000000000
-10517445.5910831112414598464965820312500000000000
-4353566.4219923671334981918334960937500000000000
-3524096.6750043826177716255187988281250000000000
-2408541.4755481742322444915771484375000000000000
-1768594.6364923398941755294799804687500000000000
-8170193.5436186222359538078308105468750000000000
2140294.1292769429273903369903564453125000000000
1191962.9653312142472714185714721679687500000000
331852.0730709727504290640354156494140625000000
3525665.1832197299227118492126464843750000000000
176037.6905492289806716144084930419921875000000
1704486.9745924994349479675292968750000000000000
3951579.2959171310067176818847656250000000000000
-11439974.9912940207868814468383789062500000000000
5193821.3836472993716597557067871093750000000000
4594633.4741929285228252410888671875000000000000
-3148916.8971261470578610897064208984375000000000
5374227.9739342080429196357727050781250000000000
-2374973.1434824331663548946380615234375000000000
6750614.5128938835114240646362304687500000000000
-117126.4972923539899056777358055114746093750000
-2712099.2130200793035328388214111328125000000000
2893273.3417236921377480030059814453125000000000
3233547.4323660731315612792968750000000000000000
-8126238.6212984258309006690979003906250000000000
2466956.3646920584142208099365234375000000000000
-4796810.5837578196078538894653320312500000000000
2180174.4085259572602808475494384765625000000000
6758623.4029904250055551528930664062500000000000
9182360.0032177697867155075073242187500000000000
1226816.1376815468538552522659301757812500000000
5716844.6088828090578317642211914062500000000000
-1873737.8050741266924887895584106445312500000000
6296738.9872425002977252006530761718750000000000
-6290716.4882129244506359100341796875000000000000
-732094.2505167098715901374816894531250000000000
-9246463.2343006152659654617309570312500000000000
-6401704.2644631722941994667053222656250000000000
10288717.2510662283748388290405273437500000000000
-6073826.6713662780821323394775390625000000000000
-2237833.8803782686591148376464843750000000000000
7739296.5843171365559101104736328125000000000000
1401604.3166083039250224828720092773437500000000
7341473.7358516305685043334960937500000000000000
-134967.7107844543352257460355758666992187500000
-431672.7009748457930982112884521484375000000000
2064971.8606178187765181064605712890625000000000
-7437978.4904245259240269660949707031250000000000
-5561928.2455884404480457305908203125000000000000
-3743143.3361755302175879478454589843750000000000
-7063477.3528356142342090606689453125000000000000
3143281.0668599149212241172790527343750000000000
-5098548.7059790045022964477539062500000000000000
2196800.8472071806900203227996826171875000000000
698342.8469968393910676240921020507812500000000
-6406921.9457406615838408470153808593750000000000
-11291984.2322229705750942230224609375000000000000
4945467.6287302235141396522521972656250000000000
2976891.7703865985386073589324951171875000000000
-2151172.1620377460494637489318847656250000000000
-5196295.4096291316673159599304199218750000000000
-1636508.9689061513636261224746704101562500000000
3788947.0648155496455729007720947265625000000000
-2975937.8278541574254631996154785156250000000000
2665663.5165084605105221271514892578125000000000
-93544.9686480926757212728261947631835937500000
3734248.5843095881864428520202636718750000000000
2579944.1734024728648364543914794921875000000000
9631609.5112926680594682693481445312500000000000
-1082803.5654194597154855728149414062500000000000
-4359359.9878977136686444282531738281250000000000
-5683708.9096982348710298538208007812500000000000
6299876.0853045908734202384948730468750000000000
-6248521.8169694831594824790954589843750000000000
12428110.7879842035472393035888671875000000000000
-3993688.0003870399668812751770019531250000000000
6513957.5226178187876939773559570312500000000000
-1507042.7451768089085817337036132812500000000000
-5579074.2001964449882507324218750000000000000000
-6952770.2418744163587689399719238281250000000000
5140433.4291880093514919281005859375000000000000
1092064.3520079923328012228012084960937500000000
-2576652.4632651647552847862243652343750000000000
4141712.4346459219232201576232910156250000000000
2477493.0358068095520138740539550781250000000000
-5989855.7363481428474187850952148437500000000000
18172411.6453606262803077697753906250000000000000
7716372.4648429984226822853088378906250000000000
3926653.6897085630334913730621337890625000000000
-11805749.6474960967898368835449218750000000000000
18665.3461572399028227664530277252197265625000
9081534.5365797765552997589111328125000000000000
-10960317.0341576337814331054687500000000000000000
2619628.0593345770612359046936035156250000000000
-9771022.5786733478307723999023437500000000000000
-681004.7000379804521799087524414062500000000000
-5123585.4368995176628232002258300781250000000000
-1097326.6861563664861023426055908203125000000000
4252360.4332812670618295669555664062500000000000
1207527.5439968788996338844299316406250000000000
2448280.4996287547983229160308837890625000000000
-1237273.4135263867210596799850463867187500000000
-1310329.0570582887157797813415527343750000000000
5513350.5425879498943686485290527343750000000000
273009.3460535521735437214374542236328125000000
-3755914.4584009516984224319458007812500000000000
4416398.4354714211076498031616210937500000000000
-867900.7414240894140675663948059082031250000000
3349054.0893781264312565326690673828125000000000
-4721804.2434913450852036476135253906250000000000
13141944.4830139912664890289306640625000000000000
19649.3292381761566502973437309265136718750000
-2727806.4108812059275805950164794921875000000000
-223971.3325075042957905679941177368164062500000
-3775829.8242105226963758468627929687500000000000
-3400950.8980585527606308460235595703125000000000
4982426.5710780676454305648803710937500000000000
3789483.6338218981400132179260253906250000000000
-2616262.0491013107821345329284667968750000000000
-7143326.4345503803342580795288085937500000000000
5253362.2073505157604813575744628906250000000000
3223386.3416562308557331562042236328125000000000
2765842.6822463986463844776153564453125000000000
-515171.4986741993343457579612731933593750000000
-4800785.7432697126641869544982910156250000000000
-8943557.2015945930033922195434570312500000000000
6850940.0400187931954860687255859375000000000000
-5104426.3427818194031715393066406250000000000000
2110099.8369713015854358673095703125000000000000
-2982210.8691122611053287982940673828125000000000
-4148427.1340311649255454540252685546875000000000
4004209.4502278035506606101989746093750000000000
1395818.5677189147099852561950683593750000000000
4794473.5766589911654591560363769531250000000000
-5550251.4629948269575834274291992187500000000000
-5535882.1227899948135018348693847656250000000000
-4652407.3298877906054258346557617187500000000000
-5408390.5133517896756529808044433593750000000000
1613445.7710317678283900022506713867187500000000
3496503.9366254089400172233581542968750000000000
2408750.0700454954057931900024414062500000000000
-2673255.5984245669096708297729492187500000000000
-3415023.3270787666551768779754638671875000000000
1690261.2806636008899658918380737304687500000000
4517362.2621489437296986579895019531250000000000
937653.1723677454283460974693298339843750000000
5991933.9650126118212938308715820312500000000000
-156320.4798417249112389981746673583984375000000
-5441660.4857236696407198905944824218750000000000
-6436511.0391801930963993072509765625000000000000
-3634592.0960727394558489322662353515625000000000
8223852.5364889819175004959106445312500000000000
2063285.2118066973052918910980224609375000000000
-150535.8669634544057771563529968261718750000000
7294654.8270065952092409133911132812500000000000
-895598.2442784250015392899513244628906250000000
-1340434.0465798226650804281234741210937500000000
1343924.4056689857970923185348510742187500000000
-744273.0043470532400533556938171386718750000000
-4250147.1386458873748779296875000000000000000000
-1482639.1963009878527373075485229492187500000000
6737634.1720749475061893463134765625000000000000
6152120.2356937574222683906555175781250000000000
-5934466.9768960746005177497863769531250000000000
4692449.6857892414554953575134277343750000000000
-4652206.5924181984737515449523925781250000000000
1249301.1756280171684920787811279296875000000000
4455387.6036683376878499984741210937500000000000
-339852.1878121081972494721412658691406250000000
-6993934.8130454327911138534545898437500000000000
-5402719.6367343207821249961853027343750000000000
1851627.9242971516214311122894287109375000000000
2279928.7772843022830784320831298828125000000000
1247190.7611710762139409780502319335937500000000
839907.4369096594164147973060607910156250000000
1201435.5439389478415250778198242187500000000000
612406.7028690043371170759201049804687500000000
8966715.0813902840018272399902343750000000000000
-8769147.6384772360324859619140625000000000000000
-6779785.7159916330128908157348632812500000000000
965229.6301391214365139603614807128906250000000
-3426342.3313374952413141727447509765625000000000
-3632561.6215293658897280693054199218750000000000
-5278256.2723944727331399917602539062500000000000
-5292817.1163420826196670532226562500000000000000
-3838351.4818527437746524810791015625000000000000
-5371743.2589367600157856941223144531250000000000
2263037.5320030222646892070770263671875000000000
-2027547.8168576960451900959014892578125000000000
-8577296.2357100080698728561401367187500000000000
9403883.6510923914611339569091796875000000000000
3574242.4207953182049095630645751953125000000000
2564342.8409263622015714645385742187500000000000
701757.4723207504721358418464660644531250000000
8512087.1477521676570177078247070312500000000000
1477479.9277146421372890472412109375000000000000
3875615.3891011229716241359710693359375000000000
-1642893.7569623847957700490951538085937500000000
-3742976.2270334460772573947906494140625000000000
1888331.1169035297352820634841918945312500000000
-1937891.7098620417527854442596435546875000000000
-98298.3220610005955677479505538940429687500000
2539661.2043436109088361263275146484375000000000
-4515992.7456149738281965255737304687500000000000
1584719.0055820015259087085723876953125000000000
1435680.7534256097860634326934814453125000000000
2545991.7473635016940534114837646484375000000000
-5070320.4421219835057854652404785156250000000000
7874666.7236084071919322013854980468750000000000
-2013996.6008736218791455030441284179687500000000
2134739.1824510539881885051727294921875000000000
1271965.8568759409245103597640991210937500000000
5864365.4970080181956291198730468750000000000000
6846840.1307621020823717117309570312500000000000
-3922204.9307237407192587852478027343750000000000
5032815.5298494305461645126342773437500000000000
464461.7669695936492644250392913818359375000000
-4919361.3191557032987475395202636718750000000000
-3526172.5659569399431347846984863281250000000000
-1175863.9900861009955406188964843750000000000000
1186329.5990289701148867607116699218750000000000
-4146163.5156114483252167701721191406250000000000
6899161.2210276210680603981018066406250000000000
-2064864.6545305890031158924102783203125000000000
2799689.1756138550117611885070800781250000000000
-58978.6745946010196348652243614196777343750000
7308670.0620590141043066978454589843750000000000
2252156.7082908889278769493103027343750000000000
-3276878.3501008171588182449340820312500000000000
4907033.2453806167468428611755371093750000000000
2021903.6734536259900778532028198242187500000000
148504.2886316979711409658193588256835937500000
-7545445.2757199900224804878234863281250000000000
5693883.9311204357072710990905761718750000000000
-3121016.7836699881590902805328369140625000000000
1560238.4596337876282632350921630859375000000000
2997699.9032996380701661109924316406250000000000
4521179.0065455315634608268737792968750000000000
1411415.1792444372549653053283691406250000000000
-283826.2555686025880277156829833984375000000000
-4374353.9996848627924919128417968750000000000000
3751566.9417071123607456684112548828125000000000
-2001416.7686823320109397172927856445312500000000
4478315.2669658940285444259643554687500000000000
4121349.5839356067590415477752685546875000000000
-3421330.1492852731607854366302490234375000000000
-1813158.4128976443316787481307983398437500000000
-10263458.4290870726108551025390625000000000000000
-3038757.6082818298600614070892333984375000000000
-4753564.8863127948716282844543457031250000000000
-4897051.2987116202712059020996093750000000000000
416725.5679942503338679671287536621093750000000
-2516280.7798306019976735115051269531250000000000
-2364604.8333526798523962497711181640625000000000
732266.2047634002519771456718444824218750000000
9181258.8797154892235994338989257812500000000000
2546949.0247394475154578685760498046875000000000
-211096.1937006026855669915676116943359375000000
1902579.5426091705448925495147705078125000000000
-939453.3729414170375093817710876464843750000000
1673172.2955273811239749193191528320312500000000
-287444.5547018553479574620723724365234375000000
1167183.4362382842227816581726074218750000000000
1786722.7405639963690191507339477539062500000000
605195.7270607266109436750411987304687500000000
-3033750.2266824976541101932525634765625000000000
-1949086.3035573181696236133575439453125000000000
-3201010.2100550755858421325683593750000000000000
-356594.6940990184666588902473449707031250000000
3642084.5732795619405806064605712890625000000000
1974962.7691038649063557386398315429687500000000
1297178.7247577486559748649597167968750000000000
-4285707.7115132780745625495910644531250000000000
387692.2944670215947553515434265136718750000000
5741648.6231454769149422645568847656250000000000
-4811545.9127398943528532981872558593750000000000
-6368489.8299900488927960395812988281250000000000
-2512908.9656262071803212165832519531250000000000
-5451700.9262576131150126457214355468750000000000
748368.4258810327155515551567077636718750000000
3486624.9692078111693263053894042968750000000000
-2379213.1808278993703424930572509765625000000000
-925844.5623749988153576850891113281250000000000
-6917616.8165311105549335479736328125000000000000
-1754887.5273812003433704376220703125000000000000
1379447.3607139363884925842285156250000000000000
-1494342.3358015571720898151397705078125000000000
-1075258.7321911437902599573135375976562500000000
778851.1293265544809401035308837890625000000000
-2579975.0747687467373907566070556640625000000000
-1999476.0129434748087078332901000976562500000000
3487375.2476079133339226245880126953125000000000
-1111120.6853198250755667686462402343750000000000
-138880.9849674234865233302116394042968750000000
-4044326.5505460528656840324401855468750000000000
4952525.6873188177123665809631347656250000000000
-4004774.5111643918789923191070556640625000000000
2994427.4912451687268912792205810546875000000000
-551883.2868885118514299392700195312500000000000
5274866.0430225580930709838867187500000000000000
3990154.2586750825867056846618652343750000000000
3463857.5164264515042304992675781250000000000000
-3778647.3382177432067692279815673828125000000000
2035360.0997625372838228940963745117187500000000
-141195.6755391008045990020036697387695312500000
-613758.5474822294199839234352111816406250000000
-1205806.3208814335521310567855834960937500000000
-392037.9868352181510999798774719238281250000000
2175032.6805321564897894859313964843750000000000
-469087.8377216377411969006061553955078125000000
2638214.4591667954809963703155517578125000000000
84863.7869803242210764437913894653320312500000
-2774941.4517256314866244792938232421875000000000
-4422466.5667532598599791526794433593750000000000
-205846.6681762576045002788305282592773437500000
2308193.1872025900520384311676025390625000000000
-2851555.6275219698436558246612548828125000000000
2658101.0146888261660933494567871093750000000000
-6446062.9740936020389199256896972656250000000000
-1211973.3631431057583540678024291992187500000000
-1934249.0155280116014182567596435546875000000000
4820010.6368195256218314170837402343750000000000
-418773.2266902002156712114810943603515625000000
400722.7931125230970792472362518310546875000000
-5333630.9009548425674438476562500000000000000000
-856052.3480982001638039946556091308593750000000
4209495.4670603154227137565612792968750000000000
-4856610.3486617458984255790710449218750000000000
-709294.8625791987869888544082641601562500000000
-467506.7939140981761738657951354980468750000000
-1581204.3351234253495931625366210937500000000000
2571241.5008444115519523620605468750000000000000
1352590.5848743878304958343505859375000000000000
2578545.3352621207013726234436035156250000000000
-4523011.9205625504255294799804687500000000000000
2509744.4906273367814719676971435546875000000000
2377003.3754833559505641460418701171875000000000
-2790462.1241250992752611637115478515625000000000
-3534968.2833812627941370010375976562500000000000
-3656215.2547419969923794269561767578125000000000
1303849.9868507839273661375045776367187500000000
-1298603.8004608827177435159683227539062500000000
249698.8129029562696814537048339843750000000000
-1371960.1744491267018020153045654296875000000000
4214745.3169833151623606681823730468750000000000
2523020.1446852530352771282196044921875000000000
-2433584.0937785157002508640289306640625000000000
5783456.2132176877930760383605957031250000000000
3211873.4657345870509743690490722656250000000000
617971.7733334572985768318176269531250000000000
-2418463.2591067906469106674194335937500000000000
-1310931.6016327331308275461196899414062500000000
-815946.9629818734247237443923950195312500000000
1213196.7652110115159302949905395507812500000000
-4591020.2112562041729688644409179687500000000000
2988343.9020360657013952732086181640625000000000
4473048.1012210557237267494201660156250000000000
3883692.8889072975143790245056152343750000000000
-2113397.6840931759215891361236572265625000000000
8897455.8891058508306741714477539062500000000000
6240521.2212223699316382408142089843750000000000
2484739.8594199744984507560729980468750000000000
1415546.7499008425511419773101806640625000000000
1444015.9870426135603338479995727539062500000000
-2306893.1863138955086469650268554687500000000000
-2325673.4489839654415845870971679687500000000000
2624137.4896681932732462882995605468750000000000
457554.8257604098762385547161102294921875000000
3209941.9210502905771136283874511718750000000000
-478770.4963714710320346057415008544921875000000
-153196.2308885920501779764890670776367187500000
5700282.7867974983528256416320800781250000000000
1168579.2105094795115292072296142578125000000000
360112.6956577131059020757675170898437500000000
-310065.7089935767580755054950714111328125000000
-5884950.2860339833423495292663574218750000000000
-1609377.8452369298320263624191284179687500000000
3511249.8445161720737814903259277343750000000000
-26809.0508045920360018499195575714111328125000
-598032.3748568346491083502769470214843750000000
730042.8926388613181188702583312988281250000000
-2205030.7759658745490014553070068359375000000000
1555766.3567017093300819396972656250000000000000
3183446.5499560302123427391052246093750000000000
5839928.2441139630973339080810546875000000000000
-3417446.1495609604753553867340087890625000000000
4407852.9861429156735539436340332031250000000000
4140511.1126401405781507492065429687500000000000
-21046.8317066321433230768889188766479492187500
994241.6099455674411728978157043457031250000000
-3418265.1759756826795637607574462890625000000000
-1800589.6031821498181670904159545898437500000000
4218888.1037960816174745559692382812500000000000
2731770.2645726706832647323608398437500000000000
-1772245.5857376223430037498474121093750000000000
1129438.2320202356204390525817871093750000000000
-4701310.8885507648810744285583496093750000000000
-2530730.9988767150789499282836914062500000000000
242291.4989023451053071767091751098632812500000
3483020.3777358843944966793060302734375000000000
-2227543.2404580907896161079406738281250000000000
-1097179.2845100150443613529205322265625000000000
-5551706.2076850682497024536132812500000000000000
-967340.2886470607481896877288818359375000000000
2818899.7906670542433857917785644531250000000000
-3476884.8588538798503577709197998046875000000000
-169459.3287903693562839180231094360351562500000
-1543788.4511161004193127155303955078125000000000
190202.1218189196370076388120651245117187500000
-1728301.4834376682993024587631225585937500000000
-2407577.8311606463976204395294189453125000000000
-3732590.4958073706366121768951416015625000000000
-42422.0397828688292065635323524475097656250000
237381.1921035607520025223493576049804687500000
-2001109.4234479728620499372482299804687500000000
-4858891.8453069468960165977478027343750000000000
375039.7473257536767050623893737792968750000000
-2318359.9007108956575393676757812500000000000000
1875413.9982012852560728788375854492187500000000
-1992674.0257680923677980899810791015625000000000
-1715849.4973968344274908304214477539062500000000
1644306.1224614263046532869338989257812500000000
-3247266.6360437115654349327087402343750000000000
154941.2007832844392396509647369384765625000000
-1638369.2398805464617908000946044921875000000000
982837.1417787596583366394042968750000000000000
-144325.2979662792349699884653091430664062500000
-1092816.6871434142813086509704589843750000000000
-1706731.5843538576737046241760253906250000000000
1183269.7430142988450825214385986328125000000000
-332700.9480982157983817160129547119140625000000
2570914.0146401994861662387847900390625000000000
-2062728.3876911734696477651596069335937500000000
684977.5946566156344488263130187988281250000000
-1008019.1767259812913835048675537109375000000000
2631605.6121229976415634155273437500000000000000
2545581.4180752206593751907348632812500000000000
-2452363.0062201544642448425292968750000000000000
-681924.3260093601420521736145019531250000000000
2899325.2751444983296096324920654296875000000000
-5008500.4329431401565670967102050781250000000000
1619419.3025219817645847797393798828125000000000
1392192.3440334291663020849227905273437500000000
-1563470.9135226525831967592239379882812500000000
-3036310.4147860025987029075622558593750000000000
-940370.7869488460710272192955017089843750000000
-1388469.9241342779714614152908325195312500000000
957801.5715835994342342019081115722656250000000
3209081.3178165680728852748870849609375000000000
-1485646.8233590826857835054397583007812500000000
1345839.5885245113167911767959594726562500000000
2436472.7297761039808392524719238281250000000000
355675.8482059212401509284973144531250000000000
1031490.4422555927885696291923522949218750000000
2014329.7235988567117601633071899414062500000000
-2719481.7004179381765425205230712890625000000000
643072.7434851139551028609275817871093750000000
-845599.1590452406089752912521362304687500000000
131862.8092198509839363396167755126953125000000
-1022288.9655319598969072103500366210937500000000
740485.8809985348489135503768920898437500000000
-803056.9791271842550486326217651367187500000000
4112854.9626959492452442646026611328125000000000
2491319.0301534738391637802124023437500000000000
-1583897.3750335273798555135726928710937500000000
-2378292.6557079656049609184265136718750000000000
-1814635.5131277733016759157180786132812500000000
1591354.3169807691592723131179809570312500000000
-57297.1099002819973975419998168945312500000000
-1454062.7793732772115617990493774414062500000000
-635254.7216265865135937929153442382812500000000
1299002.9993124760221689939498901367187500000000
-2453138.5406063226982951164245605468750000000000
3993849.0825980021618306636810302734375000000000
-1516841.4827197224367409944534301757812500000000
3901148.0313790864311158657073974609375000000000
-211807.0539204007654916495084762573242187500000
-1012244.5436897604959085583686828613281250000000
2292397.6749833980575203895568847656250000000000
-903740.8555047707632184028625488281250000000000
219119.1932783100346568971872329711914062500000
-1169732.6132907669525593519210815429687500000000
2084507.4043570745270699262619018554687500000000
4718320.4020856302231550216674804687500000000000
-784672.5295760208973661065101623535156250000000
-2429946.8543215896934270858764648437500000000000
-943628.0647606366546824574470520019531250000000
-139557.1775563357805367559194564819335937500000
1229556.0196155381854623556137084960937500000000
1192585.3563196056056767702102661132812500000000
1468318.2146702229510992765426635742187500000000
2205278.6090742978267371654510498046875000000000
-750388.7680639454629272222518920898437500000000
-1794135.4066241153050214052200317382812500000000
-4710583.5603542355820536613464355468750000000000
846787.8909720041556283831596374511718750000000
1270888.7427990941796451807022094726562500000000
258352.4981749428843613713979721069335937500000
1199712.3009585593827068805694580078125000000000
-1871683.2003988858778029680252075195312500000000
-424159.6712992443935945630073547363281250000000
-3228101.7699956120923161506652832031250000000000
735793.5669202574063092470169067382812500000000
-3276726.3734253058210015296936035156250000000000
1760805.5715912841260433197021484375000000000000
143645.9348609660810325294733047485351562500000
174493.3234811208385508507490158081054687500000
-3229474.9800817044451832771301269531250000000000
700555.6474943583598360419273376464843750000000
1639908.3706356403417885303497314453125000000000
-2168097.7306125420145690441131591796875000000000
-1547295.8892461420036852359771728515625000000000
1711576.4854552969336509704589843750000000000000
-85540.8676424141885945573449134826660156250000
1100690.0967312722932547330856323242187500000000
-2174596.8490441055037081241607666015625000000000
578611.8424844250548630952835083007812500000000
258786.9345596569182816892862319946289062500000
1118145.1168282127473503351211547851562500000000
1708419.9051503899972885847091674804687500000000
-1104361.5222934170160442590713500976562500000000
1526203.4009794723242521286010742187500000000000
2169548.0666727256029844284057617187500000000000
3414790.1491715442389249801635742187500000000000
-575163.6938197523122653365135192871093750000000
-372493.9113970907055772840976715087890625000000
1875673.9064117060042917728424072265625000000000
459140.8852957703056745231151580810546875000000
2584031.2385044740512967109680175781250000000000
-237715.6922459386696573346853256225585937500000
-1270744.3621454462409019470214843750000000000000
-2628074.9723144178278744220733642578125000000000
-1115780.3464530420023947954177856445312500000000
-608613.8329706853255629539489746093750000000000
-3220713.1317063001915812492370605468750000000000
-593690.0045676169684156775474548339843750000000
213887.0870980117178987711668014526367187500000
835269.3779590154299512505531311035156250000000
-379594.0488389178062789142131805419921875000000
1281169.3359694345854222774505615234375000000000
2349186.8974339677952229976654052734375000000000
287500.2687556279124692082405090332031250000000
-2248268.0813930616714060306549072265625000000000
-1134879.2595098658930510282516479492187500000000
579426.5393574887420982122421264648437500000000
590380.3268253362039104104042053222656250000000
3015386.7377485292963683605194091796875000000000
-917755.6157283697975799441337585449218750000000
163931.8252030236180871725082397460937500000000
-2289319.5434315702877938747406005859375000000000
1090903.9654842664021998643875122070312500000000
1741348.4899350756313651800155639648437500000000
2861505.3475098907947540283203125000000000000000
-646318.2218257102649658918380737304687500000000
-405793.1033504837541840970516204833984375000000
1011667.8981427135877311229705810546875000000000
2003512.2629433800466358661651611328125000000000
-3293056.2511887801811099052429199218750000000000
-1745737.0091104898601770401000976562500000000000
10845.8571608050642680609598755836486816406250
-38550.6416939945338526740670204162597656250000
2334117.6658028536476194858551025390625000000000
-625094.0422372327884659171104431152343750000000
256470.5295940158539451658725738525390625000000
9715.4462843860255816252902150154113769531250
-3134169.7437357013113796710968017578125000000000
1279008.9338491668459028005599975585937500000000
1434108.4859138973988592624664306640625000000000
-2873988.1006591664627194404602050781250000000000
-1665775.1903854187112301588058471679687500000000
-2046965.4714708204846829175949096679687500000000
824284.9055316994199529290199279785156250000000
-39605.0271506272183614782989025115966796875000
-2142169.7899181884713470935821533203125000000000
1887679.1464338467922061681747436523437500000000
-1501358.0252492674626410007476806640625000000000
728209.5210815864847972989082336425781250000000
-138018.5423512301349546760320663452148437500000
592582.2818337924545630812644958496093750000000
-724920.8352469125529751181602478027343750000000
-1337859.6036134143359959125518798828125000000000
-707709.0890026375418528914451599121093750000000
170881.1294409210095182061195373535156250000000
-339622.4490562606370076537132263183593750000000
316394.7778623604099266231060028076171875000000
-1169610.1553024167660623788833618164062500000000
-1253105.7280966020189225673675537109375000000000
515611.2595056870486587285995483398437500000000
600758.6462303238222375512123107910156250000000
62652.1524273350660223513841629028320312500000
1387459.9447895167395472526550292968750000000000
1318903.0077151493169367313385009765625000000000
679530.2284764406504109501838684082031250000000
572985.2018641219474375247955322265625000000000
373126.0538060377584770321846008300781250000000
-1220164.7733867315109819173812866210937500000000
1032477.0744006347376853227615356445312500000000
1902357.1574087908957153558731079101562500000000
1218448.1801228565163910388946533203125000000000
-427479.8852064142702147364616394042968750000000
-1178830.5003417038824409246444702148437500000000
-672343.0051776639884337782859802246093750000000
-668275.0548191929701715707778930664062500000000
1548118.5970659183803945779800415039062500000000
2208065.1597431539557874202728271484375000000000
-978259.2833496370585635304450988769531250000000
-2150451.3022097628563642501831054687500000000000
1318515.1113622859120368957519531250000000000000
-1707103.2481063439045101404190063476562500000000
3169941.5725946803577244281768798828125000000000
-153355.2532192626094911247491836547851562500000
801887.8795254788128659129142761230468750000000
-1265762.3105609400663524866104125976562500000000
-1972510.3373627311084419488906860351562500000000
509476.5939880897058174014091491699218750000000
-943704.6554538885829970240592956542968750000000
1096213.9408959543798118829727172851562500000000
-4983755.1462696436792612075805664062500000000000
-1482385.3735920737963169813156127929687500000000
267376.2713444363907910883426666259765625000000
-212611.4350354673806577920913696289062500000000
537456.5209949311101809144020080566406250000000
-760176.9279172576498240232467651367187500000000
1600784.9384667174890637397766113281250000000000
870562.6522545948391780257225036621093750000000
1886915.0388917101081460714340209960937500000000
1180708.9574246020056307315826416015625000000000
-74443.1273095280630514025688171386718750000000
829547.9295101524330675601959228515625000000000
1268628.3016265458427369594573974609375000000000
-730337.9681229565758258104324340820312500000000
585174.7592025250196456909179687500000000000000
-2314184.4326805071905255317687988281250000000000
-480375.6936679294449277222156524658203125000000
-1453.9291471884657767077442258596420288085938
1847198.4444922863040119409561157226562500000000
2141763.1954389740712940692901611328125000000000
2385845.9973899708129465579986572265625000000000
-1800630.5304309781640768051147460937500000000000
-249234.5247430997842457145452499389648437500000
1667668.9557156672235578298568725585937500000000
-1562059.9777050155680626630783081054687500000000
381764.0639458525693044066429138183593750000000
578426.1051908775698393583297729492187500000000
-556320.0117791901575401425361633300781250000000
-2550898.5630949763581156730651855468750000000000
2567890.4111479409039020538330078125000000000000
-1516245.6198005080223083496093750000000000000000
387305.3899308213149197399616241455078125000000
267728.4374658425222150981426239013671875000000
-1935072.1799923102371394634246826171875000000000
-758890.2946128046605736017227172851562500000000
-219688.3585726824821904301643371582031250000000
227996.5169547217956278473138809204101562500000
170275.7841030038252938538789749145507812500000
66011.3643986462702741846442222595214843750000
226104.7609186634654179215431213378906250000000
1639933.2050956508610397577285766601562500000000
2132565.6527219531126320362091064453125000000000
-729093.8777287715347483754158020019531250000000
2212734.8191796536557376384735107421875000000000
256221.4344484650646336376667022705078125000000
-1247651.0703028617426753044128417968750000000000
81584.5512373151577776297926902770996093750000
-960906.2520354193402454257011413574218750000000
-1325138.0754035010468214750289916992187500000000
-1348850.1023413229268044233322143554687500000000
1424592.8530840997118502855300903320312500000000
897291.9503836130024865269660949707031250000000
140196.3654069113254081457853317260742187500000
981280.0552954936865717172622680664062500000000
-572421.5612515874672681093215942382812500000000
116891.3051572992408182471990585327148437500000
385010.8889182627899572253227233886718750000000
-110753.5922278090001782402396202087402343750000
-1508158.6890724080149084329605102539062500000000
-2483238.9276878428645431995391845703125000000000
-105767.2199980796722229570150375366210937500000
-1283872.3453133413568139076232910156250000000000
637935.9995437234174460172653198242187500000000
13613.4848568190245714504271745681762695312500
-165259.1369220784981735050678253173828125000000
421038.3310455204336903989315032958984375000000
-1704980.4766659522429108619689941406250000000000
-277810.7459965656744316220283508300781250000000
-176074.7980485489242710173130035400390625000000
1591012.3199005450587719678878784179687500000000
31584.7968341358900943305343389511108398437500
-58856.3242854787822579964995384216308593750000
1457205.7823822710197418928146362304687500000000
2637593.1447491631843149662017822265625000000000
-1353649.1143142112996429204940795898437500000000
-560827.8366365525871515274047851562500000000000
-573075.0382015521172434091567993164062500000000
-394898.6003000045311637222766876220703125000000
-440791.1647175324615091085433959960937500000000
-346996.4584008181118406355381011962890625000000
-153558.7635611964215058833360671997070312500000
273744.0243889208650216460227966308593750000000
-1213149.7057664776220917701721191406250000000000
133256.5092035452835261821746826171875000000000
1134108.3218105523847043514251708984375000000000
-387662.7487741464283317327499389648437500000000
-539599.2218668084824457764625549316406250000000
459874.5877641363185830414295196533203125000000
-255045.8879913177515845745801925659179687500000
-443649.3684881922672502696514129638671875000000
-529812.0440182244637981057167053222656250000000
685315.2454628570703789591789245605468750000000
-1207857.2132597174495458602905273437500000000000
-464826.5798794741276651620864868164062500000000
928722.1468894958961755037307739257812500000000
-1024639.7158505598781630396842956542968750000000
1291732.6862928632181137800216674804687500000000
-582974.8178024839144200086593627929687500000000
315693.3625073655857704579830169677734375000000
-343365.4159483376424759626388549804687500000000
-636489.2243648746516555547714233398437500000000
124008.2868353558442322537302970886230468750000
1151744.0934603263158351182937622070312500000000
237215.0096609540632925927639007568359375000000
1575154.3293058937415480613708496093750000000000
-2512714.4378143209032714366912841796875000000000
-327119.9631059002131223678588867187500000000000
1503117.8559600936714559793472290039062500000000
-112051.2706255191587843000888824462890625000000
1138561.2236613943241536617279052734375000000000
821928.6392384878126904368400573730468750000000
-333939.2113869706518016755580902099609375000000
988738.3259708763798698782920837402343750000000
-162973.1869297744706273078918457031250000000000
1633979.4829281670972704887390136718750000000000
-279461.8485277876025065779685974121093750000000
-1313046.6005799882113933563232421875000000000000
1358529.5345508211757987737655639648437500000000
810083.1132804665248841047286987304687500000000
-253017.7101430130715016275644302368164062500000
-408912.7746237672981806099414825439453125000000
885325.2021824420662596821784973144531250000000
-1482474.5556124821305274963378906250000000000000
-951753.8838256266899406909942626953125000000000
499584.7154042748152278363704681396484375000000
1237248.7336091964971274137496948242187500000000
651093.8665170823223888874053955078125000000000
-444787.3956580279627814888954162597656250000000
-95683.5247063584974966943264007568359375000000
-272389.8800622502458281815052032470703125000000
-3876.4113115858194760221522301435470581054688
-420235.3242359355208463966846466064453125000000
1807935.7549539462197571992874145507812500000000
316884.0097946189926005899906158447265625000000
-1352515.5702359352726489305496215820312500000000
968653.0864763013087213039398193359375000000000
-560462.3295762558700516819953918457031250000000
-43009.0376442058841348625719547271728515625000
-42573.5113653376538422890007495880126953125000
210732.3872283730015624314546585083007812500000
858999.9554903700482100248336791992187500000000
-1044916.8620389004936441779136657714843750000000
373202.5847013702150434255599975585937500000000
373720.3529552836553193628787994384765625000000
1201481.2148561014328151941299438476562500000000
-977382.2081528136041015386581420898437500000000
-615317.7146496863570064306259155273437500000000
531422.2289105503587052226066589355468750000000
-163301.5631779441609978675842285156250000000000
31778.3269899647675629239529371261596679687500
-727573.7744474039645865559577941894531250000000
-1099199.7269954192452132701873779296875000000000
641412.8479978123214095830917358398437500000000
-274623.0784808021853677928447723388671875000000
679442.6852967867162078619003295898437500000000
924958.2945257001556456089019775390625000000000
-545264.4504374315729364752769470214843750000000
235021.9417858841770794242620468139648437500000
-839798.5000587638933211565017700195312500000000
-1656914.3186415554955601692199707031250000000000
315538.2853175629861652851104736328125000000000
-483637.6651120752794668078422546386718750000000
244638.5953665389388334006071090698242187500000
-37713.3957788106126827187836170196533203125000
120408.8911912344919983297586441040039062500000
-110944.0465518711716867983341217041015625000000
-798262.9002447504317387938499450683593750000000
396593.9073296550195664167404174804687500000000
212183.9758129999390803277492523193359375000000
1191479.8692475322168320417404174804687500000000
584193.4079420991474762558937072753906250000000
-67721.0118382602668134495615959167480468750000
1112216.6037111766636371612548828125000000000000
398877.5010465851519256830215454101562500000000
783630.9273611142998561263084411621093750000000
182474.4257372518768534064292907714843750000000
-941171.2887666013557463884353637695312500000000
503351.0119083782192319631576538085937500000000
592778.9990042024292051792144775390625000000000
-397930.2179765187902376055717468261718750000000
224940.2291438487009145319461822509765625000000
593967.8192948264768347144126892089843750000000
-665284.7084436542354524135589599609375000000000
115738.7074594530567992478609085083007812500000
112254.0112922842963598668575286865234375000000
308394.4076436907635070383548736572265625000000
244342.2008633591467514634132385253906250000000
-645714.1732008995022624731063842773437500000000
-820328.4465283321915194392204284667968750000000
454412.0284946372266858816146850585937500000000
-1245569.6883079658728092908859252929687500000000
-1274071.1884135627187788486480712890625000000000
-1007491.5282936304574832320213317871093750000000
-2589516.5559166357852518558502197265625000000000
-468588.4517075781477615237236022949218750000000
-628159.5914915391476824879646301269531250000000
-1470204.4407191488426178693771362304687500000000
192583.0118045297276694327592849731445312500000
446607.9513981157797388732433319091796875000000
-104073.9863029027037555351853370666503906250000
1499380.2404274179134517908096313476562500000000
-70384.8483596323785604909062385559082031250000
-294006.3425143353524617850780487060546875000000
-347848.4738454906619153916835784912109375000000
-543034.5448025742080062627792358398437500000000
373857.5827200099010951817035675048828125000000
-889198.2109493780881166458129882812500000000000
-763022.3698967430973425507545471191406250000000
140532.2040755028428975492715835571289062500000
-377471.8571976140374317765235900878906250000000
393552.3161519141867756843566894531250000000000
1115645.0570732755586504936218261718750000000000
1126667.0325636959169059991836547851562500000000
-225777.9567217858275398612022399902343750000000
-745210.1635061999550089240074157714843750000000
-531086.4588811306748539209365844726562500000000
573326.4341210421407595276832580566406250000000
1233449.2294936696998775005340576171875000000000
212398.3829802716209087520837783813476562500000
500057.9058449114090763032436370849609375000000
-559447.7839966820320114493370056152343750000000
114087.5906127596972510218620300292968750000000
963399.9519848207710310816764831542968750000000
-709664.7539869038155302405357360839843750000000
251404.3816672992543317377567291259765625000000
-231116.3940561783383600413799285888671875000000
-81218.5932009367243153974413871765136718750000
-113059.1762655757484026253223419189453125000000
-338501.5616907502408139407634735107421875000000
299733.3943650692235678434371948242187500000000
197337.9083706030796747654676437377929687500000
-253583.8214936764561571180820465087890625000000
-57239.5607299915500334464013576507568359375000
811686.2571698505198583006858825683593750000000
1163959.3374566326383501291275024414062500000000
217019.6517162423697300255298614501953125000000
-295677.4676651204936206340789794921875000000000
14895.5233339817332307575270533561706542968750
84126.7160137128230417147278785705566406250000
-395718.9302416447317227721214294433593750000000
287627.7210414353758096694946289062500000000000
690432.1537502070423215627670288085937500000000
-385576.8805545337381772696971893310546875000000
-16248.6045410471069772029295563697814941406250
-242187.6704182894027326256036758422851562500000
1025456.2315795613685622811317443847656250000000
-1138324.4495146954432129859924316406250000000000
150876.0696896839945111423730850219726562500000
614858.3598745302297174930572509765625000000000
828015.5606046676402911543846130371093750000000
119352.8666201801534043624997138977050781250000
-354855.3153953066794201731681823730468750000000
-463528.9898514546803198754787445068359375000000
-1117247.8648618853185325860977172851562500000000
-242852.0283255391696002334356307983398437500000
1198572.7217303188517689704895019531250000000000
-998583.8865529632894322276115417480468750000000
-545984.6851757800905033946037292480468750000000
-506202.6364353568060323596000671386718750000000
696490.4813722632825374603271484375000000000000
352620.8666549000190570950508117675781250000000
981637.4252353276824578642845153808593750000000
394921.1587762703420594334602355957031250000000
-676243.1630634876200929284095764160156250000000
648759.2253831458510830998420715332031250000000
-260860.5783410514413844794034957885742187500000
-457717.6320663435035385191440582275390625000000
-546540.4404963013948872685432434082031250000000
412090.4016013984219171106815338134765625000000
11223.7623217756499798269942402839660644531250
453515.7715532759902998805046081542968750000000
43122.3720638886734377592802047729492187500000
-144055.8039094991981983184814453125000000000000
422145.8406682171043939888477325439453125000000
-352436.9403200503438711166381835937500000000000
-132957.7079171102377586066722869873046875000000
1394826.3311778758652508258819580078125000000000
-480543.5688486047438345849514007568359375000000
910149.3191773681901395320892333984375000000000
-587624.5995870737824589014053344726562500000000
-557677.8393157725222408771514892578125000000000
-1898.8905782802357862237840890884399414062500
125596.9384795214718906208872795104980468750000
-786065.7353788084583356976509094238281250000000
-25521.5303419786287122406065464019775390625000
43814.2657694406298105604946613311767578125000
-16503.9584972197735623922199010848999023437500
-213597.5206485690723638981580734252929687500000
-370149.2545363450772128999233245849609375000000
-322131.0729397195391356945037841796875000000000
286089.8671020567417144775390625000000000000000
187602.8229457215347792953252792358398437500000
419142.8261264177272096276283264160156250000000
-51931.3507834399788407608866691589355468750000
-563003.1666624852223321795463562011718750000000
-364206.8111506162094883620738983154296875000000
172680.2144964484905358403921127319335937500000
532985.8272451244993135333061218261718750000000
238234.6724625346250832080841064453125000000000
135413.9829686265729833394289016723632812500000
-251418.3787729409523308277130126953125000000000
266162.2400849300902336835861206054687500000000
-129356.1235574971797177568078041076660156250000
582484.3187220451654866337776184082031250000000
-66964.4794639560132054612040519714355468750000
90959.7789420495537342503666877746582031250000
184459.4088662139838561415672302246093750000000
-325508.5417429835069924592971801757812500000000
-288360.9099837848916649818420410156250000000000
-50507.6721568063730956055223941802978515625000
-628982.2663331426447257399559020996093750000000
-236242.4228760525875259190797805786132812500000
-825332.5282986131496727466583251953125000000000
316529.9955863702925853431224822998046875000000
-68048.5138569245464168488979339599609375000000
758202.3075448118615895509719848632812500000000
396636.5796268712729215621948242187500000000000
-893365.1446641051443293690681457519531250000000
487668.9516362951253540813922882080078125000000
226191.0337559111067093908786773681640625000000
-194781.2508577642438467592000961303710937500000
-135143.4892368036962579935789108276367187500000
134957.5220111536909826099872589111328125000000
91181.8492549702641554176807403564453125000000
16210.3667212200361973373219370841979980468750
323238.7573352109175175428390502929687500000000
-59889.8951275398649158887565135955810546875000
-166080.9297936864313669502735137939453125000000
-858015.0082866091979667544364929199218750000000
333169.1091556185274384915828704833984375000000
-805327.0165351451141759753227233886718750000000
20060.0201256430955254472792148590087890625000
-135228.3671671070333104580640792846679687500000
82133.2317858983442420139908790588378906250000
-247599.3275846685864962637424468994140625000000
-92792.4669683926476864144206047058105468750000
-129721.6127061012375634163618087768554687500000
-412554.6390609432710334658622741699218750000000
202301.0281721702776849269866943359375000000000
-542313.2340119404252618551254272460937500000000
5032.7618643189307476859539747238159179687500
190293.0339618332509417086839675903320312500000
-158889.6131609714939258992671966552734375000000
615275.3756976561853662133216857910156250000000
-127824.3151340205949964001774787902832031250000
-97738.7702585653896676376461982727050781250000
-771498.4536423264071345329284667968750000000000
454830.4330151266185566782951354980468750000000
216308.9714253821584861725568771362304687500000
199963.0437105972087010741233825683593750000000
207672.5571028553531505167484283447265625000000
329771.6405575030948966741561889648437500000000
-211665.8600949514657258987426757812500000000000
-186041.9718365839507896453142166137695312500000
65703.5764987362490501254796981811523437500000
139394.5926604311680421233177185058593750000000
-418039.7603726768866181373596191406250000000000
494971.2259753879043273627758026123046875000000
460996.2435658608446829020977020263671875000000
-420970.5970041828113608062267303466796875000000
-131514.8069041375711094588041305541992187500000
346312.2391708007780835032463073730468750000000
-69740.9465476248878985643386840820312500000000
161012.8679002073185984045267105102539062500000
267578.2183368295663967728614807128906250000000
270632.0399879829492419958114624023437500000000
436202.5967587667983025312423706054687500000000
-467455.5471672545536421239376068115234375000000
-139800.2758200463431421667337417602539062500000
548514.3726459905738011002540588378906250000000
727399.2088505327701568603515625000000000000000
-421103.2604943858459591865539550781250000000000
-422789.2265806407667696475982666015625000000000
315722.3526861153077334165573120117187500000000
-484953.2821174856508150696754455566406250000000
416240.4280732601182535290718078613281250000000
121410.7276440762507263571023941040039062500000
-159134.8077619565010536462068557739257812500000
105265.2886556432786164805293083190917968750000
85736.2958963140263222157955169677734375000000
-90561.7731058124190894886851310729980468750000
379579.7899390444508753716945648193359375000000
643032.0135720183607190847396850585937500000000
624497.7335939698386937379837036132812500000000
-68463.6979678092320682480931282043457031250000
-476852.2140548814786598086357116699218750000000
173898.1297394759603776037693023681640625000000
149937.9814752103120554238557815551757812500000
356847.0027621086337603628635406494140625000000
-190204.6260828996018972247838973999023437500000
-353872.6117416960769332945346832275390625000000
170049.5351584109303075820207595825195312500000
112822.8110167992563219740986824035644531250000
-679081.6198563550133258104324340820312500000000
-699790.8416622770018875598907470703125000000000
564025.5842055981047451496124267578125000000000
-418477.8864132645539939403533935546875000000000
-364292.2917486710939556360244750976562500000000
623195.2919903143774718046188354492187500000000
-321559.1459745637839660048484802246093750000000
-255225.3035794901370536535978317260742187500000
449928.6163657927536405622959136962890625000000
-543335.1322158685652539134025573730468750000000
199205.4637088622839655727148056030273437500000
11015.6987707956814119825139641761779785156250
158937.8061796766996849328279495239257812500000
-53418.0163946751345065422356128692626953125000
203134.1117154171806760132312774658203125000000
-161842.6585912354930769652128219604492187500000
-141969.1851021874754223972558975219726562500000
-160946.9234787127934396266937255859375000000000
-51461.2674180600297404453158378601074218750000
7309.0521765712019259808585047721862792968750
125759.3983771228085970506072044372558593750000
-332285.6898727252846583724021911621093750000000
463383.4934133207425475120544433593750000000000
-120443.7234495725278975442051887512207031250000
-51366.0791028808889677748084068298339843750000
239576.8109625523793511092662811279296875000000
26900.8123585464491043239831924438476562500000
242249.7515208249387796968221664428710937500000
87012.2726794487243751063942909240722656250000
-13027.5668810585302708204835653305053710937500
307922.2872044331743381917476654052734375000000
-450807.0355609478428959846496582031250000000000
-299469.7681414832477457821369171142578125000000
-345375.4159765474614687263965606689453125000000
-144426.7074778267124202102422714233398437500000
107981.6294819450558861717581748962402343750000
-184872.0756898380350321531295776367187500000000
-80913.1047807394061237573623657226562500000000
129380.9408383026311639696359634399414062500000
-129118.0225259397120680660009384155273437500000
83001.3316694604582153260707855224609375000000
64011.4506114942851127125322818756103515625000
267885.1265039476566016674041748046875000000000
-3697.7491637691850883129518479108810424804688
33908.5481359468103619292378425598144531250000
168157.3961269650899339467287063598632812500000
375587.4095411203452385962009429931640625000000
-11614.4887671552969550248235464096069335937500
648493.4899215155746787786483764648437500000000
-180991.2297943881712853908538818359375000000000
-64261.8188358395636896602809429168701171875000
-14622.0653334037669992540031671524047851562500
-35765.0336404360932647250592708587646484375000
-53517.4558629444436519406735897064208984375000
-81847.6911972193047404289245605468750000000000
39766.6169028026924934238195419311523437500000
72877.0364453144866274669766426086425781250000
270208.5926288605551235377788543701171875000000
-182432.9666336880763992667198181152343750000000
-407367.6419277998502366244792938232421875000000
-39646.2038051689451094716787338256835937500000
-13776.6945457600086228922009468078613281250000
352799.0224724834552034735679626464843750000000
-135047.2211670571705326437950134277343750000000
-134092.0295143786643166095018386840820312500000
-83948.0764915702602593228220939636230468750000
366972.9570122782024554908275604248046875000000
-98814.1026463727757800370454788208007812500000
-288023.7467574432375840842723846435546875000000
80936.0724977375357411801815032958984375000000
194627.6799394233094062656164169311523437500000
-429758.4520238135592080652713775634765625000000
-232428.5472350457857828587293624877929687500000
132281.8636160962050780653953552246093750000000
-48821.5821596809037146158516407012939453125000
-8069.5585261283840736723504960536956787109375
97848.3621783304406562820076942443847656250000
-226175.7139106047980021685361862182617187500000
-451773.4836380837950855493545532226562500000000
26466.5411936766831786371767520904541015625000
188984.4005260959384031593799591064453125000000
147723.7530269793642219156026840209960937500000
503706.4182944867643527686595916748046875000000
15482.2924736205077351769432425498962402343750
-490707.5769740659161470830440521240234375000000
-81534.3809896622260566800832748413085937500000
-130421.8194403809466166421771049499511718750000
129722.9931369919067947193980216979980468750000
303680.2945812046527862548828125000000000000000
146631.6114092594361864030361175537109375000000
-118519.8864704653969965875148773193359375000000
-29049.8478257631213637068867683410644531250000
76965.4666521704348269850015640258789062500000
327272.4746669514570385217666625976562500000000
115432.5333968110353453084826469421386718750000
243133.4859232727903872728347778320312500000000
104662.5879143666243180632591247558593750000000
-29831.7641905083874007686972618103027343750000
-81190.2431737208826234564185142517089843750000
199521.3339159265742637217044830322265625000000
116402.2380424135044449940323829650878906250000
38472.4756914575991686433553695678710937500000
-135076.8087857143545988947153091430664062500000
251572.8956362894678022712469100952148437500000
-17655.1502937356053735129535198211669921875000
-110864.1587629684509010985493659973144531250000
-177906.8613952380255796015262603759765625000000
-103708.4084461959864711388945579528808593750000
-231394.7275080055405851453542709350585937500000
-307900.4640221180743537843227386474609375000000
198397.0053839055472053587436676025390625000000
-76884.6563517100585158914327621459960937500000
54540.9274461742461426183581352233886718750000
-312514.4091790047241374850273132324218750000000
-360284.9232080294750630855560302734375000000000
37545.8511926422870601527392864227294921875000
-72992.6879541372472885996103286743164062500000
-157568.3903455437102820724248886108398437500000
317857.5542362717096693813800811767578125000000
331506.1562236695317551493644714355468750000000
-169175.0912431071919854730367660522460937500000
-15284.5658126429061667295172810554504394531250
-137932.0280674939858727157115936279296875000000
56751.6672281623541493900120258331298828125000
422073.6218624191824346780776977539062500000000
-96545.0737538148096064105629920959472656250000
-75571.5676481190457707270979881286621093750000
696923.2205469361506402492523193359375000000000
-274039.2895779707469046115875244140625000000000
241899.9785928317578509449958801269531250000000
168396.3666977577959187328815460205078125000000
48990.9272839417171780951321125030517578125000
-192349.7021127095213159918785095214843750000000
111661.0163830287783639505505561828613281250000
168948.4735810084093827754259109497070312500000
-402907.5817372094606980681419372558593750000000
-185177.7810021112672984600067138671875000000000
-141120.3086636764055583626031875610351562500000
-86003.6597874928702367469668388366699218750000
298464.0738568116212263703346252441406250000000
-234321.3232618364272639155387878417968750000000
-222922.0463072208804078400135040283203125000000
-96182.0033831189066404476761817932128906250000
107301.4235519420617492869496345520019531250000
70487.9966479604772757738828659057617187500000
125224.1165562030219007283449172973632812500000
-353766.1312491736607626080513000488281250000000
-371871.5310085847740992903709411621093750000000
14650.0135999522572092246264219284057617187500
334982.7901945807388983666896820068359375000000
-62728.5795741029287455603480339050292968750000
-462016.2103598989779129624366760253906250000000
285957.0892672541667707264423370361328125000000
-141950.7178055375698022544384002685546875000000
104056.1526599868375342339277267456054687500000
15635.0320674493359547341242432594299316406250
49888.9828975396376335993409156799316406250000
-126031.7832819166651461273431777954101562500000
46241.2574349751957925036549568176269531250000
-79847.7700580111704766750335693359375000000000
-338643.8879499180475249886512756347656250000000
66585.2825558281183475628495216369628906250000
66554.8213977029372472316026687622070312500000
6497.5673786087809276068583130836486816406250
204555.1273172091168817132711410522460937500000
-52053.2790847827345714904367923736572265625000
-120662.4140134045155718922615051269531250000000
287156.1848773794481530785560607910156250000000
301668.8774578868178650736808776855468750000000
-65143.0311115579461329616606235504150390625000
-240801.5660743088519666343927383422851562500000
293146.7485595100442878901958465576171875000000
-182006.8905298349272925406694412231445312500000
52805.8098782486777054145932197570800781250000
45059.2674374647685908712446689605712890625000
5056.6050809872585887205787003040313720703125
-166826.4468452584987971931695938110351562500000
-453462.5853881851653568446636199951171875000000
173336.6789746858703438192605972290039062500000
41249.7410143300730851478874683380126953125000
-365444.6579583403654396533966064453125000000000
-148018.2242969523358624428510665893554687500000
-101883.5736097494082059711217880249023437500000
-435041.9194392050849273800849914550781250000000
187800.6544812685751821845769882202148437500000
408029.1632584921317175030708312988281250000000
209418.4940439670172054320573806762695312500000
29743.2811371353927825111895799636840820312500
-104352.0216935485223075374960899353027343750000
-44725.8598245486937230452895164489746093750000
123790.7689565350592602044343948364257812500000
310794.3345634970464743673801422119140625000000
145991.6951440015400294214487075805664062500000
-189601.3216503879812080413103103637695312500000
-24090.6854044683786923997104167938232421875000
234687.3153698655660264194011688232421875000000
285099.9828560291789472103118896484375000000000
110714.6973618353513302281498908996582031250000
162082.4962170748913194984197616577148437500000
-381257.1979346744483336806297302246093750000000
14351.5289664163683482911437749862670898437500
-83567.0974359487154288217425346374511718750000
162434.6599355526268482208251953125000000000000
-151983.5181083673378452658653259277343750000000
-102049.2691570226306794211268424987792968750000
198910.4351346329494845122098922729492187500000
37319.3696847353203338570892810821533203125000
-127899.9028687308455118909478187561035156250000
-19888.0855230434754048474133014678955078125000
13892.0986188048591429833322763442993164062500
40276.4000985926832072436809539794921875000000
-97860.0648438211646862328052520751953125000000
89301.0737339078041259199380874633789062500000
302304.5747498422279022634029388427734375000000
-47824.7172185047020320780575275421142578125000
78932.8484637894871411845088005065917968750000
-9206.8004990606041246792301535606384277343750
-57301.6311907820781925693154335021972656250000
5611.5913529298049979843199253082275390625000
-14665.8249475979719136375933885574340820312500
15902.7069055505944561446085572242736816406250
-111047.6345507410587742924690246582031250000000
-50934.8988076158348121680319309234619140625000
117382.5397911606123670935630798339843750000000
-102907.6598884778650244697928428649902343750000
-77961.7484027417231118306517601013183593750000
-153842.1375449126062449067831039428710937500000
127373.3572114635608159005641937255859375000000
50567.1882909286068752408027648925781250000000
-61980.0163317678743624128401279449462890625000
106323.9055609503120649605989456176757812500000
-42906.7735353121606749482452869415283203125000
167223.2061471366032492369413375854492187500000
121904.6924254010664299130439758300781250000000
-275066.3646636235644109547138214111328125000000
-221110.5642472737818025052547454833984375000000
62018.6567696079073357395827770233154296875000
228.9478554181268066258780891075730323791504
36025.4428725324469269253313541412353515625000
113371.4512990106159122660756111145019531250000
81224.9368001282273326069116592407226562500000
-8588.8998906955366692272946238517761230468750
-102931.6222368415765231475234031677246093750000
-125259.1237846338772214949131011962890625000000
-6589.1917465956803425797261297702789306640625
71451.6359479221573565155267715454101562500000
82067.7886903175531188026070594787597656250000
-18128.5870978271377680357545614242553710937500
29004.3228105501912068575620651245117187500000
-137306.0071074851148296147584915161132812500000
56309.8391756265191361308097839355468750000000
-139590.3018592049484141170978546142578125000000
56626.3699233257793821394443511962890625000000
189492.9389224243641365319490432739257812500000
-256148.6846189917414449155330657958984375000000
-83358.2357940093643264845013618469238281250000
9244.1526030493714642943814396858215332031250
109032.5104991639236686751246452331542968750000
-66552.6283634781721048057079315185546875000000
-23001.8096046308673976454883813858032226562500
-121999.3002066918270429596304893493652343750000
173363.1006545947748236358165740966796875000000
-85841.6453086395631544291973114013671875000000
-39153.7569373601145343855023384094238281250000
-305447.2676472540479153394699096679687500000000
-56328.5686830287886550650000572204589843750000
157123.2233605964283924549818038940429687500000
-166945.4706550115079153329133987426757812500000
32938.9114626994996797293424606323242187500000
-88413.8490973468433367088437080383300781250000
-34629.0252959556892164982855319976806640625000
81340.5086888880905462428927421569824218750000
47776.5647748776900698430836200714111328125000
133386.5777932615019381046295166015625000000000
-80166.3095285725867142900824546813964843750000
45665.4993371182790724560618400573730468750000
76920.4104645116312894970178604125976562500000
60861.4499240798249957151710987091064453125000
-35751.5319722031636047177016735076904296875000
-84292.1106880384613759815692901611328125000000
211353.3516112119832541793584823608398437500000
201439.6424760870868340134620666503906250000000
215456.4259259970567654818296432495117187500000
68421.0206276758399326354265213012695312500000
155254.8862057956575881689786911010742187500000
151531.6608948518405668437480926513671875000000
58406.1011161193455336615443229675292968750000
243628.9035130136180669069290161132812500000000
194099.0252603897533845156431198120117187500000
-158368.4919975458760745823383331298828125000000
-227101.3363440280663780868053436279296875000000
-40366.7123466360135353170335292816162109375000
-113859.4396517152490559965372085571289062500000
-240806.1666592539986595511436462402343750000000
-94584.3467714586731744930148124694824218750000
9616.0817348552318435395136475563049316406250
-106540.3039759388775564730167388916015625000000
271043.5816325076739303767681121826171875000000
-146946.9557646948669571429491043090820312500000
-30386.0313541568575601559132337570190429687500
-67683.1076557538326596841216087341308593750000
139368.0139499010692816227674484252929687500000
3792.6388971555206808261573314666748046875000
187779.6480184192478191107511520385742187500000
-38531.2547667935359640978276729583740234375000
-24411.9619146989607543218880891799926757812500
138796.6049698158749379217624664306640625000000
-231251.3069418276718351989984512329101562500000
-112164.3954228196234907954931259155273437500000
-160217.4486676400701981037855148315429687500000
-131763.7668283701059408485889434814453125000000
50745.9013066993211396038532257080078125000000
-115704.2621387481631245464086532592773437500000
-66468.3720301160647068172693252563476562500000
207792.4489649588067550212144851684570312500000
36319.8635744767452706582844257354736328125000
-139894.1095057925849687308073043823242187500000
185491.3997935184743255376815795898437500000000
-31702.2938778030584217049181461334228515625000
160397.0844915583147667348384857177734375000000
43868.1798979983141180127859115600585937500000
65185.5506320449712802655994892120361328125000
-193800.9067385705129709094762802124023437500000
-27332.4053583991226332727819681167602539062500
