0.3689344265229078656531669366813730448484
-32.4621845354071467681933427229523658752441
774.7796122627599970655865035951137542724609
-7992.9161549176451444509439170360565185546875
39404.5941834213081165216863155364990234375000
-69523.7585830103198532015085220336914062500000
-173993.3367262573156040161848068237304687500000
1032586.3277688247617334127426147460937500000000
-1476924.1438551729079335927963256835937500000000
-700406.4704533859621733427047729492187500000000
3281980.1107550552114844322204589843750000000000
-492100.1966014635981991887092590332031250000000
-3060973.8818386658094823360443115234375000000000
-548468.7348185393493622541427612304687500000000
2334911.1904962435364723205566406250000000000000
714419.3931439465377479791641235351562500000000
1581957.4864988334011286497116088867187500000000
-1303830.1949564816895872354507446289062500000000
-2327878.7679779967293143272399902343750000000000
-910266.4547395294066518545150756835937500000000
96538.4671895611827494576573371887207031250000
3436004.0012031360529363155364990234375000000000
-699602.6791706178337335586547851562500000000000
-714559.1627923590131103992462158203125000000000
-587609.2964551169425249099731445312500000000000
876989.2805456988280639052391052246093750000000
87682.1252877025399357080459594726562500000000
-945009.4343988008331507444381713867187500000000
885301.5804798848694190382957458496093750000000
71773.1083201090950751677155494689941406250000
2266198.9982029311358928680419921875000000000000
296749.3327583515783771872520446777343750000000
-2512562.4941163682378828525543212890625000000000
-6078233.8193549243733286857604980468750000000000
3217847.2832603673450648784637451171875000000000
144667.2904342689434997737407684326171875000000
2233670.5085596931166946887969970703125000000000
586386.2601839365670457482337951660156250000000
889667.6331888842396438121795654296875000000000
-2221623.9746861495077610015869140625000000000000
-743837.5101760420948266983032226562500000000000
216894.8018889201630372554063796997070312500000
4123733.6436874619685113430023193359375000000000
-3679977.9048005393706262111663818359375000000000
4276758.3730363845825195312500000000000000000000
706550.3987986355787143111228942871093750000000
-2755093.5595170515589416027069091796875000000000
2157099.1728954645805060863494873046875000000000
-5061027.1033541634678840637207031250000000000000
-2061656.3339135379064828157424926757812500000000
1246408.2548996212426573038101196289062500000000
-3086092.1240421086549758911132812500000000000000
-1945914.9773465462494641542434692382812500000000
11357163.3323154114186763763427734375000000000000
1738902.7492012227885425090789794921875000000000
2730162.0465981955640017986297607421875000000000
6051639.0487223621457815170288085937500000000000
-17765120.6131159141659736633300781250000000000000
19954288.8559751845896244049072265625000000000000
-20130737.1896469816565513610839843750000000000000
25511550.8789986483752727508544921875000000000000
-45712759.1898963823914527893066406250000000000000
3367717.6400756342336535453796386718750000000000
-13659096.7054970208555459976196289062500000000000
-18301108.8593474812805652618408203125000000000000
40173628.8132687434554100036621093750000000000000
-30876629.5796299465000629425048828125000000000000
15803950.3023602124303579330444335937500000000000
75947876.3885989040136337280273437500000000000000
-930434.3561245707096531987190246582031250000000
2445485.7777432361617684364318847656250000000000
-15249321.3801357466727495193481445312500000000000
6091582.9931152295321226119995117187500000000000
24326350.8291161060333251953125000000000000000000
-47188216.6429418772459030151367187500000000000000
1355694.8460393324494361877441406250000000000000
-71031981.1426050961017608642578125000000000000000
5797908.5206981161609292030334472656250000000000
29416925.7800460122525691986083984375000000000000
-23457208.7024668417870998382568359375000000000000
21594236.6261800862848758697509765625000000000000
16976346.1156340315937995910644531250000000000000
29209396.2709938511252403259277343750000000000000
-9573417.7273133881390094757080078125000000000000
-37377674.9658227488398551940917968750000000000000
-11280854.1067276503890752792358398437500000000000
-4611946.5793514056131243705749511718750000000000
13066796.7875201310962438583374023437500000000000
-15832547.7364881727844476699829101562500000000000
49249638.2922331988811492919921875000000000000000
8487180.9458453711122274398803710937500000000000
-21549732.4363661184906959533691406250000000000000
-6213558.2765831835567951202392578125000000000000
20167401.7062936425209045410156250000000000000000
-41261711.2803894579410552978515625000000000000000
-10945261.6591260340064764022827148437500000000000
10917563.0513749495148658752441406250000000000000
33767478.6433968767523765563964843750000000000000
11377976.2962911240756511688232421875000000000000
-1228518.9735551169142127037048339843750000000000
43792393.8460338786244392395019531250000000000000
31984066.4613245837390422821044921875000000000000
21042988.4003534652292728424072265625000000000000
-20980162.4559938572347164154052734375000000000000
-50786378.0416274443268775939941406250000000000000
-24302306.0170142278075218200683593750000000000000
-33295689.5102685913443565368652343750000000000000
9087515.7224333435297012329101562500000000000000
7572721.2249505808576941490173339843750000000000
-11013948.4217126090079545974731445312500000000000
-17300741.4034377820789813995361328125000000000000
479814.5985233485116623342037200927734375000000
-11034354.7181302197277545928955078125000000000000
-38168864.7581631168723106384277343750000000000000
-26395799.9082430526614189147949218750000000000000
50495978.3992720991373062133789062500000000000000
-35184274.8496216312050819396972656250000000000000
9928550.8610495366156101226806640625000000000000
-7279952.2539062537252902984619140625000000000000
52996467.6710579395294189453125000000000000000000
-22287464.6886609606444835662841796875000000000000
70317550.3823184370994567871093750000000000000000
-22003507.7154988758265972137451171875000000000000
70217143.9547697454690933227539062500000000000000
-27386536.6036856807768344879150390625000000000000
25175925.0785336457192897796630859375000000000000
24572819.7627033889293670654296875000000000000000
-13853666.5403125174343585968017578125000000000000
7497764.6683216895908117294311523437500000000000
-25991850.0056592375040054321289062500000000000000
-44294744.4987811446189880371093750000000000000000
35634074.9571809768676757812500000000000000000000
-49314692.6795679703354835510253906250000000000000
5192119.1461310507729649543762207031250000000000
-14985415.3674551192671060562133789062500000000000
8466298.7709191143512725830078125000000000000000
9921838.9580979105085134506225585937500000000000
85894921.1309671998023986816406250000000000000000
-21928405.5279672257602214813232421875000000000000
-27974218.9464414305984973907470703125000000000000
-14327213.4465191047638654708862304687500000000000
-13316478.6958288811147212982177734375000000000000
-35393883.8665243834257125854492187500000000000000
13436756.3242312613874673843383789062500000000000
8922242.4693232662975788116455078125000000000000
-31818308.3792250268161296844482421875000000000000
-10783057.7416620180010795593261718750000000000000
25309792.5934086404740810394287109375000000000000
-30689356.9051140658557415008544921875000000000000
57980972.3960826620459556579589843750000000000000
31870430.5867827236652374267578125000000000000000
41936136.5264709666371345520019531250000000000000
-21209528.1908050850033760070800781250000000000000
-22941120.6045375801622867584228515625000000000000
-35628569.7610612213611602783203125000000000000000
-25647010.4062031358480453491210937500000000000000
-20771053.8109819442033767700195312500000000000000
25251330.8945585899055004119873046875000000000000
-57630401.1986065059900283813476562500000000000000
-30505211.9014275744557380676269531250000000000000
21140196.9227929264307022094726562500000000000000
-37752228.2887700423598289489746093750000000000000
45044778.2229490578174591064453125000000000000000
39917264.3890306204557418823242187500000000000000
4891589.5158501090481877326965332031250000000000
-43625898.4558357521891593933105468750000000000000
49571953.9533920437097549438476562500000000000000
3773687.9397937688045203685760498046875000000000
32850778.1741783022880554199218750000000000000000
-15846110.0395716782659292221069335937500000000000
75980448.2869803905487060546875000000000000000000
-19988596.9850020334124565124511718750000000000000
-11726786.5268246121704578399658203125000000000000
28060229.0725712329149246215820312500000000000000
-47243024.2178956344723701477050781250000000000000
-33842161.6702837273478507995605468750000000000000
-83742287.8696347177028656005859375000000000000000
61978211.7078800946474075317382812500000000000000
-33423859.6140738725662231445312500000000000000000
25058886.0741270408034324645996093750000000000000
-63374565.5471202582120895385742187500000000000000
-11292892.7954684533178806304931640625000000000000
31395285.1125696524977684020996093750000000000000
68187963.5856092125177383422851562500000000000000
53859554.1410403698682785034179687500000000000000
42045892.2869005054235458374023437500000000000000
-7258301.7621469786390662193298339843750000000000
-4381170.2870246563106775283813476562500000000000
1953180.5365774875972419977188110351562500000000
14111837.1178389899432659149169921875000000000000
4534606.7900890214368700981140136718750000000000
-45236888.5136816948652267456054687500000000000000
-44047026.8524984940886497497558593750000000000000
63449422.1780210509896278381347656250000000000000
-14051206.3669411875307559967041015625000000000000
8189159.2360124355182051658630371093750000000000
5904852.9962543528527021408081054687500000000000
-5209870.0048732329159975051879882812500000000000
-16898346.3344895504415035247802734375000000000000
-13024954.5104652866721153259277343750000000000000
15421164.7968482319265604019165039062500000000000
32676450.0189657732844352722167968750000000000000
28036584.2526057846844196319580078125000000000000
-7565138.8767532389611005783081054687500000000000
22634588.8509231209754943847656250000000000000000
9198434.8996919151395559310913085937500000000000
-50125235.0780035331845283508300781250000000000000
-23534425.6137044690549373626708984375000000000000
2651911.6341667557135224342346191406250000000000
-13325118.7399997226893901824951171875000000000000
16080843.9045411664992570877075195312500000000000
-29302924.1425431743264198303222656250000000000000
8363308.3125223107635974884033203125000000000000
3721292.7189900320954620838165283203125000000000
-60822565.8209830522537231445312500000000000000000
-47391823.8781568035483360290527343750000000000000
40254626.6956281214952468872070312500000000000000
13558219.7158269379287958145141601562500000000000
-38393267.2266211435198783874511718750000000000000
-833589.4967076660832390189170837402343750000000
-21264129.8082079365849494934082031250000000000000
32545913.4587596245110034942626953125000000000000
-4903830.7693506572395563125610351562500000000000
-17469032.5655701830983161926269531250000000000000
-11094554.7509481664746999740600585937500000000000
-8411064.8484549727290868759155273437500000000000
-24187761.3296051882207393646240234375000000000000
-15416879.5214785132557153701782226562500000000000
48982493.3928551077842712402343750000000000000000
-16921645.4635511972010135650634765625000000000000
-24573512.2120637595653533935546875000000000000000
10744570.1059267167001962661743164062500000000000
65352571.1068858057260513305664062500000000000000
3302598.4575423696078360080718994140625000000000
-11152954.1637921258807182312011718750000000000000
-10140616.8005420304834842681884765625000000000000
23862486.6901145204901695251464843750000000000000
-19244752.1252794787287712097167968750000000000000
-73136633.0624130964279174804687500000000000000000
60080649.3466480523347854614257812500000000000000
40653440.7970405966043472290039062500000000000000
98686506.0102120935916900634765625000000000000000
36778062.5703513398766517639160156250000000000000
32258888.0907454304397106170654296875000000000000
29817652.0611116141080856323242187500000000000000
-32514417.8493450023233890533447265625000000000000
-50386513.3180025964975357055664062500000000000000
-30496615.1823760978877544403076171875000000000000
20328582.3452739566564559936523437500000000000000
-54429898.1763955652713775634765625000000000000000
20970570.1915357932448387145996093750000000000000
6425395.5790757574141025543212890625000000000000
-14870334.1818380635231733322143554687500000000000
-50988235.5442374721169471740722656250000000000000
-33062684.8883146196603775024414062500000000000000
-37568293.6680761948227882385253906250000000000000
29815702.7217118404805660247802734375000000000000
-37120501.6970001682639122009277343750000000000000
-26772409.5058841258287429809570312500000000000000
5174744.1469862945377826690673828125000000000000
28069955.0943820402026176452636718750000000000000
34603466.1124971508979797363281250000000000000000
-14972542.9070864543318748474121093750000000000000
-8997969.2008028384298086166381835937500000000000
-15623765.9041494466364383697509765625000000000000
26015377.6974012590944766998291015625000000000000
6223133.1180066047236323356628417968750000000000
34144464.3941583186388015747070312500000000000000
43574541.4445244297385215759277343750000000000000
33615210.7069380655884742736816406250000000000000
4849972.7094632275402545928955078125000000000000
31589190.7741143889725208282470703125000000000000
-27534347.9056254588067531585693359375000000000000
-54760261.2949094623327255249023437500000000000000
-9070891.5493225529789924621582031250000000000000
-16544130.8066408298909664154052734375000000000000
15715948.6480390597134828567504882812500000000000
16296007.7734635323286056518554687500000000000000
20665154.6500859707593917846679687500000000000000
49269943.1976548060774803161621093750000000000000
9446567.9871780108660459518432617187500000000000
-10479348.2470173668116331100463867187500000000000
-6596884.8373625176027417182922363281250000000000
45634289.6818226054310798645019531250000000000000
-27457217.2132503651082515716552734375000000000000
-75693205.9428565055131912231445312500000000000000
-58383349.3348738625645637512207031250000000000000
-1839032.7656341481488198041915893554687500000000
-21265508.2685876525938510894775390625000000000000
53849537.7274257689714431762695312500000000000000
17267746.0949656255543231964111328125000000000000
-11059198.2000208590179681777954101562500000000000
-16268970.9087848998606204986572265625000000000000
-27615456.2560258172452449798583984375000000000000
952851.9928031238960102200508117675781250000000
-947202.9708426614524796605110168457031250000000
-58363197.6096726655960083007812500000000000000000
15709354.6948154382407665252685546875000000000000
30130455.9409516975283622741699218750000000000000
17169403.7273029088973999023437500000000000000000
37081663.7594295591115951538085937500000000000000
-25344817.4523133300244808197021484375000000000000
26823820.6465634442865848541259765625000000000000
35009823.8581816181540489196777343750000000000000
-35120693.1837611198425292968750000000000000000000
48360199.3205864429473876953125000000000000000000
-8330567.9471631217747926712036132812500000000000
-16187327.0420548468828201293945312500000000000000
31354469.5318312570452690124511718750000000000000
-31935632.6257036216557025909423828125000000000000
66986639.5902072265744209289550781250000000000000
6356340.8939369069412350654602050781250000000000
357837.3499420258449390530586242675781250000000
41069414.9530469551682472229003906250000000000000
-14451137.0258901938796043395996093750000000000000
12996526.9238751400262117385864257812500000000000
38971590.7755562216043472290039062500000000000000
-31285520.5170494951307773590087890625000000000000
8545016.7809914238750934600830078125000000000000
-48263248.5450096875429153442382812500000000000000
21707440.0199657529592514038085937500000000000000
-51064270.2235027030110359191894531250000000000000
35273784.7579615116119384765625000000000000000000
-11091082.3139773216098546981811523437500000000000
-18719808.2189400903880596160888671875000000000000
709592.4507098934845998883247375488281250000000
28519779.0335613079369068145751953125000000000000
-15434105.3541478458791971206665039062500000000000
49033515.9148474186658859252929687500000000000000
-36301827.8408643528819084167480468750000000000000
-30771197.6651938296854496002197265625000000000000
-13600888.9309244696050882339477539062500000000000
-60564249.6772772222757339477539062500000000000000
2153683.0293367221020162105560302734375000000000
-28315341.7445080801844596862792968750000000000000
38579871.3462440371513366699218750000000000000000
-9100108.5526799149811267852783203125000000000000
-19065462.0186230391263961791992187500000000000000
-65966433.8832228258252143859863281250000000000000
48316416.8835376724600791931152343750000000000000
-19762500.6184239238500595092773437500000000000000
18736325.1383479796350002288818359375000000000000
-54867859.0091838166117668151855468750000000000000
18046457.2082153484225273132324218750000000000000
-15756961.7447818703949451446533203125000000000000
-34794215.8951258063316345214843750000000000000000
-17171639.3074139729142189025878906250000000000000
-21418560.2790190503001213073730468750000000000000
-12205611.2799172606319189071655273437500000000000
57216021.4459785521030426025390625000000000000000
29367146.5329558551311492919921875000000000000000
-7222375.5325483158230781555175781250000000000000
-11100180.3575009759515523910522460937500000000000
13730676.2421542461961507797241210937500000000000
12846857.8406957611441612243652343750000000000000
-14801685.3561913073062896728515625000000000000000
-26513155.9181267023086547851562500000000000000000
14492477.1561780031770467758178710937500000000000
-33399217.7763917744159698486328125000000000000000
9881734.3663206286728382110595703125000000000000
32287731.8813023902475833892822265625000000000000
84924721.9393119961023330688476562500000000000000
9915403.1081557739526033401489257812500000000000
7443812.5283804461359977722167968750000000000000
15339871.4162372872233390808105468750000000000000
9570237.1108728721737861633300781250000000000000
-15850558.1964259967207908630371093750000000000000
-6818001.5655554365366697311401367187500000000000
7166028.4230273682624101638793945312500000000000
19361535.3562655337154865264892578125000000000000
-23670841.1296948306262493133544921875000000000000
60741820.7115256786346435546875000000000000000000
5344164.9081097850576043128967285156250000000000
-71051627.6180272549390792846679687500000000000000
11990508.2960212044417858123779296875000000000000
19059238.4073753356933593750000000000000000000000
6724274.3874726528301835060119628906250000000000
-21934811.7148004323244094848632812500000000000000
-12955204.0768050663173198699951171875000000000000
-28201161.4756026417016983032226562500000000000000
-19882085.4398246668279170989990234375000000000000
869462.0563547525089234113693237304687500000000
-65486326.6810098811984062194824218750000000000000
-1956525.5411393470130860805511474609375000000000
-4485846.0597119377925992012023925781250000000000
-35080390.2861135676503181457519531250000000000000
44808632.8294653519988059997558593750000000000000
-12106588.4145442489534616470336914062500000000000
-30491083.8629001565277576446533203125000000000000
26270487.3916784189641475677490234375000000000000
76249532.5580587089061737060546875000000000000000
-5969702.0357727203518152236938476562500000000000
5431301.5317314323037862777709960937500000000000
20715230.0746574811637401580810546875000000000000
-30574152.8503384180366992950439453125000000000000
-13720939.3953354246914386749267578125000000000000
67460084.6696664988994598388671875000000000000000
28276726.7469251193106174468994140625000000000000
-42470733.7621058374643325805664062500000000000000
35445450.0082862153649330139160156250000000000000
-29805369.8948538191616535186767578125000000000000
19020963.7003246918320655822753906250000000000000
-13142975.0629408229142427444458007812500000000000
19415142.4164963848888874053955078125000000000000
-28797515.8028499968349933624267578125000000000000
31190494.1147915124893188476562500000000000000000
-12031260.7044552154839038848876953125000000000000
33867706.7392611578106880187988281250000000000000
6325823.8297855965793132781982421875000000000000
-8502231.6624163854867219924926757812500000000000
4982633.4947181735187768936157226562500000000000
-12651554.8305058609694242477416992187500000000000
-39799292.1121158674359321594238281250000000000000
-30218691.2370229139924049377441406250000000000000
17832776.1310904622077941894531250000000000000000
-4498150.3289601132273674011230468750000000000000
5686040.6577259190380573272705078125000000000000
42679186.9156588464975357055664062500000000000000
2661145.7897308608517050743103027343750000000000
-22833345.7866847068071365356445312500000000000000
60661356.7143789976835250854492187500000000000000
3135110.6567960791289806365966796875000000000000
2540681.3355204537510871887207031250000000000000
-17028750.9525176025927066802978515625000000000000
-4668978.7295392993837594985961914062500000000000
3875172.7547490643337368965148925781250000000000
5828980.2832980314269661903381347656250000000000
12801920.5614998731762170791625976562500000000000
-21541910.0011502690613269805908203125000000000000
-1116460.2242925651371479034423828125000000000000
-6497171.0775065757334232330322265625000000000000
3359168.0683386689051985740661621093750000000000
17419197.2932546623051166534423828125000000000000
-15835506.2572207860648632049560546875000000000000
25891054.4816653244197368621826171875000000000000
10900824.3294345401227474212646484375000000000000
17141121.2848249375820159912109375000000000000000
4706519.5923033095896244049072265625000000000000
17187090.4706237092614173889160156250000000000000
1670672.5476464114617556333541870117187500000000
-26858879.3262684345245361328125000000000000000000
-12349334.7188978251069784164428710937500000000000
16258344.4988793786615133285522460937500000000000
41886838.8179733455181121826171875000000000000000
1424805.7529721851460635662078857421875000000000
-3149431.7749459212645888328552246093750000000000
-610830.9414566032355651259422302246093750000000
12590179.8968228753656148910522460937500000000000
-11606483.0384535212069749832153320312500000000000
-35136887.0512525886297225952148437500000000000000
-1342415.9414924422744661569595336914062500000000
5385950.0703514562919735908508300781250000000000
-3071585.8570698229596018791198730468750000000000
-19851139.0851835981011390686035156250000000000000
-10928040.4333234895020723342895507812500000000000
4386593.9151518428698182106018066406250000000000
-13634417.5738538131117820739746093750000000000000
3314166.4219306888990104198455810546875000000000
-10539381.8290958013385534286499023437500000000000
2597757.9355186317116022109985351562500000000000
-10084482.8745922408998012542724609375000000000000
30576840.1253176555037498474121093750000000000000
11914747.2580199465155601501464843750000000000000
-49554820.4205044433474540710449218750000000000000
-6173915.4486251967027783393859863281250000000000
-6859754.3302920553833246231079101562500000000000
-25120104.1362053677439689636230468750000000000000
-7693951.8377418145537376403808593750000000000000
-4620830.0128860510885715484619140625000000000000
19587106.3963287100195884704589843750000000000000
-14329287.7327291425317525863647460937500000000000
-15753213.6107847392559051513671875000000000000000
15513080.8038264792412519454956054687500000000000
-31110626.5429810471832752227783203125000000000000
-24908421.3394799306988716125488281250000000000000
-13412990.4017829336225986480712890625000000000000
-34122686.5132126361131668090820312500000000000000
7419823.3518437417224049568176269531250000000000
-3604766.6879766336642205715179443359375000000000
-32539010.1778629012405872344970703125000000000000
26155657.7274404503405094146728515625000000000000
-3073344.2501311884261667728424072265625000000000
17373901.9950876794755458831787109375000000000000
-27444629.6450883299112319946289062500000000000000
-39138777.8731422349810600280761718750000000000000
5742840.7588756810873746871948242187500000000000
7113039.8817649791017174720764160156250000000000
-11884081.8647403586655855178833007812500000000000
2993584.2518905256874859333038330078125000000000
9575402.4456962198019027709960937500000000000000
1555140.3965945418458431959152221679687500000000
4222307.2720478819683194160461425781250000000000
10131969.0181678887456655502319335937500000000000
8784822.2586661819368600845336914062500000000000
42670203.6132259294390678405761718750000000000000
19848154.6527953185141086578369140625000000000000
-38033819.5332245081663131713867187500000000000000
31430192.8691287711262702941894531250000000000000
47881900.3654909208416938781738281250000000000000
2536529.4903534729965031147003173828125000000000
9462886.4567290879786014556884765625000000000000
-13480669.8263906408101320266723632812500000000000
2758489.9281899705529212951660156250000000000000
-29990955.6192323230206966400146484375000000000000
-6967964.6227120421826839447021484375000000000000
-2125658.2484168107621371746063232421875000000000
8694661.3829681538045406341552734375000000000000
17884618.8349554389715194702148437500000000000000
-6816704.3676947634667158126831054687500000000000
2253297.1941219675354659557342529296875000000000
-22905121.4665583856403827667236328125000000000000
2990849.1627815831452608108520507812500000000000
-6651219.2998259505257010459899902343750000000000
9441974.0153846982866525650024414062500000000000
4140745.7440461022779345512390136718750000000000
29180964.1672205366194248199462890625000000000000
-5448410.5633061006665229797363281250000000000000
-11478664.6524376422166824340820312500000000000000
-13368846.1859926115721464157104492187500000000000
12227963.6756612528115510940551757812500000000000
1909431.0818982422351837158203125000000000000000
10007827.2004921007901430130004882812500000000000
1055287.7535605686716735363006591796875000000000
-15002184.5163095667958259582519531250000000000000
9481518.4633765071630477905273437500000000000000
31617542.2233007550239562988281250000000000000000
2635796.8811445152387022972106933593750000000000
-35305118.1807219162583351135253906250000000000000
134956.0806809699279256165027618408203125000000
-8438205.1451607532799243927001953125000000000000
11339765.4036910533905029296875000000000000000000
-23566658.6409637592732906341552734375000000000000
-30681931.6581019684672355651855468750000000000000
16399531.1253469586372375488281250000000000000000
20553561.8322253152728080749511718750000000000000
-5289889.7239479394629597663879394531250000000000
22625910.1732722595334053039550781250000000000000
27576765.0143204368650913238525390625000000000000
19103437.0295072905719280242919921875000000000000
14830936.6161214672029018402099609375000000000000
6332302.7129872990772128105163574218750000000000
8288650.2551248762756586074829101562500000000000
-17121672.1798460073769092559814453125000000000000
23291278.6121027991175651550292968750000000000000
9998506.3009739387780427932739257812500000000000
15701720.9486852195113897323608398437500000000000
-11468246.6709320284426212310791015625000000000000
-22706982.4993448443710803985595703125000000000000
24419675.0782438963651657104492187500000000000000
-12369024.8231543172150850296020507812500000000000
13622412.0052761957049369812011718750000000000000
-9977931.5664567537605762481689453125000000000000
19051651.6942173093557357788085937500000000000000
11391375.7086770646274089813232421875000000000000
-12786873.2063774410635232925415039062500000000000
-18366554.4319031089544296264648437500000000000000
58105.9952652289939578622579574584960937500000
-7755910.8059751736000180244445800781250000000000
-5819342.6716335248202085494995117187500000000000
7550052.4674589233472943305969238281250000000000
-9635555.5465136338025331497192382812500000000000
7068140.7230337690562009811401367187500000000000
-15435070.9311351981014013290405273437500000000000
21498833.1361940242350101470947265625000000000000
8625269.0143655743449926376342773437500000000000
8909470.1831079851835966110229492187500000000000
-871620.7131931120529770851135253906250000000000
-11725628.7476949766278266906738281250000000000000
-6171097.4709646366536617279052734375000000000000
590608.9428913260344415903091430664062500000000
-175192.1288217100081965327262878417968750000000
-1178075.8409155406989157199859619140625000000000
5636090.8969730408862233161926269531250000000000
-19236813.9759103208780288696289062500000000000000
-4317934.4193297438323497772216796875000000000000
-26561195.6747639887034893035888671875000000000000
21847178.0399326980113983154296875000000000000000
-22856325.1054298244416713714599609375000000000000
-13735174.1419758256524801254272460937500000000000
18406556.0005554258823394775390625000000000000000
-3363691.7633285853080451488494873046875000000000
-31086037.2357734069228172302246093750000000000000
-20653229.5502825155854225158691406250000000000000
14219900.6659754998981952667236328125000000000000
151420.6259326009603682905435562133789062500000
1892134.4120486311148852109909057617187500000000
-3417136.1021767240017652511596679687500000000000
34193577.9450080245733261108398437500000000000000
-1119422.8697599447332322597503662109375000000000
4325007.4562605302780866622924804687500000000000
-7772082.9910255568102002143859863281250000000000
-963510.0048694781726226210594177246093750000000
-12097167.8234683442860841751098632812500000000000
-28207931.4733246862888336181640625000000000000000
-3977986.9579352065920829772949218750000000000000
-2736273.6657350747846066951751708984375000000000
10733367.8139158450067043304443359375000000000000
15573401.9879075400531291961669921875000000000000
25021370.5568075589835643768310546875000000000000
-9099462.5218690186738967895507812500000000000000
3969367.3486020485870540142059326171875000000000
-1452375.4862013868987560272216796875000000000000
9829728.4535610433667898178100585937500000000000
9905928.9638038743287324905395507812500000000000
-3921637.0162127101793885231018066406250000000000
-4291765.3785150023177266120910644531250000000000
-15213338.4776491504162549972534179687500000000000
-7485143.3515907721593976020812988281250000000000
1082165.4108543701004236936569213867187500000000
-20266418.4746388942003250122070312500000000000000
10329267.6894313581287860870361328125000000000000
-2374301.3276174981147050857543945312500000000000
-973128.6976865212200209498405456542968750000000
3542817.1103597274050116539001464843750000000000
5633947.7918975818902254104614257812500000000000
-6830968.0867695948109030723571777343750000000000
-696987.8789941286668181419372558593750000000000
-7493408.0890469728037714958190917968750000000000
6773047.1929447632282972335815429687500000000000
-16238823.3753623310476541519165039062500000000000
920824.5561139758210629224777221679687500000000
1152211.5241656510625034570693969726562500000000
-2090266.4716358676087111234664916992187500000000
9329162.9086214005947113037109375000000000000000
6537641.2841707020998001098632812500000000000000
-7632707.2867426890879869461059570312500000000000
9962344.1048001199960708618164062500000000000000
417675.3561162951518781483173370361328125000000
-7209476.4351794570684432983398437500000000000000
5152182.0133889485150575637817382812500000000000
31625058.6520985849201679229736328125000000000000
-6338715.2356097288429737091064453125000000000000
-16583201.1272664479911327362060546875000000000000
-14906141.1073435079306364059448242187500000000000
-6298783.9625345664098858833312988281250000000000
6634870.6122143939137458801269531250000000000000
17221926.0044758319854736328125000000000000000000
2492239.0953695927746593952178955078125000000000
-15645550.8894492127001285552978515625000000000000
-6758173.1880152458325028419494628906250000000000
19712220.0059209503233432769775390625000000000000
8692036.5856809765100479125976562500000000000000
-9823963.8272433821111917495727539062500000000000
-4863935.7013265667483210563659667968750000000000
12801835.0410323794931173324584960937500000000000
8544469.2670133858919143676757812500000000000000
-11395657.4583032503724098205566406250000000000000
-16192593.8125101327896118164062500000000000000000
2252109.7793789058923721313476562500000000000000
-5758763.2201343001797795295715332031250000000000
-1498655.0392415591049939393997192382812500000000
-1035253.2079755518352612853050231933593750000000
22791011.2463632784783840179443359375000000000000
-1478623.7220404043328016996383666992187500000000
24216830.1185710877180099487304687500000000000000
8886047.2849604878574609756469726562500000000000
14792504.0767676755785942077636718750000000000000
-5847971.7731098784133791923522949218750000000000
-155960.1892156117246486246585845947265625000000
7835744.4000310003757476806640625000000000000000
-15818825.2299679461866617202758789062500000000000
19691382.1340631470084190368652343750000000000000
-24923703.3653933145105838775634765625000000000000
3237871.7676740451715886592864990234375000000000
-15656420.4687620867043733596801757812500000000000
4092151.5140763334929943084716796875000000000000
7721948.1328450441360473632812500000000000000000
10851335.8255483787506818771362304687500000000000
650689.4100228595780208706855773925781250000000
5707421.9923473047092556953430175781250000000000
752764.0756359590450301766395568847656250000000
-11957211.0135263632982969284057617187500000000000
-2497653.8904882296919822692871093750000000000000
7007585.4548942437395453453063964843750000000000
-5233336.8968373378738760948181152343750000000000
9561944.2556577771902084350585937500000000000000
-14126700.3015677835792303085327148437500000000000
-7708496.5406811842694878578186035156250000000000
1147189.2640046249143779277801513671875000000000
-15041157.0016638692468404769897460937500000000000
-12293782.8323794715106487274169921875000000000000
-12202976.9433312024921178817749023437500000000000
-6045967.4463667729869484901428222656250000000000
1988583.5588368035387247800827026367187500000000
-10321144.3525497205555438995361328125000000000000
2080313.0113829777110368013381958007812500000000
-11891317.5894065182656049728393554687500000000000
10275577.8492249827831983566284179687500000000000
11163108.0746298618614673614501953125000000000000
4086972.9659633818082511425018310546875000000000
-3368382.4192778985016047954559326171875000000000
-3016839.7464561043307185173034667968750000000000
3909265.7544317878782749176025390625000000000000
18385507.9793600142002105712890625000000000000000
10800804.5954289734363555908203125000000000000000
-3116307.2664101338014006614685058593750000000000
-4709651.1858564177528023719787597656250000000000
-11252175.5381844155490398406982421875000000000000
11684082.4280166402459144592285156250000000000000
-4311015.9095415575429797172546386718750000000000
-4185743.8565923809073865413665771484375000000000
6592397.9879488591104745864868164062500000000000
-13692979.4831127338111400604248046875000000000000
4111624.6716801612637937068939208984375000000000
5678995.1956603154540061950683593750000000000000
22867664.7273563556373119354248046875000000000000
-5561285.6379874842241406440734863281250000000000
-11804070.5791582353413105010986328125000000000000
-7495925.8318273723125457763671875000000000000000
10239644.1332949716597795486450195312500000000000
-9780630.0800401046872138977050781250000000000000
-4572461.4177018795162439346313476562500000000000
3004710.7924911226145923137664794921875000000000
10705349.7817312013357877731323242187500000000000
9453136.3092943057417869567871093750000000000000
-12651904.2650674395263195037841796875000000000000
-13480557.9495779685676097869873046875000000000000
-12027077.5562044270336627960205078125000000000000
1249948.9228859141003340482711791992187500000000
-4636235.7749088825657963752746582031250000000000
7256736.5557200340554118156433105468750000000000
-3888530.1457239058800041675567626953125000000000
15364782.1926330737769603729248046875000000000000
-2416595.6391387796029448509216308593750000000000
27261584.1753774695098400115966796875000000000000
-1997336.2622386515140533447265625000000000000000
1818113.9584633118938654661178588867187500000000
-2030044.2468695126008242368698120117187500000000
-231454.7948966785625088959932327270507812500000
-7396559.0104970922693610191345214843750000000000
3721359.9788602488115429878234863281250000000000
4677455.4131474122405052185058593750000000000000
-5154090.9574200361967086791992187500000000000000
7393983.8049725145101547241210937500000000000000
5067690.3268767455592751502990722656250000000000
-1890230.3026349230203777551651000976562500000000
10835243.6489260140806436538696289062500000000000
-8720027.8888545334339141845703125000000000000000
-10285935.4433870147913694381713867187500000000000
9091089.9533735923469066619873046875000000000000
-11271551.0225507766008377075195312500000000000000
-4382834.5978768933564424514770507812500000000000
2462158.5347675574012100696563720703125000000000
5088818.7898768475279211997985839843750000000000
-9189448.2733224816620349884033203125000000000000
10430098.7467831205576658248901367187500000000000
10757960.7673298958688974380493164062500000000000
-3730198.7508389428257942199707031250000000000000
451620.8145272553083486855030059814453125000000
-15074441.3615474682301282882690429687500000000000
-11187725.8555922210216522216796875000000000000000
12873260.7373327445238828659057617187500000000000
3885440.2462107338942587375640869140625000000000
-11061730.3849048130214214324951171875000000000000
-12716222.9202950820326805114746093750000000000000
-3180688.3026760066859424114227294921875000000000
9460914.6437514368444681167602539062500000000000
-13974983.8468825109302997589111328125000000000000
4991195.9317395249381661415100097656250000000000
1695215.7615263666957616806030273437500000000000
770431.8310177576495334506034851074218750000000
6270837.3521796083077788352966308593750000000000
13714211.8790338188409805297851562500000000000000
-6041432.9448840618133544921875000000000000000000
-966391.2815284186508506536483764648437500000000
3169442.2296673897653818130493164062500000000000
-423480.5680527298245579004287719726562500000000
908983.7296610696939751505851745605468750000000
4068070.6575174019671976566314697265625000000000
5544210.1436605174094438552856445312500000000000
9175668.9566501062363386154174804687500000000000
5356696.8709404207766056060791015625000000000000
-4901479.3035837765783071517944335937500000000000
-12327848.8518167044967412948608398437500000000000
7918973.8797788778319954872131347656250000000000
10907826.2212664000689983367919921875000000000000
-2215845.7078253934159874916076660156250000000000
-10776870.2852752152830362319946289062500000000000
5956769.4362560389563441276550292968750000000000
-5165480.4980710353702306747436523437500000000000
-5437471.5062841987237334251403808593750000000000
-3433261.0509619163349270820617675781250000000000
2547963.4233847376890480518341064453125000000000
1619230.5518589077983051538467407226562500000000
10939584.6640471965074539184570312500000000000000
-1149258.3645225500222295522689819335937500000000
4459772.3905551955103874206542968750000000000000
-23963603.8911406584084033966064453125000000000000
344140.5213043225812725722789764404296875000000
-2128887.4473292753100395202636718750000000000000
9672887.9771215617656707763671875000000000000000
-10633689.7023298889398574829101562500000000000000
-12125891.9102784991264343261718750000000000000000
-5358352.5766102233901619911193847656250000000000
2381490.7624822859652340412139892578125000000000
4079095.1444941060617566108703613281250000000000
-149699.1173490902583580464124679565429687500000
-15461619.2627601046115159988403320312500000000000
6627877.2564073270186781883239746093750000000000
17595742.7825120240449905395507812500000000000000
6263508.5260322224348783493041992187500000000000
