-2.9877230243750281246661870682146400213242
1203.2787608118817388458410277962684631347656
-144704.0189291476272046566009521484375000000000
7592659.1583908423781394958496093750000000000000
-220485452.3787322044372558593750000000000000000000
4026920873.8383851051330566406250000000000000000000
-49831705765.6722564697265625000000000000000000000000
437242110997.0111694335937500000000000000000000000000
-2794492981604.7875976562500000000000000000000000000000
13171202087625.1660156250000000000000000000000000000000
-45679457038292.2187500000000000000000000000000000000000
114019475630324.8750000000000000000000000000000000000000
-192890623487965.5625000000000000000000000000000000000000
186479732969889.1875000000000000000000000000000000000000
-34765802900466.5742187500000000000000000000000000000000
-67202495151994.9218750000000000000000000000000000000000
-175567392271199.1875000000000000000000000000000000000000
477438833386158.8125000000000000000000000000000000000000
-123122629064118.1406250000000000000000000000000000000000
-507677095162860.9375000000000000000000000000000000000000
208978836880007.7187500000000000000000000000000000000000
386495396687402.9375000000000000000000000000000000000000
118048441193043.1093750000000000000000000000000000000000
-493857974625367.8750000000000000000000000000000000000000
-100255916570353.7187500000000000000000000000000000000000
-9544713428787.0332031250000000000000000000000000000000
249692757576127.9062500000000000000000000000000000000000
301377952543139.1250000000000000000000000000000000000000
23252466950905.4257812500000000000000000000000000000000
-393169656575998.6250000000000000000000000000000000000000
128127994512299.9062500000000000000000000000000000000000
-240538269234109.5937500000000000000000000000000000000000
-320042111691297.1250000000000000000000000000000000000000
108309453185534.4687500000000000000000000000000000000000
497108546012657.5625000000000000000000000000000000000000
217582730866277.9687500000000000000000000000000000000000
793752388374098.2500000000000000000000000000000000000000
-871183809619616.5000000000000000000000000000000000000000
-219341212716776.3437500000000000000000000000000000000000
-697182658939344.0000000000000000000000000000000000000000
-2535406619984.7988281250000000000000000000000000000000
82023945384664.2812500000000000000000000000000000000000
107601824923198.4062500000000000000000000000000000000000
238846446458286.8125000000000000000000000000000000000000
836748580234420.1250000000000000000000000000000000000000
434248575869114.1875000000000000000000000000000000000000
226824545756581.6875000000000000000000000000000000000000
-419541567533583.1875000000000000000000000000000000000000
-773450992187785.8750000000000000000000000000000000000000
-687398044250879.0000000000000000000000000000000000000000
-309522785068139.1875000000000000000000000000000000000000
-13792131782360.4414062500000000000000000000000000000000
-409455280016742.6250000000000000000000000000000000000000
697952429623174.7500000000000000000000000000000000000000
214697975427873.4062500000000000000000000000000000000000
1206804752083929.7500000000000000000000000000000000000000
-206461527136297.7187500000000000000000000000000000000000
713948542217278.5000000000000000000000000000000000000000
113428946375063.5468750000000000000000000000000000000000
-134284259162993.9375000000000000000000000000000000000000
-565089881990791.8750000000000000000000000000000000000000
-737721360382400.2500000000000000000000000000000000000000
-260215681306973.0625000000000000000000000000000000000000
-548455251013289.1875000000000000000000000000000000000000
-184217259316935.7812500000000000000000000000000000000000
-325329329748584.4375000000000000000000000000000000000000
20835606840476.5390625000000000000000000000000000000000
518760084188329.9375000000000000000000000000000000000000
263844301574020.6875000000000000000000000000000000000000
302114257004689.3750000000000000000000000000000000000000
552831214425139.5000000000000000000000000000000000000000
671957311835963.8750000000000000000000000000000000000000
107381617338906.0937500000000000000000000000000000000000
436166160467192.3125000000000000000000000000000000000000
-216102839371842.1875000000000000000000000000000000000000
-664545418171655.7500000000000000000000000000000000000000
76061870233862.1718750000000000000000000000000000000000
151834775009554.3437500000000000000000000000000000000000
-470547750752676.5625000000000000000000000000000000000000
-486340721444295.0000000000000000000000000000000000000000
-630104742209664.3750000000000000000000000000000000000000
233294907667191.6562500000000000000000000000000000000000
-385508058145453.7500000000000000000000000000000000000000
-698764084401175.7500000000000000000000000000000000000000
28704681637332.1757812500000000000000000000000000000000
35146115413850.3007812500000000000000000000000000000000
380563741366055.6875000000000000000000000000000000000000
338153509883082.7500000000000000000000000000000000000000
462803274399065.0000000000000000000000000000000000000000
660785100052421.1250000000000000000000000000000000000000
306833949341970.9375000000000000000000000000000000000000
720434839829065.2500000000000000000000000000000000000000
-144685947150531.4062500000000000000000000000000000000000
1551481618706.1071777343750000000000000000000000000000
240005719724170.8437500000000000000000000000000000000000
-564883577822745.2500000000000000000000000000000000000000
297504526215283.9375000000000000000000000000000000000000
-645790102012390.6250000000000000000000000000000000000000
-363503319850091.3125000000000000000000000000000000000000
282360431633391.0000000000000000000000000000000000000000
182661417004370.3750000000000000000000000000000000000000
-98663718902260.9531250000000000000000000000000000000000
-689404138885020.3750000000000000000000000000000000000000
-373083244463726.3125000000000000000000000000000000000000
-60607233860502.4296875000000000000000000000000000000000
-421437419559566.4375000000000000000000000000000000000000
-509432811141411.4375000000000000000000000000000000000000
-98656268210574.6562500000000000000000000000000000000000
-410268795355449.1250000000000000000000000000000000000000
595271932446967.7500000000000000000000000000000000000000
125405964711531.0468750000000000000000000000000000000000
-141476403572095.0312500000000000000000000000000000000000
810027981282336.7500000000000000000000000000000000000000
552020270269320.3750000000000000000000000000000000000000
-90861080616805.4687500000000000000000000000000000000000
993994810542705.8750000000000000000000000000000000000000
720600249833837.2500000000000000000000000000000000000000
-97381633190344.9375000000000000000000000000000000000000
-262616217058339.5937500000000000000000000000000000000000
576650218883680.1250000000000000000000000000000000000000
-288051727284718.8125000000000000000000000000000000000000
-530871573405908.1875000000000000000000000000000000000000
162435271659576.4062500000000000000000000000000000000000
98449932198879.8125000000000000000000000000000000000000
-247065354582179.6250000000000000000000000000000000000000
536689087335987.0625000000000000000000000000000000000000
-821281835367786.8750000000000000000000000000000000000000
-454142827595059.5625000000000000000000000000000000000000
-182469122175766.0937500000000000000000000000000000000000
58570147060302.3359375000000000000000000000000000000000
-948669696806836.3750000000000000000000000000000000000000
-23948357871155.1718750000000000000000000000000000000000
-491629510683251.2500000000000000000000000000000000000000
-391305524816301.3750000000000000000000000000000000000000
688750064510313.2500000000000000000000000000000000000000
-118866759220828.9687500000000000000000000000000000000000
342472406958762.8125000000000000000000000000000000000000
-1188227703216.8430175781250000000000000000000000000000
402279051889262.5625000000000000000000000000000000000000
-500514404705272.5625000000000000000000000000000000000000
-614373149438046.5000000000000000000000000000000000000000
191981776630268.6875000000000000000000000000000000000000
429700048370567.6875000000000000000000000000000000000000
116026520203690.7656250000000000000000000000000000000000
677070180870501.3750000000000000000000000000000000000000
134858163307368.0000000000000000000000000000000000000000
132776180666570.3437500000000000000000000000000000000000
456825735809146.0625000000000000000000000000000000000000
278971642965074.4062500000000000000000000000000000000000
492709990167184.2500000000000000000000000000000000000000
-548454167551040.5000000000000000000000000000000000000000
274352855419743.5312500000000000000000000000000000000000
-270377186410586.5312500000000000000000000000000000000000
326262467797395.3125000000000000000000000000000000000000
340065048856943.2500000000000000000000000000000000000000
117728579355008.5156250000000000000000000000000000000000
84725170447543.4687500000000000000000000000000000000000
267437072729218.3437500000000000000000000000000000000000
-423218169298574.9375000000000000000000000000000000000000
-523020082056310.0625000000000000000000000000000000000000
196139661428730.7187500000000000000000000000000000000000
-542684708897617.7500000000000000000000000000000000000000
-318229941014555.4375000000000000000000000000000000000000
-283095921226919.5000000000000000000000000000000000000000
-335015194198023.9375000000000000000000000000000000000000
-154129240455753.8750000000000000000000000000000000000000
-386542691153502.9375000000000000000000000000000000000000
-496983873052162.9375000000000000000000000000000000000000
596190688803407.6250000000000000000000000000000000000000
2281786960398.9101562500000000000000000000000000000000
-176242832640839.1875000000000000000000000000000000000000
-561953857283131.8125000000000000000000000000000000000000
-366168301021321.6250000000000000000000000000000000000000
52635277954043.1171875000000000000000000000000000000000
-115097828786980.0468750000000000000000000000000000000000
409727922756321.9375000000000000000000000000000000000000
149548341697791.4062500000000000000000000000000000000000
44418204926383.8750000000000000000000000000000000000000
296865783557589.5000000000000000000000000000000000000000
480960313058361.5000000000000000000000000000000000000000
98361583096519.7968750000000000000000000000000000000000
124277552565836.7187500000000000000000000000000000000000
-610345150200549.6250000000000000000000000000000000000000
-200544125051495.0937500000000000000000000000000000000000
629959575454803.1250000000000000000000000000000000000000
338348946800466.9375000000000000000000000000000000000000
407318541728182.4375000000000000000000000000000000000000
897285386361634.3750000000000000000000000000000000000000
474953609008236.5000000000000000000000000000000000000000
-117375374037482.8125000000000000000000000000000000000000
273764275213765.3125000000000000000000000000000000000000
125311664313337.9062500000000000000000000000000000000000
-447841879491011.4375000000000000000000000000000000000000
-246085799776411.2812500000000000000000000000000000000000
84706487735760.7031250000000000000000000000000000000000
-84263745670634.9531250000000000000000000000000000000000
463704061423221.0625000000000000000000000000000000000000
67007493680461.5234375000000000000000000000000000000000
-269425068004952.0937500000000000000000000000000000000000
-241247730869201.0625000000000000000000000000000000000000
29535099456038.8242187500000000000000000000000000000000
354004074192841.1250000000000000000000000000000000000000
-623307828289186.7500000000000000000000000000000000000000
-272517168295423.9687500000000000000000000000000000000000
-386776103658231.5000000000000000000000000000000000000000
-468570886451704.5625000000000000000000000000000000000000
-224694767565649.9062500000000000000000000000000000000000
-138296050574498.5312500000000000000000000000000000000000
-1116448375340963.0000000000000000000000000000000000000000
91417685846182.9218750000000000000000000000000000000000
147108590817682.3750000000000000000000000000000000000000
409422243587591.9375000000000000000000000000000000000000
-105821261541083.0625000000000000000000000000000000000000
177703704187395.4062500000000000000000000000000000000000
-125227353842733.2968750000000000000000000000000000000000
202507225723870.6562500000000000000000000000000000000000
-284590899652983.1875000000000000000000000000000000000000
-520998627871337.0000000000000000000000000000000000000000
154940709059278.7187500000000000000000000000000000000000
228694334751090.2812500000000000000000000000000000000000
164782010772182.3437500000000000000000000000000000000000
-932134490939813.7500000000000000000000000000000000000000
-169438545566800.1875000000000000000000000000000000000000
658761165501598.5000000000000000000000000000000000000000
247191397320936.0625000000000000000000000000000000000000
366498653417752.5000000000000000000000000000000000000000
816456193409943.5000000000000000000000000000000000000000
123703138620536.5468750000000000000000000000000000000000
26912152465535.4140625000000000000000000000000000000000
-8034065798362.2314453125000000000000000000000000000000
302451083168709.5625000000000000000000000000000000000000
262600365410413.6875000000000000000000000000000000000000
-611206929051645.6250000000000000000000000000000000000000
22792291799850.0742187500000000000000000000000000000000
266133813738086.5625000000000000000000000000000000000000
-40699333381935.6562500000000000000000000000000000000000
674828366554096.7500000000000000000000000000000000000000
278933993802489.3437500000000000000000000000000000000000
-174562835412944.0625000000000000000000000000000000000000
270613102990623.9375000000000000000000000000000000000000
-105140457959761.4218750000000000000000000000000000000000
736943403745131.2500000000000000000000000000000000000000
131683688765154.7656250000000000000000000000000000000000
-608182889835929.2500000000000000000000000000000000000000
-425312671166921.3750000000000000000000000000000000000000
203219622211953.5312500000000000000000000000000000000000
188605024980929.2500000000000000000000000000000000000000
-42628212502940.3125000000000000000000000000000000000000
513704631128516.2500000000000000000000000000000000000000
60061190864307.5234375000000000000000000000000000000000
81517500707859.2812500000000000000000000000000000000000
-769635523903708.6250000000000000000000000000000000000000
-493291045138651.0625000000000000000000000000000000000000
-757215244941427.8750000000000000000000000000000000000000
344715424283617.0625000000000000000000000000000000000000
63823220470173.1250000000000000000000000000000000000000
-514145502300124.0000000000000000000000000000000000000000
-440976790557533.8750000000000000000000000000000000000000
-883025207709760.6250000000000000000000000000000000000000
-829757675661644.8750000000000000000000000000000000000000
817492655281938.0000000000000000000000000000000000000000
-365212366224677.4375000000000000000000000000000000000000
1018228612965956.0000000000000000000000000000000000000000
-253063464024405.5625000000000000000000000000000000000000
-1167711258686577.2500000000000000000000000000000000000000
-12493051383972.0605468750000000000000000000000000000000
363098992085475.4375000000000000000000000000000000000000
-58086945825147.1406250000000000000000000000000000000000
473562074899818.0000000000000000000000000000000000000000
342366152762807.7500000000000000000000000000000000000000
527027659979191.8750000000000000000000000000000000000000
116269139624134.6093750000000000000000000000000000000000
707844295273938.7500000000000000000000000000000000000000
664922889980185.5000000000000000000000000000000000000000
-552948399212796.7500000000000000000000000000000000000000
-129140408678070.2031250000000000000000000000000000000000
-335184084030500.5000000000000000000000000000000000000000
-819041246224594.6250000000000000000000000000000000000000
-503001744471463.1875000000000000000000000000000000000000
89996671896798.0468750000000000000000000000000000000000
1000816268359863.7500000000000000000000000000000000000000
-555821235106136.0625000000000000000000000000000000000000
382950415133908.0000000000000000000000000000000000000000
166761419578334.7187500000000000000000000000000000000000
109718323830799.2187500000000000000000000000000000000000
-203678840592902.2500000000000000000000000000000000000000
302572841906774.6250000000000000000000000000000000000000
-69228852249691.5546875000000000000000000000000000000000
-197328188706458.5000000000000000000000000000000000000000
229286662612087.4375000000000000000000000000000000000000
28608418182927.2500000000000000000000000000000000000000
195165536832262.6250000000000000000000000000000000000000
469392717192417.2500000000000000000000000000000000000000
978817908207783.7500000000000000000000000000000000000000
-302906279592644.7500000000000000000000000000000000000000
562253991608680.9375000000000000000000000000000000000000
-227766721970588.9062500000000000000000000000000000000000
-753484646013094.5000000000000000000000000000000000000000
392155338389380.6250000000000000000000000000000000000000
-752969186679609.5000000000000000000000000000000000000000
874434097028501.6250000000000000000000000000000000000000
349566262496032.6250000000000000000000000000000000000000
-213683845619522.5000000000000000000000000000000000000000
-220569050813091.6562500000000000000000000000000000000000
336567490816903.1875000000000000000000000000000000000000
-841132832193843.6250000000000000000000000000000000000000
271613971838345.1250000000000000000000000000000000000000
635345361168864.0000000000000000000000000000000000000000
-915224501806932.7500000000000000000000000000000000000000
38838946036787.8828125000000000000000000000000000000000
215634913413512.5312500000000000000000000000000000000000
-547931043608359.1875000000000000000000000000000000000000
-748265818858646.3750000000000000000000000000000000000000
391592196569807.1250000000000000000000000000000000000000
-229731507448068.0312500000000000000000000000000000000000
-376740129289987.3750000000000000000000000000000000000000
-124969831572390.2343750000000000000000000000000000000000
938167332222189.8750000000000000000000000000000000000000
134942884070152.8437500000000000000000000000000000000000
-1161900553175345.5000000000000000000000000000000000000000
103233116534506.4375000000000000000000000000000000000000
66452759552393.5390625000000000000000000000000000000000
163185879862887.8437500000000000000000000000000000000000
-412599908127907.6875000000000000000000000000000000000000
-644809022363056.0000000000000000000000000000000000000000
-166227712338144.7500000000000000000000000000000000000000
17688305332712.9687500000000000000000000000000000000000
-116187363784612.4531250000000000000000000000000000000000
600671720092776.6250000000000000000000000000000000000000
620422879813869.0000000000000000000000000000000000000000
-604148463507177.0000000000000000000000000000000000000000
12254597296036.3554687500000000000000000000000000000000
475582782377936.8125000000000000000000000000000000000000
133807569908504.1875000000000000000000000000000000000000
-2156248413977.1411132812500000000000000000000000000000
273113152178552.5312500000000000000000000000000000000000
-34687245754694.9726562500000000000000000000000000000000
-245150554115418.1250000000000000000000000000000000000000
-545369295692252.3750000000000000000000000000000000000000
502368430720044.1250000000000000000000000000000000000000
238250455980515.6875000000000000000000000000000000000000
-718283506826159.2500000000000000000000000000000000000000
483343604381632.0625000000000000000000000000000000000000
-324953847327067.2500000000000000000000000000000000000000
-77163786731099.9843750000000000000000000000000000000000
494347309664266.3750000000000000000000000000000000000000
-51749387159819.0078125000000000000000000000000000000000
430276250274125.3125000000000000000000000000000000000000
1050698474504069.1250000000000000000000000000000000000000
-260608119297940.9687500000000000000000000000000000000000
-218579989010989.0937500000000000000000000000000000000000
-600012077389302.7500000000000000000000000000000000000000
628858115812621.6250000000000000000000000000000000000000
582531034774930.0000000000000000000000000000000000000000
-516679142824802.5625000000000000000000000000000000000000
260542522657033.6875000000000000000000000000000000000000
481766601860840.3750000000000000000000000000000000000000
23174342945990.0156250000000000000000000000000000000000
-74599037681812.9375000000000000000000000000000000000000
-825219202287826.0000000000000000000000000000000000000000
-538168651529522.8125000000000000000000000000000000000000
336153010108659.5000000000000000000000000000000000000000
491802287950511.7500000000000000000000000000000000000000
-1033119392853201.1250000000000000000000000000000000000000
139847609058019.4218750000000000000000000000000000000000
341841044179844.1250000000000000000000000000000000000000
255571071183374.8750000000000000000000000000000000000000
-75344388316681.9062500000000000000000000000000000000000
423251886030868.9375000000000000000000000000000000000000
292378574070731.9375000000000000000000000000000000000000
-291836692784677.6875000000000000000000000000000000000000
-71929761313598.7031250000000000000000000000000000000000
130387785143819.0312500000000000000000000000000000000000
-149328866467631.4062500000000000000000000000000000000000
535953754369484.8750000000000000000000000000000000000000
517321218729033.5000000000000000000000000000000000000000
-770836711824890.6250000000000000000000000000000000000000
226084869305558.0312500000000000000000000000000000000000
-662365492239021.3750000000000000000000000000000000000000
738542870661719.5000000000000000000000000000000000000000
38056752023161.2343750000000000000000000000000000000000
-411407526745323.5000000000000000000000000000000000000000
-79820589754116.2031250000000000000000000000000000000000
65803505269649.3281250000000000000000000000000000000000
-985710814237664.6250000000000000000000000000000000000000
-546254386856917.0625000000000000000000000000000000000000
-485135830375527.7500000000000000000000000000000000000000
-687515343190857.3750000000000000000000000000000000000000
667975777681667.6250000000000000000000000000000000000000
-41384092213999.1171875000000000000000000000000000000000
-31136509874980.0703125000000000000000000000000000000000
431849506029702.6875000000000000000000000000000000000000
-740694729158068.8750000000000000000000000000000000000000
-626614909282335.5000000000000000000000000000000000000000
298866355321263.2500000000000000000000000000000000000000
-737120938129475.0000000000000000000000000000000000000000
-104449538883797.4843750000000000000000000000000000000000
827251865803683.7500000000000000000000000000000000000000
32759304195088.8007812500000000000000000000000000000000
13023890960621.9062500000000000000000000000000000000000
508521172527907.4375000000000000000000000000000000000000
363119497540148.1250000000000000000000000000000000000000
616161235984525.7500000000000000000000000000000000000000
99779475679375.1562500000000000000000000000000000000000
-378660190773065.1250000000000000000000000000000000000000
-551413160932711.1875000000000000000000000000000000000000
-147194091082440.3437500000000000000000000000000000000000
129485506843904.8906250000000000000000000000000000000000
1099770881807074.2500000000000000000000000000000000000000
266511849255863.8125000000000000000000000000000000000000
-107457862376250.3281250000000000000000000000000000000000
366108097964183.6875000000000000000000000000000000000000
19697831515139.6562500000000000000000000000000000000000
-73548561274221.7031250000000000000000000000000000000000
251614955214977.1562500000000000000000000000000000000000
328050956758462.3750000000000000000000000000000000000000
426177329065139.8750000000000000000000000000000000000000
467936686795912.6875000000000000000000000000000000000000
573877947786069.0000000000000000000000000000000000000000
-447945009229184.9375000000000000000000000000000000000000
362052914421045.3125000000000000000000000000000000000000
-574132435221268.1250000000000000000000000000000000000000
168006646980449.5000000000000000000000000000000000000000
283891256824545.3125000000000000000000000000000000000000
-544214986834806.1250000000000000000000000000000000000000
-464245786918750.5000000000000000000000000000000000000000
-4131810554191.3247070312500000000000000000000000000000
-641045168712344.2500000000000000000000000000000000000000
-669283645166426.7500000000000000000000000000000000000000
-153468519042478.7812500000000000000000000000000000000000
112796579467211.2187500000000000000000000000000000000000
806561570053130.7500000000000000000000000000000000000000
-865378214144126.6250000000000000000000000000000000000000
119524017887044.2812500000000000000000000000000000000000
405446879608041.5000000000000000000000000000000000000000
-346850618193279.1250000000000000000000000000000000000000
-108410830429410.9531250000000000000000000000000000000000
1187376688333372.2500000000000000000000000000000000000000
-272921434786926.6562500000000000000000000000000000000000
-114006547783757.9218750000000000000000000000000000000000
-519027228096842.4375000000000000000000000000000000000000
-362275040495649.1875000000000000000000000000000000000000
-451732954524717.9375000000000000000000000000000000000000
-1288432429871460.5000000000000000000000000000000000000000
-470578275657600.0625000000000000000000000000000000000000
-380758639051584.5000000000000000000000000000000000000000
600024240547793.6250000000000000000000000000000000000000
693106182879108.7500000000000000000000000000000000000000
-270954288788875.8750000000000000000000000000000000000000
-512919100527623.9375000000000000000000000000000000000000
465406756475166.8125000000000000000000000000000000000000
32787171126036.0468750000000000000000000000000000000000
-383611100129627.4375000000000000000000000000000000000000
409399791785889.0625000000000000000000000000000000000000
1550169321632032.0000000000000000000000000000000000000000
813754659928718.1250000000000000000000000000000000000000
124576191088731.4218750000000000000000000000000000000000
737483112032122.2500000000000000000000000000000000000000
232979487597481.8437500000000000000000000000000000000000
-832965281810841.2500000000000000000000000000000000000000
-544185848547706.9375000000000000000000000000000000000000
215888990418513.2812500000000000000000000000000000000000
280260322657718.5937500000000000000000000000000000000000
107077854402286.4062500000000000000000000000000000000000
-504263957073580.0625000000000000000000000000000000000000
191753400594306.4687500000000000000000000000000000000000
703756225108228.5000000000000000000000000000000000000000
143958010033359.0937500000000000000000000000000000000000
-583932711530444.6250000000000000000000000000000000000000
-547979071862700.5625000000000000000000000000000000000000
329233125414380.5625000000000000000000000000000000000000
-301931175118882.3750000000000000000000000000000000000000
-366821288615736.2500000000000000000000000000000000000000
-257060655544083.7187500000000000000000000000000000000000
-266715638591191.4062500000000000000000000000000000000000
297694529921181.1875000000000000000000000000000000000000
425265549137120.0000000000000000000000000000000000000000
-208879812131299.4687500000000000000000000000000000000000
207927651530834.4687500000000000000000000000000000000000
-650830890693782.5000000000000000000000000000000000000000
81770022538210.1250000000000000000000000000000000000000
-345467189327826.0625000000000000000000000000000000000000
925471013931708.7500000000000000000000000000000000000000
-176509170822969.5312500000000000000000000000000000000000
602121939284840.1250000000000000000000000000000000000000
119910226418120.7968750000000000000000000000000000000000
-481078259450253.0000000000000000000000000000000000000000
-542065727095131.1250000000000000000000000000000000000000
-79855997579434.2968750000000000000000000000000000000000
-948009711948780.6250000000000000000000000000000000000000
-158514835805656.1875000000000000000000000000000000000000
1123913068953784.7500000000000000000000000000000000000000
-13434877616166.3476562500000000000000000000000000000000
440013119846568.1250000000000000000000000000000000000000
157489604877410.1562500000000000000000000000000000000000
-360734583886674.6250000000000000000000000000000000000000
336323182246946.2500000000000000000000000000000000000000
154030188781561.7812500000000000000000000000000000000000
74458362088949.1718750000000000000000000000000000000000
-255967518840242.5312500000000000000000000000000000000000
-202177021037717.6562500000000000000000000000000000000000
