1.5705328243990490655335179326357319951057
-147.3013253785171343679394340142607688903809
-10932.0635514524346945108845829963684082031250
1586689.4408708105329424142837524414062500000000
-73369910.6791083812713623046875000000000000000000
1867381289.1223928928375244140625000000000000000000
-30399687271.9910507202148437500000000000000000000000
340194790727.8893432617187500000000000000000000000000
-2723541703277.3222656250000000000000000000000000000000
15929395716556.6484375000000000000000000000000000000000
-68467185739032.2187500000000000000000000000000000000000
213868340458836.9687500000000000000000000000000000000000
-466623805027468.5000000000000000000000000000000000000000
633716880723792.7500000000000000000000000000000000000000
-299487075893663.3750000000000000000000000000000000000000
-579549302814412.8750000000000000000000000000000000000000
1028048848717479.1250000000000000000000000000000000000000
-170970556949223.4687500000000000000000000000000000000000
-732010975124007.2500000000000000000000000000000000000000
2827213392445.1738281250000000000000000000000000000000
709573234022315.8750000000000000000000000000000000000000
428807524205234.7500000000000000000000000000000000000000
-778497185966523.7500000000000000000000000000000000000000
-638807175249861.7500000000000000000000000000000000000000
254083196815933.9687500000000000000000000000000000000000
875923188217601.7500000000000000000000000000000000000000
215141890210413.0312500000000000000000000000000000000000
-507609489240949.8750000000000000000000000000000000000000
-473626469673380.5625000000000000000000000000000000000000
239239889901439.7812500000000000000000000000000000000000
-279836217642629.7500000000000000000000000000000000000000
366962617472975.7500000000000000000000000000000000000000
-33389321323959.6015625000000000000000000000000000000000
129790440135774.2031250000000000000000000000000000000000
312255842207876.3750000000000000000000000000000000000000
61941395755010.9453125000000000000000000000000000000000
-300486717632860.8125000000000000000000000000000000000000
-272583651576671.7500000000000000000000000000000000000000
-554521613909607.5625000000000000000000000000000000000000
368688374942312.3125000000000000000000000000000000000000
-102722473691945.3281250000000000000000000000000000000000
194420371451986.4687500000000000000000000000000000000000
617715129706536.6250000000000000000000000000000000000000
-6235688001845.8242187500000000000000000000000000000000
46393969425963.1406250000000000000000000000000000000000
71393610084147.6093750000000000000000000000000000000000
-162991249848256.8437500000000000000000000000000000000000
-147765582498504.9687500000000000000000000000000000000000
-697452809434596.3750000000000000000000000000000000000000
-310226104633557.3750000000000000000000000000000000000000
136786317018963.9375000000000000000000000000000000000000
-7983759272810.9150390625000000000000000000000000000000
631050099325203.5000000000000000000000000000000000000000
-115271646788252.5468750000000000000000000000000000000000
322386490061468.3750000000000000000000000000000000000000
321744216079378.4375000000000000000000000000000000000000
173311305609241.0312500000000000000000000000000000000000
321330170252081.6875000000000000000000000000000000000000
-150661569698786.8750000000000000000000000000000000000000
-431664290243954.6250000000000000000000000000000000000000
-215882090532613.0312500000000000000000000000000000000000
-655751030304464.8750000000000000000000000000000000000000
-193448826691996.2500000000000000000000000000000000000000
177222896914111.6250000000000000000000000000000000000000
-439385589945440.5000000000000000000000000000000000000000
-312165301399792.6875000000000000000000000000000000000000
255474044769975.7500000000000000000000000000000000000000
249136466591505.0000000000000000000000000000000000000000
809629936418095.8750000000000000000000000000000000000000
331037285188048.3125000000000000000000000000000000000000
955534221223261.8750000000000000000000000000000000000000
-310355936570600.8750000000000000000000000000000000000000
59705354364841.8281250000000000000000000000000000000000
-462621706103768.3750000000000000000000000000000000000000
222563254690904.9687500000000000000000000000000000000000
-241492385960886.3437500000000000000000000000000000000000
-198375083040310.1562500000000000000000000000000000000000
-478554422878576.6875000000000000000000000000000000000000
-214784470045977.0000000000000000000000000000000000000000
-2116227420083.1975097656250000000000000000000000000000
-995404802724628.3750000000000000000000000000000000000000
-423165802299202.8125000000000000000000000000000000000000
464454448673760.8750000000000000000000000000000000000000
151258186198655.4062500000000000000000000000000000000000
294038391029895.2500000000000000000000000000000000000000
554082203602153.5000000000000000000000000000000000000000
-63300998257663.4687500000000000000000000000000000000000
67707259523564.0859375000000000000000000000000000000000
755110494819257.5000000000000000000000000000000000000000
-201576640682791.6250000000000000000000000000000000000000
177943233166788.0312500000000000000000000000000000000000
496259511027606.8125000000000000000000000000000000000000
171204654173950.3437500000000000000000000000000000000000
-22989901050668.5859375000000000000000000000000000000000
278099301621476.4375000000000000000000000000000000000000
-505743583443368.8750000000000000000000000000000000000000
-178721277989096.4687500000000000000000000000000000000000
-318095540381768.4375000000000000000000000000000000000000
4672495294887.3789062500000000000000000000000000000000
-308479417486557.5625000000000000000000000000000000000000
-212981248277788.5312500000000000000000000000000000000000
-57848154690035.5390625000000000000000000000000000000000
-1332770378926722.0000000000000000000000000000000000000000
281364023262033.1250000000000000000000000000000000000000
113174627709058.2500000000000000000000000000000000000000
-422050527607202.2500000000000000000000000000000000000000
156011145306919.8437500000000000000000000000000000000000
-249869678159254.2500000000000000000000000000000000000000
424267361694446.6875000000000000000000000000000000000000
501597540347927.0000000000000000000000000000000000000000
-120938373228274.5937500000000000000000000000000000000000
154001983072555.3750000000000000000000000000000000000000
531011724304241.8125000000000000000000000000000000000000
488210144366924.1875000000000000000000000000000000000000
277404990067468.9375000000000000000000000000000000000000
-3661977097101.5756835937500000000000000000000000000000
104512954441029.8750000000000000000000000000000000000000
698479817054925.6250000000000000000000000000000000000000
206053653198872.1875000000000000000000000000000000000000
292493279982594.5625000000000000000000000000000000000000
83374756042914.4375000000000000000000000000000000000000
-531818537195989.3125000000000000000000000000000000000000
175289090972987.7812500000000000000000000000000000000000
-778051924104482.6250000000000000000000000000000000000000
-173252559812068.5000000000000000000000000000000000000000
-162666492925800.9687500000000000000000000000000000000000
-484193945345244.6250000000000000000000000000000000000000
-278751231585550.1562500000000000000000000000000000000000
-185348757156486.2500000000000000000000000000000000000000
-473561017908216.4375000000000000000000000000000000000000
-360508326453394.7500000000000000000000000000000000000000
-45519399968871.0234375000000000000000000000000000000000
-456646922712561.6875000000000000000000000000000000000000
225030097677870.2812500000000000000000000000000000000000
-501829183625338.0000000000000000000000000000000000000000
216341152030103.0000000000000000000000000000000000000000
91401353561981.5937500000000000000000000000000000000000
493409970825362.2500000000000000000000000000000000000000
-121069189804494.5781250000000000000000000000000000000000
39586316377511.6875000000000000000000000000000000000000
172862100447894.2812500000000000000000000000000000000000
348282895571328.6250000000000000000000000000000000000000
668069252935099.1250000000000000000000000000000000000000
230754565411179.0000000000000000000000000000000000000000
443761027388037.0000000000000000000000000000000000000000
28274331825038.8242187500000000000000000000000000000000
215762905373395.5312500000000000000000000000000000000000
-153262567044889.0625000000000000000000000000000000000000
709503636236052.6250000000000000000000000000000000000000
385929034492954.9375000000000000000000000000000000000000
178612672027379.4375000000000000000000000000000000000000
-495554392728690.3750000000000000000000000000000000000000
-80019324128246.2343750000000000000000000000000000000000
149217474618925.1250000000000000000000000000000000000000
-159649575358373.9687500000000000000000000000000000000000
304874762396116.1875000000000000000000000000000000000000
-300403111039962.2500000000000000000000000000000000000000
12651063750684.2734375000000000000000000000000000000000
-203963544544429.4375000000000000000000000000000000000000
-189847288155283.5937500000000000000000000000000000000000
-481029909751797.9375000000000000000000000000000000000000
-301761262554971.5625000000000000000000000000000000000000
-132185586987903.0625000000000000000000000000000000000000
-656453687340215.6250000000000000000000000000000000000000
-350527712255331.0000000000000000000000000000000000000000
-44689641474757.6093750000000000000000000000000000000000
85670809472719.8593750000000000000000000000000000000000
-367067013338633.3750000000000000000000000000000000000000
77188885945081.1718750000000000000000000000000000000000
-72274976863441.0000000000000000000000000000000000000000
-730904738469497.8750000000000000000000000000000000000000
-136289537741084.0468750000000000000000000000000000000000
458228046020354.0000000000000000000000000000000000000000
-264731961149795.7812500000000000000000000000000000000000
155939574217325.0937500000000000000000000000000000000000
-88878506682934.4531250000000000000000000000000000000000
-82429626788180.6562500000000000000000000000000000000000
192253606344883.9062500000000000000000000000000000000000
267489092740439.2187500000000000000000000000000000000000
346895872442863.6875000000000000000000000000000000000000
447661978824050.0625000000000000000000000000000000000000
342403964256892.5000000000000000000000000000000000000000
320348984507660.2500000000000000000000000000000000000000
463891553667700.1250000000000000000000000000000000000000
510970854313790.8125000000000000000000000000000000000000
-131155181541048.7656250000000000000000000000000000000000
321364604789182.1250000000000000000000000000000000000000
209818038193590.2500000000000000000000000000000000000000
44088656391997.8359375000000000000000000000000000000000
72853676400514.2812500000000000000000000000000000000000
49585862684454.8750000000000000000000000000000000000000
-312649290351572.6250000000000000000000000000000000000000
734131974925255.5000000000000000000000000000000000000000
272683914544539.5625000000000000000000000000000000000000
244076458637141.1250000000000000000000000000000000000000
-342829187765022.0000000000000000000000000000000000000000
-369107742489521.5625000000000000000000000000000000000000
-245165435059668.0937500000000000000000000000000000000000
-198185034534277.6875000000000000000000000000000000000000
-835139511124617.7500000000000000000000000000000000000000
10135483694198.8691406250000000000000000000000000000000
-176036537820167.0937500000000000000000000000000000000000
-210403110013155.7500000000000000000000000000000000000000
-1194090825954.0334472656250000000000000000000000000000
583124449765460.1250000000000000000000000000000000000000
402359611216833.3750000000000000000000000000000000000000
-507774468746557.7500000000000000000000000000000000000000
-537961464493035.0000000000000000000000000000000000000000
-187429181991428.2500000000000000000000000000000000000000
-221803616020143.9375000000000000000000000000000000000000
-160272975072340.8125000000000000000000000000000000000000
5172203574459.9238281250000000000000000000000000000000
-681254070518399.3750000000000000000000000000000000000000
-187886422159568.9687500000000000000000000000000000000000
-483486300269965.2500000000000000000000000000000000000000
31501743829732.2578125000000000000000000000000000000000
237338559451405.5937500000000000000000000000000000000000
-65452562510098.6484375000000000000000000000000000000000
-199418746728613.3125000000000000000000000000000000000000
61793756375488.8515625000000000000000000000000000000000
-239051441426814.5625000000000000000000000000000000000000
-45046957506866.6718750000000000000000000000000000000000
513420875616270.5000000000000000000000000000000000000000
275121098222462.0625000000000000000000000000000000000000
-4049390446310.8364257812500000000000000000000000000000
35205577565260.2500000000000000000000000000000000000000
-91935985812241.4062500000000000000000000000000000000000
207720085631107.3437500000000000000000000000000000000000
219127591909716.4062500000000000000000000000000000000000
-45325424883049.2031250000000000000000000000000000000000
706834803970933.2500000000000000000000000000000000000000
715129891420986.0000000000000000000000000000000000000000
402793355991131.8750000000000000000000000000000000000000
-211243258161841.4687500000000000000000000000000000000000
-29531144310561.8281250000000000000000000000000000000000
-669314342673442.8750000000000000000000000000000000000000
574958991086090.3750000000000000000000000000000000000000
240495875900540.7187500000000000000000000000000000000000
-207951053633437.2187500000000000000000000000000000000000
215319862041214.5625000000000000000000000000000000000000
417274448662529.8125000000000000000000000000000000000000
215988044731474.6250000000000000000000000000000000000000
-135279809929408.6718750000000000000000000000000000000000
-85391377538976.0781250000000000000000000000000000000000
-213208825571960.0000000000000000000000000000000000000000
57520289723558.5390625000000000000000000000000000000000
839465950112509.3750000000000000000000000000000000000000
-41946509602503.6718750000000000000000000000000000000000
-154579010359688.8125000000000000000000000000000000000000
531419062395401.8750000000000000000000000000000000000000
-60906524063010.5156250000000000000000000000000000000000
-266881532061741.2500000000000000000000000000000000000000
300685551352037.0625000000000000000000000000000000000000
-301239281417547.0000000000000000000000000000000000000000
-553541973854853.8125000000000000000000000000000000000000
-33075567372002.5664062500000000000000000000000000000000
-85781969191865.6562500000000000000000000000000000000000
-326060528499263.8750000000000000000000000000000000000000
-166225873788547.9062500000000000000000000000000000000000
-40688694385525.0390625000000000000000000000000000000000
111905166349758.3750000000000000000000000000000000000000
-219964984006444.4062500000000000000000000000000000000000
-510292117036607.6875000000000000000000000000000000000000
-453733308506681.5625000000000000000000000000000000000000
26105214229450.0273437500000000000000000000000000000000
-270674095724787.5000000000000000000000000000000000000000
-380519941313497.6250000000000000000000000000000000000000
-471096678921299.3750000000000000000000000000000000000000
588198183525588.2500000000000000000000000000000000000000
-163849304441402.5937500000000000000000000000000000000000
-285657983239503.0000000000000000000000000000000000000000
-239327321720295.3125000000000000000000000000000000000000
-162451045137621.0625000000000000000000000000000000000000
87708045115110.3750000000000000000000000000000000000000
-262413535890495.4687500000000000000000000000000000000000
459493498866004.2500000000000000000000000000000000000000
-638541712138236.1250000000000000000000000000000000000000
65942534653916.9218750000000000000000000000000000000000
639821629925515.7500000000000000000000000000000000000000
291184099374154.3750000000000000000000000000000000000000
-382566819077972.1250000000000000000000000000000000000000
289685704232977.1250000000000000000000000000000000000000
249437853594615.0312500000000000000000000000000000000000
-160718970078858.8437500000000000000000000000000000000000
313883239486129.9375000000000000000000000000000000000000
-540878522608793.6250000000000000000000000000000000000000
-228153250407869.9375000000000000000000000000000000000000
-114121380556616.8125000000000000000000000000000000000000
184673619775293.5312500000000000000000000000000000000000
452172575267378.6875000000000000000000000000000000000000
1030948724221543.1250000000000000000000000000000000000000
-231685225041153.4062500000000000000000000000000000000000
255246299676204.0937500000000000000000000000000000000000
256139274337256.9375000000000000000000000000000000000000
-564162963283527.3750000000000000000000000000000000000000
648305687035835.5000000000000000000000000000000000000000
338217587765372.2500000000000000000000000000000000000000
182929206594391.9062500000000000000000000000000000000000
241788493660665.5937500000000000000000000000000000000000
-389143579814599.0625000000000000000000000000000000000000
255842720366052.4687500000000000000000000000000000000000
153002676432416.5000000000000000000000000000000000000000
-202961882824867.1250000000000000000000000000000000000000
-228182280950898.6250000000000000000000000000000000000000
643277696471297.2500000000000000000000000000000000000000
-371201684751823.2500000000000000000000000000000000000000
277213667039395.7812500000000000000000000000000000000000
-124237716540495.2031250000000000000000000000000000000000
187042542170140.8750000000000000000000000000000000000000
-203456308934083.5625000000000000000000000000000000000000
-20527592114189.8554687500000000000000000000000000000000
36102231398095.4921875000000000000000000000000000000000
243846104849529.7500000000000000000000000000000000000000
354620500708562.8750000000000000000000000000000000000000
-562837720448085.1250000000000000000000000000000000000000
61231420030988.7890625000000000000000000000000000000000
-15642040305083.0742187500000000000000000000000000000000
-50038056872268.5234375000000000000000000000000000000000
-237565924189.1107177734375000000000000000000000000000
-223012256592705.3750000000000000000000000000000000000000
74778580816890.7187500000000000000000000000000000000000
-215923452032174.2187500000000000000000000000000000000000
15600883698641.2246093750000000000000000000000000000000
-42787338902511.8281250000000000000000000000000000000000
-99538851631356.4843750000000000000000000000000000000000
-42912140590821.6640625000000000000000000000000000000000
216488814148905.7812500000000000000000000000000000000000
-124285780611875.6562500000000000000000000000000000000000
-183126760886780.4062500000000000000000000000000000000000
480990382735404.9375000000000000000000000000000000000000
-546545333022835.5000000000000000000000000000000000000000
-230144180083397.5000000000000000000000000000000000000000
-490468895410551.0000000000000000000000000000000000000000
-36854065896369.3359375000000000000000000000000000000000
-321898779596526.8750000000000000000000000000000000000000
178979382092993.0625000000000000000000000000000000000000
251472612463025.7500000000000000000000000000000000000000
230540476263256.0625000000000000000000000000000000000000
-399362592079748.0625000000000000000000000000000000000000
-270830268394934.3125000000000000000000000000000000000000
-85743974151814.0156250000000000000000000000000000000000
-5273066253736.2187500000000000000000000000000000000000
-376080004106131.6875000000000000000000000000000000000000
96073183985075.4062500000000000000000000000000000000000
-157514547050875.9687500000000000000000000000000000000000
160881582292715.5000000000000000000000000000000000000000
407204126237751.6250000000000000000000000000000000000000
375922067792786.5000000000000000000000000000000000000000
-231902119295577.4687500000000000000000000000000000000000
-349843218028925.5000000000000000000000000000000000000000
639183010232932.1250000000000000000000000000000000000000
-274684117346867.5000000000000000000000000000000000000000
-215479708055069.0312500000000000000000000000000000000000
-57593012775144.7187500000000000000000000000000000000000
-660111026066478.3750000000000000000000000000000000000000
88472995996013.7656250000000000000000000000000000000000
-97587269851898.4687500000000000000000000000000000000000
-246404712239737.6875000000000000000000000000000000000000
386769203235760.0000000000000000000000000000000000000000
-424273157984639.6875000000000000000000000000000000000000
494020552939862.3125000000000000000000000000000000000000
577617349053699.2500000000000000000000000000000000000000
-83219904431690.4531250000000000000000000000000000000000
-385604346283833.6875000000000000000000000000000000000000
-3234151311639.5786132812500000000000000000000000000000
437212500251170.3750000000000000000000000000000000000000
-231618213087974.2812500000000000000000000000000000000000
33032533359776.6562500000000000000000000000000000000000
-70424551255743.5781250000000000000000000000000000000000
-295891962828564.0000000000000000000000000000000000000000
83155455784112.4375000000000000000000000000000000000000
-9627927956077.6894531250000000000000000000000000000000
306305634699246.3750000000000000000000000000000000000000
-7955004281113.0195312500000000000000000000000000000000
614888899177660.7500000000000000000000000000000000000000
-57398970849729.4843750000000000000000000000000000000000
125115670688075.9687500000000000000000000000000000000000
589892200605102.7500000000000000000000000000000000000000
-598101898690652.6250000000000000000000000000000000000000
421181908095764.0625000000000000000000000000000000000000
-582734431361343.0000000000000000000000000000000000000000
523578855576325.6250000000000000000000000000000000000000
337558573782740.5000000000000000000000000000000000000000
517355133183000.9375000000000000000000000000000000000000
-184740185053478.2500000000000000000000000000000000000000
-602122826125128.8750000000000000000000000000000000000000
-322612379318586.6875000000000000000000000000000000000000
211368802012738.6250000000000000000000000000000000000000
258974972388979.3437500000000000000000000000000000000000
620483351944459.7500000000000000000000000000000000000000
502735669404448.9375000000000000000000000000000000000000
29163343337021.5937500000000000000000000000000000000000
-155728414906382.8750000000000000000000000000000000000000
-127348241271668.2500000000000000000000000000000000000000
325600749573049.2500000000000000000000000000000000000000
18525839227002.0781250000000000000000000000000000000000
-353473137350624.6250000000000000000000000000000000000000
355535044268447.5625000000000000000000000000000000000000
-210966433914285.9687500000000000000000000000000000000000
6694121062279.8378906250000000000000000000000000000000
-74702916738031.7812500000000000000000000000000000000000
-436346617499147.5000000000000000000000000000000000000000
126363077582599.8125000000000000000000000000000000000000
-153679164456548.1250000000000000000000000000000000000000
253806019807423.3125000000000000000000000000000000000000
337128422909911.1875000000000000000000000000000000000000
334385889920150.5625000000000000000000000000000000000000
297985539435857.5000000000000000000000000000000000000000
-998708335871794.3750000000000000000000000000000000000000
365344858755963.2500000000000000000000000000000000000000
210279658987670.1250000000000000000000000000000000000000
147139080703840.9375000000000000000000000000000000000000
-223764478081200.9062500000000000000000000000000000000000
-95892284754070.3437500000000000000000000000000000000000
140788302110574.8125000000000000000000000000000000000000
179507045435298.6562500000000000000000000000000000000000
187567190376351.1562500000000000000000000000000000000000
-266804517979838.8125000000000000000000000000000000000000
-452102106237890.7500000000000000000000000000000000000000
-833778079288523.2500000000000000000000000000000000000000
20767151861319.6601562500000000000000000000000000000000
-498802591900009.4375000000000000000000000000000000000000
-609907107521335.6250000000000000000000000000000000000000
-399016527830574.7500000000000000000000000000000000000000
-406109023843649.5625000000000000000000000000000000000000
290483407728250.6250000000000000000000000000000000000000
-147737640892360.0937500000000000000000000000000000000000
237655283242992.4375000000000000000000000000000000000000
220646254681213.5312500000000000000000000000000000000000
-422464446646119.6875000000000000000000000000000000000000
-237544663601976.5000000000000000000000000000000000000000
112942339498055.0000000000000000000000000000000000000000
-242168698595067.7500000000000000000000000000000000000000
130178694461029.1406250000000000000000000000000000000000
-539127875314305.8750000000000000000000000000000000000000
-528800299241317.1250000000000000000000000000000000000000
209816957506802.6875000000000000000000000000000000000000
-74952276156013.7968750000000000000000000000000000000000
691064823934187.0000000000000000000000000000000000000000
369876266267872.5625000000000000000000000000000000000000
610695472934185.2500000000000000000000000000000000000000
78438286662053.1875000000000000000000000000000000000000
45227439551255.3203125000000000000000000000000000000000
-163953111431718.5000000000000000000000000000000000000000
-310831034825496.7500000000000000000000000000000000000000
-471185457190333.6250000000000000000000000000000000000000
174913223893221.0000000000000000000000000000000000000000
650855882878774.6250000000000000000000000000000000000000
190440897452502.1875000000000000000000000000000000000000
-303740282016301.3125000000000000000000000000000000000000
-215551619156188.8125000000000000000000000000000000000000
227449878497057.5625000000000000000000000000000000000000
397412944572739.0625000000000000000000000000000000000000
-660342598069903.3750000000000000000000000000000000000000
14026107860708.7402343750000000000000000000000000000000
-250264890291826.5312500000000000000000000000000000000000
-255749137830715.4375000000000000000000000000000000000000
-113688979302082.2187500000000000000000000000000000000000
-130740990254682.2656250000000000000000000000000000000000
337930371297569.9375000000000000000000000000000000000000
309387058872077.5625000000000000000000000000000000000000
65910131776520.5625000000000000000000000000000000000000
202026713829086.4375000000000000000000000000000000000000
476395177139620.8750000000000000000000000000000000000000
-210339305696233.0000000000000000000000000000000000000000
433662874632413.8125000000000000000000000000000000000000
223830364192693.7812500000000000000000000000000000000000
-311262682871925.9375000000000000000000000000000000000000
695479077660500.3750000000000000000000000000000000000000
-501283679639851.8750000000000000000000000000000000000000
317029284603804.6250000000000000000000000000000000000000
-102592458382595.7812500000000000000000000000000000000000
105910643988921.1718750000000000000000000000000000000000
440941127277773.6875000000000000000000000000000000000000
126755543091526.5937500000000000000000000000000000000000
144764844237382.0000000000000000000000000000000000000000
388793123947503.5625000000000000000000000000000000000000
145284883297289.7500000000000000000000000000000000000000
-43615047126382.9765625000000000000000000000000000000000
-42446400813440.3984375000000000000000000000000000000000
-138637895239733.4687500000000000000000000000000000000000
-621761598137124.1250000000000000000000000000000000000000
-679028671853027.7500000000000000000000000000000000000000
41847315364897.2968750000000000000000000000000000000000
-18669022935507.4726562500000000000000000000000000000000
24688539111376.6132812500000000000000000000000000000000
-244129678864264.0000000000000000000000000000000000000000
333345197101282.0625000000000000000000000000000000000000
369727515515729.0000000000000000000000000000000000000000
328109619315903.2500000000000000000000000000000000000000
27948125580169.0234375000000000000000000000000000000000
-340667095438687.0625000000000000000000000000000000000000
628349220760826.2500000000000000000000000000000000000000
175668548350509.2812500000000000000000000000000000000000
129169010069228.3437500000000000000000000000000000000000
208740803547956.5312500000000000000000000000000000000000
-267855808700894.1250000000000000000000000000000000000000
-468283150494805.0000000000000000000000000000000000000000
1146020170782742.2500000000000000000000000000000000000000
-59361798151153.7421875000000000000000000000000000000000
-140658852745380.6250000000000000000000000000000000000000
194875234640953.5312500000000000000000000000000000000000
136518057604892.9062500000000000000000000000000000000000
134483866429078.8125000000000000000000000000000000000000
138834033046653.3906250000000000000000000000000000000000
-379380148806249.3125000000000000000000000000000000000000
-410113988277704.2500000000000000000000000000000000000000
-243907409602097.0937500000000000000000000000000000000000
-279990227064414.7812500000000000000000000000000000000000
-270846695926245.1562500000000000000000000000000000000000
584188552589103.8750000000000000000000000000000000000000
-723426021502014.3750000000000000000000000000000000000000
-242339799683753.0937500000000000000000000000000000000000
279680740672658.3750000000000000000000000000000000000000
362071674363534.5625000000000000000000000000000000000000
111991506959039.7968750000000000000000000000000000000000
110837791446456.5937500000000000000000000000000000000000
341463061265379.3750000000000000000000000000000000000000
-9024636221834.9316406250000000000000000000000000000000
78892925661873.0312500000000000000000000000000000000000
-1036380043434086.6250000000000000000000000000000000000000
102173714244339.1875000000000000000000000000000000000000
-527448321182836.0625000000000000000000000000000000000000
-92906042098359.1406250000000000000000000000000000000000
-309344373700264.2500000000000000000000000000000000000000
-146292698804809.9687500000000000000000000000000000000000
-2343062180431.5371093750000000000000000000000000000000
-166253925086455.1875000000000000000000000000000000000000
99476312013149.6250000000000000000000000000000000000000
-187097022893786.0625000000000000000000000000000000000000
-555303660680579.0625000000000000000000000000000000000000
36245746476832.2421875000000000000000000000000000000000
429213908283036.8750000000000000000000000000000000000000
98217451109055.2656250000000000000000000000000000000000
-417833834437456.1250000000000000000000000000000000000000
-130612777175116.9687500000000000000000000000000000000000
513734397880617.8750000000000000000000000000000000000000
-284586504274689.3125000000000000000000000000000000000000
-1209236470117856.7500000000000000000000000000000000000000
171135282356297.7187500000000000000000000000000000000000
185306833807536.1562500000000000000000000000000000000000
-402146544043495.0000000000000000000000000000000000000000
-529558266219819.3125000000000000000000000000000000000000
28814223741435.3750000000000000000000000000000000000000
-475648289222600.1250000000000000000000000000000000000000
378657607747697.1250000000000000000000000000000000000000
249546572524863.0937500000000000000000000000000000000000
38347953488911.0859375000000000000000000000000000000000
295687158116021.6250000000000000000000000000000000000000
262219948943449.5312500000000000000000000000000000000000
-178277452226144.3125000000000000000000000000000000000000
625025874399413.0000000000000000000000000000000000000000
90078687825698.2343750000000000000000000000000000000000
435147221468349.5625000000000000000000000000000000000000
-527756331141971.1875000000000000000000000000000000000000
379275338332796.8125000000000000000000000000000000000000
157195674065523.1562500000000000000000000000000000000000
70526619303321.2031250000000000000000000000000000000000
21021731720311.8164062500000000000000000000000000000000
580014593016088.8750000000000000000000000000000000000000
-320812951703571.1250000000000000000000000000000000000000
-526166340158072.6250000000000000000000000000000000000000
812233930467828.6250000000000000000000000000000000000000
-382649312970944.0000000000000000000000000000000000000000
-610042314216904.3750000000000000000000000000000000000000
886076838328914.1250000000000000000000000000000000000000
333611085040821.2500000000000000000000000000000000000000
306131049739497.7500000000000000000000000000000000000000
-356751261644044.6875000000000000000000000000000000000000
21663189091860.2226562500000000000000000000000000000000
690505279471558.3750000000000000000000000000000000000000
148188060296220.1875000000000000000000000000000000000000
-497323840870511.5000000000000000000000000000000000000000
544779684449976.0000000000000000000000000000000000000000
-155461868800403.5000000000000000000000000000000000000000
-771916585117557.2500000000000000000000000000000000000000
884501965989045.2500000000000000000000000000000000000000
-145852990669484.9375000000000000000000000000000000000000
-232188232753135.1250000000000000000000000000000000000000
-968032823948941.3750000000000000000000000000000000000000
-219236511425653.1875000000000000000000000000000000000000
154803704407278.3750000000000000000000000000000000000000
-146801713650980.5000000000000000000000000000000000000000
-42731692284962.5468750000000000000000000000000000000000
-80396348831024.7500000000000000000000000000000000000000
317742078860795.2500000000000000000000000000000000000000
-299569861292804.3125000000000000000000000000000000000000
675343553491093.5000000000000000000000000000000000000000
845423748473134.5000000000000000000000000000000000000000
91899826348225.2500000000000000000000000000000000000000
188925684188187.3437500000000000000000000000000000000000
129184697580210.5000000000000000000000000000000000000000
234865121137850.9375000000000000000000000000000000000000
-134940073411897.9687500000000000000000000000000000000000
-305788440175799.5000000000000000000000000000000000000000
-452703539952916.0000000000000000000000000000000000000000
86240185456758.5468750000000000000000000000000000000000
999250687912666.0000000000000000000000000000000000000000
53090770283726.8125000000000000000000000000000000000000
-300953904553067.9375000000000000000000000000000000000000
-725322362186042.7500000000000000000000000000000000000000
1389467080895783.5000000000000000000000000000000000000000
324980295913659.0000000000000000000000000000000000000000
-56870116163594.8515625000000000000000000000000000000000
-648889549553546.5000000000000000000000000000000000000000
-327935417326619.4375000000000000000000000000000000000000
-361338171937664.5625000000000000000000000000000000000000
162595307720052.5937500000000000000000000000000000000000
-356886420507691.3750000000000000000000000000000000000000
288172774786509.4375000000000000000000000000000000000000
-373553962082069.0625000000000000000000000000000000000000
-659261776878614.5000000000000000000000000000000000000000
455863214957720.3125000000000000000000000000000000000000
588258845844746.5000000000000000000000000000000000000000
705873448538962.6250000000000000000000000000000000000000
-491870486334059.0000000000000000000000000000000000000000
-152334602930537.0625000000000000000000000000000000000000
4653207988901.7382812500000000000000000000000000000000
-5006821689403.0000000000000000000000000000000000000000
-665296987051731.7500000000000000000000000000000000000000
69151079978413.6796875000000000000000000000000000000000
-130239576767900.5312500000000000000000000000000000000000
56855037817370.1718750000000000000000000000000000000000
263107669029111.6250000000000000000000000000000000000000
181916715476164.0625000000000000000000000000000000000000
337121299176314.8750000000000000000000000000000000000000
-782777303539537.0000000000000000000000000000000000000000
147284320771548.5312500000000000000000000000000000000000
307936268964640.2500000000000000000000000000000000000000
468245446821318.3750000000000000000000000000000000000000
150773296857698.2812500000000000000000000000000000000000
-125832646054400.5000000000000000000000000000000000000000
-520119693105423.5625000000000000000000000000000000000000
-817706702925632.2500000000000000000000000000000000000000
-308812454334695.0625000000000000000000000000000000000000
-592006571240859.5000000000000000000000000000000000000000
957218019192976.8750000000000000000000000000000000000000
-336159820383023.5625000000000000000000000000000000000000
-183182869459767.6875000000000000000000000000000000000000
189669357517371.7500000000000000000000000000000000000000
-75902625231322.1406250000000000000000000000000000000000
-56760362836232.1640625000000000000000000000000000000000
644515288926946.0000000000000000000000000000000000000000
188123065214254.4375000000000000000000000000000000000000
-414027405025929.0000000000000000000000000000000000000000
578949457309937.6250000000000000000000000000000000000000
283964508909526.2500000000000000000000000000000000000000
-79126744449203.3125000000000000000000000000000000000000
-607455534638360.5000000000000000000000000000000000000000
-69757790207589.0859375000000000000000000000000000000000
-191793668969955.8437500000000000000000000000000000000000
74187578346210.5781250000000000000000000000000000000000
179538229793085.0312500000000000000000000000000000000000
162722300177904.0312500000000000000000000000000000000000
234868399666941.5312500000000000000000000000000000000000
-72546745380049.9843750000000000000000000000000000000000
-603041401332671.6250000000000000000000000000000000000000
-1014063858114249.6250000000000000000000000000000000000000
-227392422089793.8750000000000000000000000000000000000000
-762801190363949.0000000000000000000000000000000000000000
-160588313262697.8125000000000000000000000000000000000000
-176986110883724.1250000000000000000000000000000000000000
492513397605545.5000000000000000000000000000000000000000
676714856048857.6250000000000000000000000000000000000000
276981988328752.2500000000000000000000000000000000000000
327384661449291.0000000000000000000000000000000000000000
283511972445109.1250000000000000000000000000000000000000
93918798830632.7968750000000000000000000000000000000000
71546741607534.6718750000000000000000000000000000000000
149003691266909.3125000000000000000000000000000000000000
-772150267084829.6250000000000000000000000000000000000000
77096838516154.1875000000000000000000000000000000000000
-697499615249697.3750000000000000000000000000000000000000
288879468629508.1250000000000000000000000000000000000000
359673936937842.4375000000000000000000000000000000000000
389466249086775.8125000000000000000000000000000000000000
-133326287816470.6093750000000000000000000000000000000000
-263426227914068.9375000000000000000000000000000000000000
20333744659146.0000000000000000000000000000000000000000
-154443124341308.1875000000000000000000000000000000000000
246010147618760.7187500000000000000000000000000000000000
306206396470787.6875000000000000000000000000000000000000
-712289280642881.7500000000000000000000000000000000000000
520319734613521.3125000000000000000000000000000000000000
195007698224948.0000000000000000000000000000000000000000
46353288895657.9140625000000000000000000000000000000000
-282833777871308.5625000000000000000000000000000000000000
-257229363561361.1250000000000000000000000000000000000000
637212214981284.8750000000000000000000000000000000000000
-44956532706240.5156250000000000000000000000000000000000
7323952472492.4707031250000000000000000000000000000000
-420058905901510.9375000000000000000000000000000000000000
252764842583765.7812500000000000000000000000000000000000
366970801824508.2500000000000000000000000000000000000000
-559634078310210.1250000000000000000000000000000000000000
21850311843654.2382812500000000000000000000000000000000
735627395903756.0000000000000000000000000000000000000000
-791702995172024.1250000000000000000000000000000000000000
146152947488230.9062500000000000000000000000000000000000
-284980821958054.6875000000000000000000000000000000000000
-62120016978259.6562500000000000000000000000000000000000
454055142024308.1875000000000000000000000000000000000000
865729190322416.5000000000000000000000000000000000000000
134194856766071.5468750000000000000000000000000000000000
-880252476524351.3750000000000000000000000000000000000000
405535920468264.8125000000000000000000000000000000000000
-97086531307029.5468750000000000000000000000000000000000
-183578148429629.1875000000000000000000000000000000000000
-326079566419400.0000000000000000000000000000000000000000
51483403748712.9453125000000000000000000000000000000000
276043329717703.6562500000000000000000000000000000000000
-202648643450228.1250000000000000000000000000000000000000
-68918890251687.9453125000000000000000000000000000000000
-48130866361187.3046875000000000000000000000000000000000
-522789085021534.5625000000000000000000000000000000000000
310882982714673.2500000000000000000000000000000000000000
273178867491768.9687500000000000000000000000000000000000
340241579504058.8125000000000000000000000000000000000000
115455761213448.8437500000000000000000000000000000000000
-68954844957347.0859375000000000000000000000000000000000
357520270796172.6250000000000000000000000000000000000000
533390761362010.0625000000000000000000000000000000000000
256650801605198.1250000000000000000000000000000000000000
268448309744133.4375000000000000000000000000000000000000
311760981412380.8750000000000000000000000000000000000000
235416407922201.8437500000000000000000000000000000000000
-667541744086421.1250000000000000000000000000000000000000
486521756057001.0000000000000000000000000000000000000000
-206772829289607.7812500000000000000000000000000000000000
337424656908722.2500000000000000000000000000000000000000
-52168334728043.5000000000000000000000000000000000000000
269205510183125.5625000000000000000000000000000000000000
-613595231052167.0000000000000000000000000000000000000000
-106175521521558.2812500000000000000000000000000000000000
122662483339536.0156250000000000000000000000000000000000
-712151253902789.0000000000000000000000000000000000000000
-153853310113324.9687500000000000000000000000000000000000
439296627947702.0000000000000000000000000000000000000000
-10880885474575.7421875000000000000000000000000000000000
18953535256391.9765625000000000000000000000000000000000
512037380866475.5000000000000000000000000000000000000000
234131003326194.2812500000000000000000000000000000000000
153653905157188.7812500000000000000000000000000000000000
409563662089215.3125000000000000000000000000000000000000
-497516925609722.8750000000000000000000000000000000000000
91037633701650.2656250000000000000000000000000000000000
354566429642096.3125000000000000000000000000000000000000
-213114178220348.0312500000000000000000000000000000000000
-331684569609558.6875000000000000000000000000000000000000
-97692766668683.7343750000000000000000000000000000000000
-337488146852366.3750000000000000000000000000000000000000
18229420541084.8984375000000000000000000000000000000000
-867516969790081.2500000000000000000000000000000000000000
-585677299522378.8750000000000000000000000000000000000000
-56024667437021.0078125000000000000000000000000000000000
-308686281248767.5625000000000000000000000000000000000000
-399031341987205.2500000000000000000000000000000000000000
-188285693275703.1562500000000000000000000000000000000000
-173535523438673.9375000000000000000000000000000000000000
781877764623753.6250000000000000000000000000000000000000
175023901065584.9062500000000000000000000000000000000000
-498037347981274.1875000000000000000000000000000000000000
-484745531761126.3750000000000000000000000000000000000000
595877441673232.3750000000000000000000000000000000000000
769464133353858.2500000000000000000000000000000000000000
542909111236194.0000000000000000000000000000000000000000
-156468376318796.8437500000000000000000000000000000000000
326581342652600.6250000000000000000000000000000000000000
-766394191592333.7500000000000000000000000000000000000000
91620030199463.9218750000000000000000000000000000000000
-895713749395693.0000000000000000000000000000000000000000
-137611679722042.4062500000000000000000000000000000000000
774313984772867.5000000000000000000000000000000000000000
58800940348107.0390625000000000000000000000000000000000
35284726230052.1796875000000000000000000000000000000000
14108449293210.7988281250000000000000000000000000000000
-199204396459980.4375000000000000000000000000000000000000
124397631844639.2343750000000000000000000000000000000000
-139281485635683.7812500000000000000000000000000000000000
-289062566154267.6250000000000000000000000000000000000000
105174349502958.1875000000000000000000000000000000000000
117555300329480.5937500000000000000000000000000000000000
794747587518856.7500000000000000000000000000000000000000
-37895412344508.3437500000000000000000000000000000000000
-678867298906839.0000000000000000000000000000000000000000
655370574935133.3750000000000000000000000000000000000000
-49929972440456.8203125000000000000000000000000000000000
62103099852692.8359375000000000000000000000000000000000
509395248226168.2500000000000000000000000000000000000000
-342074927348460.1875000000000000000000000000000000000000
-268226736788513.6562500000000000000000000000000000000000
-367965240380582.1250000000000000000000000000000000000000
302225674212882.2500000000000000000000000000000000000000
129924593450862.0468750000000000000000000000000000000000
60363420083384.8593750000000000000000000000000000000000
-1269166132354373.2500000000000000000000000000000000000000
-337068969584618.0000000000000000000000000000000000000000
8621232284930.1689453125000000000000000000000000000000
-96491901086414.7031250000000000000000000000000000000000
493555482474186.7500000000000000000000000000000000000000
-375107371161017.6250000000000000000000000000000000000000
-394381622515209.1250000000000000000000000000000000000000
-178942861050404.0312500000000000000000000000000000000000
17938418925753.1093750000000000000000000000000000000000
-353010485367184.1250000000000000000000000000000000000000
-455525818783294.6250000000000000000000000000000000000000
-105960594061730.0937500000000000000000000000000000000000
310039077325984.0000000000000000000000000000000000000000
238214269902560.5312500000000000000000000000000000000000
-20641690426602.8671875000000000000000000000000000000000
141228933614914.7187500000000000000000000000000000000000
-612749387599988.6250000000000000000000000000000000000000
363767979989352.0000000000000000000000000000000000000000
602774295789281.2500000000000000000000000000000000000000
269529016678024.2187500000000000000000000000000000000000
1185418191956856.0000000000000000000000000000000000000000
295043809720983.8125000000000000000000000000000000000000
-678812204682888.3750000000000000000000000000000000000000
47094921095938.5625000000000000000000000000000000000000
205447163399340.3437500000000000000000000000000000000000
-454998152358614.1250000000000000000000000000000000000000
180848220328919.2500000000000000000000000000000000000000
172647543046971.4375000000000000000000000000000000000000
174353689825355.5312500000000000000000000000000000000000
246791635580247.6250000000000000000000000000000000000000
78365017561823.5625000000000000000000000000000000000000
165464083188938.7812500000000000000000000000000000000000
-981521970569633.1250000000000000000000000000000000000000
11180139532166.7773437500000000000000000000000000000000
136614324497543.4531250000000000000000000000000000000000
-130791468384152.5156250000000000000000000000000000000000
248242370650665.7187500000000000000000000000000000000000
-822445268787260.6250000000000000000000000000000000000000
851778417945843.6250000000000000000000000000000000000000
-342427447682572.5000000000000000000000000000000000000000
325966258293914.8750000000000000000000000000000000000000
-12304392121999.7656250000000000000000000000000000000000
307974960269511.1250000000000000000000000000000000000000
1085127968995649.6250000000000000000000000000000000000000
-284180628598078.6250000000000000000000000000000000000000
130809740192696.3281250000000000000000000000000000000000
32736338000737.0195312500000000000000000000000000000000
654962938470601.7500000000000000000000000000000000000000
71517213848800.3593750000000000000000000000000000000000
-362068540681435.4375000000000000000000000000000000000000
233828121796700.6875000000000000000000000000000000000000
15419349813839.8398437500000000000000000000000000000000
-64054564216971.7031250000000000000000000000000000000000
486472736577442.1875000000000000000000000000000000000000
247902181599264.5312500000000000000000000000000000000000
-63371089828915.7187500000000000000000000000000000000000
265615471703618.0625000000000000000000000000000000000000
140723083029428.8750000000000000000000000000000000000000
-1160996051133585.0000000000000000000000000000000000000000
-485026189018381.0625000000000000000000000000000000000000
-236466697078699.6250000000000000000000000000000000000000
231014023755151.5625000000000000000000000000000000000000
507478667703139.8750000000000000000000000000000000000000
-55565569643638.2812500000000000000000000000000000000000
336412832273517.6875000000000000000000000000000000000000
476059013230783.2500000000000000000000000000000000000000
63911936192515.3906250000000000000000000000000000000000
-97684898099012.4218750000000000000000000000000000000000
-61982527136996.8593750000000000000000000000000000000000
406579504686766.8750000000000000000000000000000000000000
-604323930103730.1250000000000000000000000000000000000000
-867258542399861.7500000000000000000000000000000000000000
61767444274051.1171875000000000000000000000000000000000
-444439002211901.1875000000000000000000000000000000000000
352973865494328.1250000000000000000000000000000000000000
-88332512115684.4375000000000000000000000000000000000000
121068521439015.8437500000000000000000000000000000000000
-13336153948859.8183593750000000000000000000000000000000
-271956411774015.5625000000000000000000000000000000000000
-243809566062694.7187500000000000000000000000000000000000
83650256656907.0312500000000000000000000000000000000000
-384154986663758.1875000000000000000000000000000000000000
-119251904710565.0000000000000000000000000000000000000000
-415762494255053.9375000000000000000000000000000000000000
21200937831781.8710937500000000000000000000000000000000
-74651614232138.1406250000000000000000000000000000000000
-40522220548271.9609375000000000000000000000000000000000
-264024025550816.7500000000000000000000000000000000000000
808459834602369.6250000000000000000000000000000000000000
-108242047990660.1250000000000000000000000000000000000000
-291449455106956.7500000000000000000000000000000000000000
23371947588378.0000000000000000000000000000000000000000
146710694341220.6562500000000000000000000000000000000000
-244956533041110.8437500000000000000000000000000000000000
-667179220061719.7500000000000000000000000000000000000000
-71960471792515.5781250000000000000000000000000000000000
108141620141193.6093750000000000000000000000000000000000
-548019548045236.5000000000000000000000000000000000000000
-283772578298236.3125000000000000000000000000000000000000
-215946509380261.9687500000000000000000000000000000000000
488660353772125.6875000000000000000000000000000000000000
-26290835159598.6015625000000000000000000000000000000000
-21393008116815.1992187500000000000000000000000000000000
-183329849014270.7500000000000000000000000000000000000000
874101256553861.0000000000000000000000000000000000000000
44317338272451.4296875000000000000000000000000000000000
623730059774687.0000000000000000000000000000000000000000
-343965059477380.2500000000000000000000000000000000000000
-73708373221698.3906250000000000000000000000000000000000
-6748495791126.3544921875000000000000000000000000000000
33889828073823.9062500000000000000000000000000000000000
-451528953105576.5625000000000000000000000000000000000000
168497337846766.6250000000000000000000000000000000000000
528412086815611.1250000000000000000000000000000000000000
690124826551060.0000000000000000000000000000000000000000
-312140451193615.4375000000000000000000000000000000000000
17539851869723.2558593750000000000000000000000000000000
1289971649272830.5000000000000000000000000000000000000000
-337112008816804.2500000000000000000000000000000000000000
33397038301547.0703125000000000000000000000000000000000
-155967391184271.3750000000000000000000000000000000000000
-121618220577906.5625000000000000000000000000000000000000
-1213138723376908.0000000000000000000000000000000000000000
-692937526559788.3750000000000000000000000000000000000000
-170124231457283.7500000000000000000000000000000000000000
-137080383932139.3437500000000000000000000000000000000000
689487294408922.2500000000000000000000000000000000000000
-170438265447676.5937500000000000000000000000000000000000
760500141052562.6250000000000000000000000000000000000000
-495547435131197.4375000000000000000000000000000000000000
104208233629644.8437500000000000000000000000000000000000
-284505061685122.4375000000000000000000000000000000000000
36938390935033.8203125000000000000000000000000000000000
849338749588941.7500000000000000000000000000000000000000
-293424427335559.7500000000000000000000000000000000000000
200898698579566.4687500000000000000000000000000000000000
-517882314934450.3750000000000000000000000000000000000000
115075939515714.1718750000000000000000000000000000000000
966182270295967.5000000000000000000000000000000000000000
-788488980932652.2500000000000000000000000000000000000000
290095598950077.8125000000000000000000000000000000000000
130137543772478.8281250000000000000000000000000000000000
281188527724352.9062500000000000000000000000000000000000
276458656304787.1250000000000000000000000000000000000000
-113066634577931.2812500000000000000000000000000000000000
393477409104593.2500000000000000000000000000000000000000
-166562604154731.3750000000000000000000000000000000000000
1025286712035194.2500000000000000000000000000000000000000
-96688212882163.0781250000000000000000000000000000000000
-474165071100030.2500000000000000000000000000000000000000
26621237935507.9531250000000000000000000000000000000000
-876349132790607.7500000000000000000000000000000000000000
239404336784470.9375000000000000000000000000000000000000
-586639397639825.2500000000000000000000000000000000000000
174550538698313.5937500000000000000000000000000000000000
437459431152034.2500000000000000000000000000000000000000
-154256084359997.9687500000000000000000000000000000000000
682499783682035.0000000000000000000000000000000000000000
391262662618115.8750000000000000000000000000000000000000
-394980940763423.6875000000000000000000000000000000000000
-207022598541129.9687500000000000000000000000000000000000
72833662713775.8906250000000000000000000000000000000000
264450674974772.4062500000000000000000000000000000000000
461339091657411.8125000000000000000000000000000000000000
302502697198801.2500000000000000000000000000000000000000
-170920997605559.3750000000000000000000000000000000000000
-677709437655823.1250000000000000000000000000000000000000
-47964436511668.1328125000000000000000000000000000000000
509923366412598.9375000000000000000000000000000000000000
-982871498440049.2500000000000000000000000000000000000000
-394693130894721.8750000000000000000000000000000000000000
193735092795838.3437500000000000000000000000000000000000
-332617105765782.6250000000000000000000000000000000000000
-101719652876612.4062500000000000000000000000000000000000
-146369583905990.2812500000000000000000000000000000000000
-1000689700869468.3750000000000000000000000000000000000000
-706233816796813.6250000000000000000000000000000000000000
191282274287327.4375000000000000000000000000000000000000
506424015930300.2500000000000000000000000000000000000000
-274837541819746.3750000000000000000000000000000000000000
1015875551689815.2500000000000000000000000000000000000000
-29185722693233.0117187500000000000000000000000000000000
-49768906129020.9140625000000000000000000000000000000000
45725369238775.1250000000000000000000000000000000000000
-580924645195185.3750000000000000000000000000000000000000
-84861649296121.1093750000000000000000000000000000000000
580664348634533.2500000000000000000000000000000000000000
-112433158139632.2656250000000000000000000000000000000000
-512693128636065.1250000000000000000000000000000000000000
280411917359094.5625000000000000000000000000000000000000
262004902678514.5625000000000000000000000000000000000000
591386529460235.3750000000000000000000000000000000000000
177866005655815.5937500000000000000000000000000000000000
-151060669077549.0937500000000000000000000000000000000000
77242017651914.6562500000000000000000000000000000000000
-180160722330107.7187500000000000000000000000000000000000
-245628420705488.6562500000000000000000000000000000000000
29175673992275.0703125000000000000000000000000000000000
-286987319048420.6250000000000000000000000000000000000000
473875406724157.7500000000000000000000000000000000000000
1311137221903223.2500000000000000000000000000000000000000
-28331653602116.4921875000000000000000000000000000000000
-134485017117598.2343750000000000000000000000000000000000
-126967871920708.4218750000000000000000000000000000000000
-60537243093922.3359375000000000000000000000000000000000
-780154925614665.1250000000000000000000000000000000000000
