0.4633741053127984343973366776481270790100
-40.5577024842329052489731111563742160797119
909.2857448121770858051604591310024261474609
-8429.6897659339701931457966566085815429687500
37143.8053331178598455153405666351318359375000
-76179.8594893677654908969998359680175781250000
62351.9863408601086121052503585815429687500000
-95378.1567528052109992131590843200683593750000
439551.3269305342109873890876770019531250000000
-627365.8822325345827266573905944824218750000000
31045.5303013905468105804175138473510742187500
238752.4652185158629436045885086059570312500000
188283.0070048527850303798913955688476562500000
-29296.3592987807132885791361331939697265625000
418826.8993366850190795958042144775390625000000
-1540125.0167826476972550153732299804687500000000
1360260.1507791168987751007080078125000000000000
-615912.4636130467988550662994384765625000000000
258649.3918257070472463965415954589843750000000
-249572.6450225804001092910766601562500000000000
121776.7098685723613016307353973388671875000000
52760.2818594414056860841810703277587890625000
-90390.4273665467771934345364570617675781250000
686194.2899206492584198713302612304687500000000
-240822.8548322084534447640180587768554687500000
-428825.2828114700387232005596160888671875000000
232687.2151454197010025382041931152343750000000
-537626.3151630061911419034004211425781250000000
464362.2332106025423854589462280273437500000000
-213631.5137699488841462880373001098632812500000
-77496.1965100715606240555644035339355468750000
356516.4403865258791483938694000244140625000000
723604.7375978400232270359992980957031250000000
316077.8343669833848252892494201660156250000000
-1587594.5187618460040539503097534179687500000000
413782.5515943660866469144821166992187500000000
-352405.7219266091706231236457824707031250000000
296323.8136402802192606031894683837890625000000
-363251.7335826416965574026107788085937500000000
-1626482.0669284474570304155349731445312500000000
315571.0838132217177189886569976806640625000000
117088.6456971013976726680994033813476562500000
1445531.8189782355912029743194580078125000000000
950996.3961355912033468484878540039062500000000
-296731.0373259747866541147232055664062500000000
650949.9202437461353838443756103515625000000000
185979.0314975822402630001306533813476562500000
190883.4010371188924182206392288208007812500000
131543.7403428430261556059122085571289062500000
-463186.8330156502197496592998504638671875000000
-295399.4642397686839103698730468750000000000000
1342067.3749247572850435972213745117187500000000
-1491780.8887810057494789361953735351562500000000
-670687.0101417810656130313873291015625000000000
-1792552.7253103111870586872100830078125000000000
1460773.4967114124447107315063476562500000000000
-595995.8033004041062667965888977050781250000000
83597.0679804802348371595144271850585937500000
341597.1607422325178049504756927490234375000000
549575.8612857651896774768829345703125000000000
171503.6090658002358395606279373168945312500000
-181084.6292710889538284391164779663085937500000
-1143930.6652328649070113897323608398437500000000
-367458.0039940538699738681316375732421875000000
117939.7362273065809858962893486022949218750000
-228171.9260677221755031496286392211914062500000
139082.9477683805744163691997528076171875000000
854545.0812073495471850037574768066406250000000
1103221.6368350260891020298004150390625000000000
98423.2779646670242073014378547668457031250000
-286770.5129510958213359117507934570312500000000
-497768.9365614073467440903186798095703125000000
-199725.1777052617981098592281341552734375000000
-404409.5817626013304106891155242919921875000000
-726681.6265063799219205975532531738281250000000
-321632.2527621267945505678653717041015625000000
597433.2289428208023309707641601562500000000000
-373279.2927944894763641059398651123046875000000
206806.9038373800867702811956405639648437500000
1346843.2307112638372927904129028320312500000000
46575.9489926123787881806492805480957031250000
-68243.4407682786986697465181350708007812500000
-302827.4482261440134607255458831787109375000000
46067.8232683099631685763597488403320312500000
262821.0775892266537994146347045898437500000000
-290714.0630878823576495051383972167968750000000
1359342.4315117096994072198867797851562500000000
-66697.7324572088837157934904098510742187500000
-651487.8645856658695265650749206542968750000000
134132.8310170162294525653123855590820312500000
1641835.6847652080468833446502685546875000000000
-1030868.8349405141780152916908264160156250000000
-10864.7152875707306520780548453330993652343750
403020.9108058901038020849227905273437500000000
-196568.3457220522686839103698730468750000000000
-357019.8372928433818742632865905761718750000000
409562.8353900649235583841800689697265625000000
39796.9283426636757212691009044647216796875000
131778.7985554191691335290670394897460937500000
-119795.4218464220321038737893104553222656250000
-1502613.8749166978523135185241699218750000000000
-62946.5443396617993130348622798919677734375000
2828.5333698457488935673609375953674316406250
-192955.8169598256354220211505889892578125000000
225175.4924919364566449075937271118164062500000
-1536847.5650106526445597410202026367187500000000
-15994.9430261399320443160831928253173828125000
1015972.6804234752198681235313415527343750000000
153183.5431948176410514861345291137695312500000
-1003852.1110092679737135767936706542968750000000
864084.7310831750510260462760925292968750000000
841387.0210911668837070465087890625000000000000
39924099.6220177933573722839355468750000000000000
151043719.5503396391868591308593750000000000000000
-220460984.3016090989112854003906250000000000000000
-90646999.5129014700651168823242187500000000000000
313563219.8453998565673828125000000000000000000000
65934919.0673643276095390319824218750000000000000
-403484764.1722243428230285644531250000000000000000
167073129.2287126481533050537109375000000000000000
-82814706.9160995483398437500000000000000000000000
228635263.8069340884685516357421875000000000000000
-171533179.2290683090686798095703125000000000000000
-23801477.3639848753809928894042968750000000000000
-241436775.4204497039318084716796875000000000000000
211821910.4169817268848419189453125000000000000000
11090918.2430761288851499557495117187500000000000
101873101.4850377440452575683593750000000000000000
-105787634.9899523556232452392578125000000000000000
82284548.2857036143541336059570312500000000000000
-291472772.2844119071960449218750000000000000000000
-97619185.6951087713241577148437500000000000000000
113442227.4563605487346649169921875000000000000000
-306018103.3920136094093322753906250000000000000000
119535990.9516146481037139892578125000000000000000
346921884.5866196155548095703125000000000000000000
290249300.5566747784614562988281250000000000000000
-223020930.8303745090961456298828125000000000000000
55285312.2278915196657180786132812500000000000000
156287946.7261663675308227539062500000000000000000
-7895996.3501883083954453468322753906250000000000
-11419254.9930366128683090209960937500000000000000
-27772225.6779865436255931854248046875000000000000
-222106890.3471418023109436035156250000000000000000
40927374.4280828908085823059082031250000000000000
65037429.8484688773751258850097656250000000000000
-228580493.0795754790306091308593750000000000000000
271201544.2759423851966857910156250000000000000000
26003914.2502992637455463409423828125000000000000
264036536.8551712036132812500000000000000000000000
8479324.3561154566705226898193359375000000000000
215374047.8815126717090606689453125000000000000000
-226296358.5796950757503509521484375000000000000000
-75154535.3064041882753372192382812500000000000000
198529915.5889301002025604248046875000000000000000
-55387269.5200594216585159301757812500000000000000
25684128.4040576703846454620361328125000000000000
185062630.4551495313644409179687500000000000000000
-379314601.7743282318115234375000000000000000000000
-211656823.1322586834430694580078125000000000000000
-7542869.1141207860782742500305175781250000000000
-181052666.9819831252098083496093750000000000000000
-178109673.1939304471015930175781250000000000000000
-75774853.1320699155330657958984375000000000000000
-80488814.2237902730703353881835937500000000000000
279487281.8084029555320739746093750000000000000000
-36915794.2558590397238731384277343750000000000000
259595192.2573079168796539306640625000000000000000
-292585151.8547710776329040527343750000000000000000
117800974.7853967994451522827148437500000000000000
-68862258.3243192583322525024414062500000000000000
-254942072.2515954375267028808593750000000000000000
-108608728.6955987811088562011718750000000000000000
-44721426.4668468981981277465820312500000000000000
-51513860.1050889790058135986328125000000000000000
-42383364.0877274498343467712402343750000000000000
353256489.0812616944313049316406250000000000000000
181213291.5825323760509490966796875000000000000000
-49555305.3788045868277549743652343750000000000000
40184052.3808744698762893676757812500000000000000
7468394.2045974722132086753845214843750000000000
59081697.1915676817297935485839843750000000000000
266796677.6222698390483856201171875000000000000000
211452920.5297724902629852294921875000000000000000
149853347.6935611069202423095703125000000000000000
-46421465.7071816921234130859375000000000000000000
-169011445.8591388165950775146484375000000000000000
172990601.2751254141330718994140625000000000000000
-415795047.9879806637763977050781250000000000000000
-489560897.3396224379539489746093750000000000000000
132385934.1429076641798019409179687500000000000000
83610024.3595085442066192626953125000000000000000
413604598.1886208653450012207031250000000000000000
-24280000.6450423933565616607666015625000000000000
-165998584.9971388280391693115234375000000000000000
44480542.4300717189908027648925781250000000000000
80365476.6308758854866027832031250000000000000000
-15183124.4779896177351474761962890625000000000000
-18955516.7972663231194019317626953125000000000000
355147540.0124104022979736328125000000000000000000
-36335588.3770132884383201599121093750000000000000
-19841206.8042650483548641204833984375000000000000
349110526.3828233480453491210937500000000000000000
-317831736.3169869780540466308593750000000000000000
169849716.7388672828674316406250000000000000000000
-80395660.1561394780874252319335937500000000000000
-63552369.0396541804075241088867187500000000000000
11139928.5569008886814117431640625000000000000000
-206817141.5582325458526611328125000000000000000000
-290783831.4613634347915649414062500000000000000000
45841530.8479469493031501770019531250000000000000
-501439966.7335046529769897460937500000000000000000
-357624923.4452607035636901855468750000000000000000
-54924220.5994442403316497802734375000000000000000
161741719.8888422250747680664062500000000000000000
198266520.0480859577655792236328125000000000000000
-60789977.6181052252650260925292968750000000000000
-14205530.7743136454373598098754882812500000000000
360503876.0008837580680847167968750000000000000000
202760877.7644584476947784423828125000000000000000
-40660059.7089049071073532104492187500000000000000
317995822.1045515537261962890625000000000000000000
127104949.9916937500238418579101562500000000000000
-105832543.9066612124443054199218750000000000000000
-72054412.1648293137550354003906250000000000000000
-380684137.6866025924682617187500000000000000000000
133141401.1327869892120361328125000000000000000000
-126324631.0994498282670974731445312500000000000000
-22042120.1532609350979328155517578125000000000000
64602016.4509761258959770202636718750000000000000
338389735.1136134862899780273437500000000000000000
297417284.1263099908828735351562500000000000000000
42882645.1410529464483261108398437500000000000000
74091369.0265201777219772338867187500000000000000
126639433.4630954861640930175781250000000000000000
-170610953.9661278426647186279296875000000000000000
-218568637.0189667046070098876953125000000000000000
-62777688.9545646160840988159179687500000000000000
-101870390.2153832912445068359375000000000000000000
-33353134.1910524405539035797119140625000000000000
-68691442.8496270030736923217773437500000000000000
-168213853.4265845715999603271484375000000000000000
11729715.0608099773526191711425781250000000000000
-269945780.0855237841606140136718750000000000000000
172765787.4851626753807067871093750000000000000000
126073939.3071865141391754150390625000000000000000
33589207.5947503075003623962402343750000000000000
93975380.4895111024379730224609375000000000000000
-235829177.1915506422519683837890625000000000000000
157359295.8726655840873718261718750000000000000000
-14988919.5672112498432397842407226562500000000000
-45063382.0256325900554656982421875000000000000000
-37258156.9495416805148124694824218750000000000000
87478523.1384776979684829711914062500000000000000
-359628253.4825308322906494140625000000000000000000
123322131.1374308913946151733398437500000000000000
180083893.4593835175037384033203125000000000000000
-10840771.1433287318795919418334960937500000000000
-86862131.1805617362260818481445312500000000000000
255286110.3157316744327545166015625000000000000000
-79986797.4996529072523117065429687500000000000000
35238348.8221072480082511901855468750000000000000
69370597.5966542959213256835937500000000000000000
74536531.8949145078659057617187500000000000000000
294957323.8171030879020690917968750000000000000000
-172548308.1886363923549652099609375000000000000000
-148749865.7905453443527221679687500000000000000000
153424308.2208935022354125976562500000000000000000
-259720855.2568174004554748535156250000000000000000
-399102427.6780557036399841308593750000000000000000
-76665925.5012863427400588989257812500000000000000
202480690.2598749399185180664062500000000000000000
-357850421.7629498243331909179687500000000000000000
352664226.8196804523468017578125000000000000000000
-41820439.3647978901863098144531250000000000000000
287963953.9143115282058715820312500000000000000000
-62290724.2541775256395339965820312500000000000000
121240107.0065255165100097656250000000000000000000
-242960731.2319736778736114501953125000000000000000
-3520337.4507835851982235908508300781250000000000
145487892.6724129617214202880859375000000000000000
-374051161.1401165723800659179687500000000000000000
-329704199.4289791584014892578125000000000000000000
298514.8208782580913975834846496582031250000000
266288957.8129478991031646728515625000000000000000
-73231818.2188631296157836914062500000000000000000
166930591.2205333411693572998046875000000000000000
125880646.5464762449264526367187500000000000000000
-67404724.7781114131212234497070312500000000000000
75929544.0799302309751510620117187500000000000000
503120864.5828648805618286132812500000000000000000
478662205.2391292452812194824218750000000000000000
51530612.3500325977802276611328125000000000000000
145832046.7650473117828369140625000000000000000000
77904073.6017570197582244873046875000000000000000
32927888.5211707986891269683837890625000000000000
-139148604.2898219823837280273437500000000000000000
-262019586.8131691217422485351562500000000000000000
-38332789.3381281718611717224121093750000000000000
-569048662.0523655414581298828125000000000000000000
153464272.3452701270580291748046875000000000000000
126828970.6932927221059799194335937500000000000000
-145505672.3050131201744079589843750000000000000000
143519396.1272205114364624023437500000000000000000
58215944.8730513826012611389160156250000000000000
-159341185.0280570387840270996093750000000000000000
-369416699.4320896863937377929687500000000000000000
-158388715.3303988873958587646484375000000000000000
72618095.9198004305362701416015625000000000000000
287868657.6632588505744934082031250000000000000000
96006886.3897041827440261840820312500000000000000
-46655964.0228603035211563110351562500000000000000
235442041.1838926970958709716796875000000000000000
68009470.1490692496299743652343750000000000000000
-188190856.8798832595348358154296875000000000000000
223107514.2925751209259033203125000000000000000000
16488224.5903089884668588638305664062500000000000
-308392380.1921769380569458007812500000000000000000
-107238142.9509204477071762084960937500000000000000
36020551.9749257266521453857421875000000000000000
-65622115.6476799175143241882324218750000000000000
-142470170.5692750215530395507812500000000000000000
46901751.7917377054691314697265625000000000000000
-247434080.9133099615573883056640625000000000000000
62396903.8518338799476623535156250000000000000000
-43536775.5755507424473762512207031250000000000000
-934581.1037572127534076571464538574218750000000
-136820288.9014050364494323730468750000000000000000
-24150880.2454558126628398895263671875000000000000
213075495.1351225674152374267578125000000000000000
9773118.4187479298561811447143554687500000000000
156162624.9106797575950622558593750000000000000000
-194194273.8422905206680297851562500000000000000000
-296484384.8556668162345886230468750000000000000000
27961783.9631327576935291290283203125000000000000
393360052.2187758088111877441406250000000000000000
-196331389.5715271830558776855468750000000000000000
303698363.0618733763694763183593750000000000000000
11750500.6409469582140445709228515625000000000000
-30330718.3605168201029300689697265625000000000000
84360153.4614438861608505249023437500000000000000
-37679024.6142216548323631286621093750000000000000
-75847396.5932866334915161132812500000000000000000
58481011.5162972360849380493164062500000000000000
123708612.0557481944561004638671875000000000000000
-538615820.0266287326812744140625000000000000000000
298059066.7247834205627441406250000000000000000000
-180885438.4027262330055236816406250000000000000000
109802843.2692379057407379150390625000000000000000
265430856.0773136317729949951171875000000000000000
-59942137.7695448398590087890625000000000000000000
-212139738.3382978439331054687500000000000000000000
228544287.3053813874721527099609375000000000000000
18380995.8744610808789730072021484375000000000000
194445716.8336192071437835693359375000000000000000
-173010610.8683433830738067626953125000000000000000
-20494357.5665030516684055328369140625000000000000
26367286.9548523463308811187744140625000000000000
191260975.9379771351814270019531250000000000000000
-232326894.0086359977722167968750000000000000000000
-24825555.7537453062832355499267578125000000000000
-287623512.8306008577346801757812500000000000000000
81008446.6014294624328613281250000000000000000000
-172790061.7471813559532165527343750000000000000000
-310977597.0793763399124145507812500000000000000000
99536165.8656474202871322631835937500000000000000
-119677854.5642641186714172363281250000000000000000
380343988.6910784244537353515625000000000000000000
93759689.2932216674089431762695312500000000000000
-292299845.3816592693328857421875000000000000000000
42564946.1043705269694328308105468750000000000000
-42221260.7852484881877899169921875000000000000000
7863720.0583494044840335845947265625000000000000
275921854.6819983720779418945312500000000000000000
-77032614.9476285427808761596679687500000000000000
-27151676.5351649411022663116455078125000000000000
213233124.7475626170635223388671875000000000000000
147833471.2336100339889526367187500000000000000000
-3835641.2314922627992928028106689453125000000000
-44790837.3314367085695266723632812500000000000000
-54040576.4747652858495712280273437500000000000000
-12874138.0223856344819068908691406250000000000000
108598843.7447181493043899536132812500000000000000
168256908.0970875918865203857421875000000000000000
268520682.4206497073173522949218750000000000000000
-115019554.3898087441921234130859375000000000000000
185979574.9150429069995880126953125000000000000000
2462620.1746265362016856670379638671875000000000
-37462356.3682303950190544128417968750000000000000
86029436.9787872284650802612304687500000000000000
79384854.1957136243581771850585937500000000000000
86528894.3978274017572402954101562500000000000000
93605489.1856657862663269042968750000000000000000
294222710.4976567029953002929687500000000000000000
-16898167.8040009103715419769287109375000000000000
-264825528.6680570840835571289062500000000000000000
-151717054.2454391419887542724609375000000000000000
55893189.4303843230009078979492187500000000000000
214343265.8770225644111633300781250000000000000000
267170756.8207661211490631103515625000000000000000
45388297.0546144023537635803222656250000000000000
32086235.1556683294475078582763671875000000000000
-230283057.9111042916774749755859375000000000000000
32969312.4790061190724372863769531250000000000000
-21048061.5498412773013114929199218750000000000000
205114724.2255775928497314453125000000000000000000
-6175689.2754047848284244537353515625000000000000
-228637270.3145032227039337158203125000000000000000
-382999819.0931072235107421875000000000000000000000
-231832635.3028141558170318603515625000000000000000
-207552606.6038856208324432373046875000000000000000
178634395.6343989968299865722656250000000000000000
-197114859.2057557702064514160156250000000000000000
-58273343.4818183034658432006835937500000000000000
-15248914.9222665987908840179443359375000000000000
-290589630.6590758562088012695312500000000000000000
183018650.2506563961505889892578125000000000000000
-331490420.3911821842193603515625000000000000000000
-38906146.0273815616965293884277343750000000000000
374034441.2921288609504699707031250000000000000000
-313140145.1404773592948913574218750000000000000000
-122348566.3353337049484252929687500000000000000000
-89441390.7120160013437271118164062500000000000000
-165525782.0651887357234954833984375000000000000000
-217391038.1685214042663574218750000000000000000000
230059647.2996399998664855957031250000000000000000
-62132282.9428518041968345642089843750000000000000
-33751796.6207657977938652038574218750000000000000
40470822.8788347020745277404785156250000000000000
38757537.3710279762744903564453125000000000000000
24898478.3193218745291233062744140625000000000000
103076039.8547377735376358032226562500000000000000
19113481.4396551549434661865234375000000000000000
196993980.2967567145824432373046875000000000000000
-52867667.9889940246939659118652343750000000000000
-85326613.8425070196390151977539062500000000000000
107082902.1468698978424072265625000000000000000000
324023222.2290387153625488281250000000000000000000
-94638316.2684425562620162963867187500000000000000
-131543143.1165337860584259033203125000000000000000
-62674133.2534000352025032043457031250000000000000
-1111551.1322296382859349250793457031250000000000
226047904.6625455021858215332031250000000000000000
109895768.4935380220413208007812500000000000000000
-60365743.7333807125687599182128906250000000000000
28102559.0586483478546142578125000000000000000000
-115115464.6068200469017028808593750000000000000000
-56555693.1210929974913597106933593750000000000000
10405598.0828847158700227737426757812500000000000
125615631.8205216974020004272460937500000000000000
110296515.2099860161542892456054687500000000000000
127800719.2154776751995086669921875000000000000000
-167715509.0405524969100952148437500000000000000000
-16988388.8561765551567077636718750000000000000000
95769013.9650067836046218872070312500000000000000
-141629878.1548610329627990722656250000000000000000
-180350428.9205186069011688232421875000000000000000
-85655574.4683210551738739013671875000000000000000
105943356.3108644485473632812500000000000000000000
74845128.4301580935716629028320312500000000000000
204201764.6235449314117431640625000000000000000000
105831848.4477646797895431518554687500000000000000
151490403.5116909742355346679687500000000000000000
-374735636.2083544135093688964843750000000000000000
156844327.8739162385463714599609375000000000000000
49408042.3999419584870338439941406250000000000000
-61518300.1706234961748123168945312500000000000000
20854837.5336652994155883789062500000000000000000
172611556.2216968536376953125000000000000000000000
-114368789.9614332020282745361328125000000000000000
-110737015.6829246580600738525390625000000000000000
-82245938.1200171709060668945312500000000000000000
213019985.6366615295410156250000000000000000000000
-161266612.1533112227916717529296875000000000000000
-160356060.0157324671745300292968750000000000000000
73225449.5342440605163574218750000000000000000000
62806706.1996828243136405944824218750000000000000
134000873.6197753399610519409179687500000000000000
-166724569.6583149731159210205078125000000000000000
95896391.5957036167383193969726562500000000000000
-117786824.9635494053363800048828125000000000000000
-165568034.0837472677230834960937500000000000000000
135754354.3424948155879974365234375000000000000000
-127624188.8524678200483322143554687500000000000000
34852221.2063008770346641540527343750000000000000
-26696780.0675200968980789184570312500000000000000
149651529.4506071805953979492187500000000000000000
26629800.5691168606281280517578125000000000000000
92550733.0693707317113876342773437500000000000000
-113135462.5720752775669097900390625000000000000000
-161679150.4257134199142456054687500000000000000000
90133130.0480531156063079833984375000000000000000
-170577177.1036128103733062744140625000000000000000
20895370.6369116865098476409912109375000000000000
-61092866.6270538792014122009277343750000000000000
-25230848.4776108115911483764648437500000000000000
-124082870.8790638148784637451171875000000000000000
-137692475.5298950672149658203125000000000000000000
279321064.5303977131843566894531250000000000000000
-59594256.0419787019491195678710937500000000000000
117057884.4681023955345153808593750000000000000000
312544657.5543943047523498535156250000000000000000
77562763.6910975128412246704101562500000000000000
-86672524.3680979907512664794921875000000000000000
163502363.8274680376052856445312500000000000000000
-126107999.0292875915765762329101562500000000000000
132827303.3212373703718185424804687500000000000000
317176891.6910989880561828613281250000000000000000
-61043531.2710199132561683654785156250000000000000
91488429.6301464885473251342773437500000000000000
-216054861.0016666650772094726562500000000000000000
-155706032.7257306873798370361328125000000000000000
-37867463.8033557832241058349609375000000000000000
77186884.9281941950321197509765625000000000000000
-14671148.0525751039385795593261718750000000000000
-111089636.7335121631622314453125000000000000000000
-12259022.8972686473280191421508789062500000000000
4506070.8176320092752575874328613281250000000000
231499722.3978224992752075195312500000000000000000
-96207311.9437673240900039672851562500000000000000
-137619465.0392379760742187500000000000000000000000
-102536847.3411724269390106201171875000000000000000
91501233.7735679298639297485351562500000000000000
-52415422.4509748220443725585937500000000000000000
217740692.3781433403491973876953125000000000000000
-218507813.6920331418514251708984375000000000000000
-74864394.0823300629854202270507812500000000000000
96749251.5098484754562377929687500000000000000000
67796485.7670654207468032836914062500000000000000
-275428017.5567454099655151367187500000000000000000
-7251900.2500626798719167709350585937500000000000
-71369118.2559610009193420410156250000000000000000
63308087.2795042023062705993652343750000000000000
124019507.4810530692338943481445312500000000000000
98675096.2778703272342681884765625000000000000000
233251740.8137322068214416503906250000000000000000
-262146754.9399041533470153808593750000000000000000
-19176072.4878405779600143432617187500000000000000
37816651.1140128076076507568359375000000000000000
-236939312.7801560759544372558593750000000000000000
146760752.0860379040241241455078125000000000000000
-105245848.8853174746036529541015625000000000000000
6372258.1174875944852828979492187500000000000000
84428600.4851982295513153076171875000000000000000
10171403.9743042141199111938476562500000000000000
113426911.8511557132005691528320312500000000000000
298373005.9993720650672912597656250000000000000000
-9710776.1548433527350425720214843750000000000000
-61994166.8516007438302040100097656250000000000000
-26241549.2072818316519260406494140625000000000000
26136729.1119903735816478729248046875000000000000
187112920.5198109149932861328125000000000000000000
59372226.7923599481582641601562500000000000000000
-64256905.0796991884708404541015625000000000000000
28878823.7490317448973655700683593750000000000000
-98748290.1087380498647689819335937500000000000000
125244513.3168285787105560302734375000000000000000
54868093.0543664246797561645507812500000000000000
87101484.2010179013013839721679687500000000000000
-106027242.0794290751218795776367187500000000000000
124553737.0067560523748397827148437500000000000000
-31791113.9016119576990604400634765625000000000000
-69793618.3072225004434585571289062500000000000000
63762046.1675051078200340270996093750000000000000
-9868474.3137838449329137802124023437500000000000
-64809078.5341616272926330566406250000000000000000
-175756562.2076444923877716064453125000000000000000
-113785625.2376099079847335815429687500000000000000
207248966.8499800860881805419921875000000000000000
-61837415.8457619547843933105468750000000000000000
8260724.0035899523645639419555664062500000000000
-102968747.3351984173059463500976562500000000000000
-12832737.5990864858031272888183593750000000000000
-146457818.8057914078235626220703125000000000000000
-39482627.6075930297374725341796875000000000000000
-59624217.8112641423940658569335937500000000000000
-78344236.4331688582897186279296875000000000000000
-46067390.9342634677886962890625000000000000000000
164980057.8438671231269836425781250000000000000000
31462221.8507674708962440490722656250000000000000
-52114614.6326430514454841613769531250000000000000
-73932754.6583786010742187500000000000000000000000
-101149542.5315808355808258056640625000000000000000
-14422374.7085469309240579605102539062500000000000
-16648439.2477847635746002197265625000000000000000
-88811213.0872703194618225097656250000000000000000
6110375.5941489273682236671447753906250000000000
-66031428.5216879323124885559082031250000000000000
58935135.1626611649990081787109375000000000000000
13300008.8424771632999181747436523437500000000000
-231626468.1949355900287628173828125000000000000000
-11887353.8509443849325180053710937500000000000000
-70964945.3701977431774139404296875000000000000000
77429324.0126035958528518676757812500000000000000
86004313.7874338328838348388671875000000000000000
-21605647.6095007359981536865234375000000000000000
-60395165.8802274316549301147460937500000000000000
-35228914.9509819522500038146972656250000000000000
84103330.3732025176286697387695312500000000000000
123530337.0313140600919723510742187500000000000000
107400608.3321750313043594360351562500000000000000
-68517486.4139763265848159790039062500000000000000
-72244491.4263145774602890014648437500000000000000
-95057316.7236890643835067749023437500000000000000
-14167969.9057414680719375610351562500000000000000
-75003463.2284676432609558105468750000000000000000
-65203077.7795200198888778686523437500000000000000
-68770042.5350102782249450683593750000000000000000
36653223.7568362057209014892578125000000000000000
133421819.9428065568208694458007812500000000000000
3144581.7568515804596245288848876953125000000000
140463406.8616464734077453613281250000000000000000
-125770818.0338145196437835693359375000000000000000
-35405506.2704179659485816955566406250000000000000
-71227519.4443488121032714843750000000000000000000
-24829863.9396211430430412292480468750000000000000
112395782.1736404895782470703125000000000000000000
-13430524.0050535090267658233642578125000000000000
207690689.1420584022998809814453125000000000000000
84812198.2181562334299087524414062500000000000000
45883285.8268459513783454895019531250000000000000
43534645.7509910538792610168457031250000000000000
7104010.4913730407133698463439941406250000000000
55074788.7232396826148033142089843750000000000000
-224378525.2566232383251190185546875000000000000000
-62922891.3671318441629409790039062500000000000000
-1638784.3217738780658692121505737304687500000000
-3439311.4724976005963981151580810546875000000000
93709170.6696114987134933471679687500000000000000
46056811.1643133759498596191406250000000000000000
-94833684.1145532131195068359375000000000000000000
32799746.2311082780361175537109375000000000000000
22702203.2795376516878604888916015625000000000000
196609028.7537177503108978271484375000000000000000
77838039.4240578114986419677734375000000000000000
30961569.2488977573812007904052734375000000000000
179090064.5781660079956054687500000000000000000000
81967534.3187204301357269287109375000000000000000
73916561.1347021460533142089843750000000000000000
67755999.0475758463144302368164062500000000000000
36502005.3411989733576774597167968750000000000000
199514611.4753721952438354492187500000000000000000
-8951371.9025614708662033081054687500000000000000
-235067953.5593558549880981445312500000000000000000
105020234.1836356967687606811523437500000000000000
-90225756.4216098785400390625000000000000000000000
24581683.0753162205219268798828125000000000000000
17882476.8629663623869419097900390625000000000000
11601375.7190774250775575637817382812500000000000
-57493390.9264105558395385742187500000000000000000
-51113135.1020658835768699645996093750000000000000
52847323.3191363662481307983398437500000000000000
-82657797.4418353289365768432617187500000000000000
-161463450.8903552591800689697265625000000000000000
-99862176.7838610857725143432617187500000000000000
-178903417.0758467912673950195312500000000000000000
48102395.3544522970914840698242187500000000000000
-83278128.4039005637168884277343750000000000000000
-59118156.6645714566111564636230468750000000000000
-57660208.4978265762329101562500000000000000000000
-10522120.8717490546405315399169921875000000000000
-92545413.9375718533992767333984375000000000000000
-1868257.1753240160178393125534057617187500000000
-23743322.2348905391991138458251953125000000000000
68172246.1238669753074645996093750000000000000000
139857116.4402859508991241455078125000000000000000
90009306.8223028331995010375976562500000000000000
68567994.7193079888820648193359375000000000000000
-34860481.9742162749171257019042968750000000000000
-8333660.3692698981612920761108398437500000000000
-41061447.0456370860338211059570312500000000000000
53047171.5599408447742462158203125000000000000000
-35380082.1023690700531005859375000000000000000000
-89888327.3121055364608764648437500000000000000000
20095949.7257983423769474029541015625000000000000
132626453.9235132783651351928710937500000000000000
-156276233.7627268731594085693359375000000000000000
9231268.2165251802653074264526367187500000000000
44791849.1136025264859199523925781250000000000000
-40813459.4945245683193206787109375000000000000000
72062225.5400340259075164794921875000000000000000
-66304584.0832236781716346740722656250000000000000
42302784.3338725343346595764160156250000000000000
44516232.9256531149148941040039062500000000000000
-72360949.6808569878339767456054687500000000000000
-13963029.8446060009300708770751953125000000000000
-44376777.8487976416945457458496093750000000000000
187711277.1265776753425598144531250000000000000000
10399443.8289649002254009246826171875000000000000
45206350.7774029970169067382812500000000000000000
98355859.2969309389591217041015625000000000000000
31579768.5018753521144390106201171875000000000000
41347734.5794817730784416198730468750000000000000
77898555.8441981077194213867187500000000000000000
81860757.7833348661661148071289062500000000000000
-32784028.3138245902955532073974609375000000000000
115903508.4674818366765975952148437500000000000000
-79832131.8567000478506088256835937500000000000000
-112961220.9925096184015274047851562500000000000000
-22709364.5549237988889217376708984375000000000000
128753356.8916312009096145629882812500000000000000
52887959.6706009209156036376953125000000000000000
-16232520.6805216949433088302612304687500000000000
-96489620.8543653488159179687500000000000000000000
-92134807.2909700274467468261718750000000000000000
-75363763.8116346597671508789062500000000000000000
-76610544.7107051610946655273437500000000000000000
13082211.3323988392949104309082031250000000000000
-51820051.7087658941745758056640625000000000000000
83245105.0478304326534271240234375000000000000000
-179903399.7239523828029632568359375000000000000000
11028443.0184905473142862319946289062500000000000
40602767.6120493263006210327148437500000000000000
-58659728.0835071057081222534179687500000000000000
74171586.5708947777748107910156250000000000000000
-5382297.6739248707890510559082031250000000000000
26936650.4038274809718132019042968750000000000000
101377862.0762884914875030517578125000000000000000
-68058356.5988223552703857421875000000000000000000
156868555.1822310388088226318359375000000000000000
42601379.6900831088423728942871093750000000000000
-138699683.6689738929271697998046875000000000000000
56156606.6678081229329109191894531250000000000000
-57475499.7486092075705528259277343750000000000000
-179445074.5458016395568847656250000000000000000000
32375586.8822294436395168304443359375000000000000
35929410.2244300395250320434570312500000000000000
14456707.6487334351986646652221679687500000000000
80366243.4024208635091781616210937500000000000000
-4841820.4038502024486660957336425781250000000000
6379550.3113721469417214393615722656250000000000
-87822153.2550990134477615356445312500000000000000
69766349.0326061993837356567382812500000000000000
79840339.5808801501989364624023437500000000000000
74418018.7589825242757797241210937500000000000000
-26931866.6068001873791217803955078125000000000000
98174050.0809707492589950561523437500000000000000
-28975576.6116189882159233093261718750000000000000
-77627124.8838050216436386108398437500000000000000
72659136.4892892688512802124023437500000000000000
-64469951.8623711839318275451660156250000000000000
10784093.9679264407604932785034179687500000000000
-147103827.7687511444091796875000000000000000000000
15820653.2341832183301448822021484375000000000000
26204760.2166940271854400634765625000000000000000
23931481.1941119059920310974121093750000000000000
3877005.5410367236472666263580322265625000000000
-24607233.1508483327925205230712890625000000000000
48767665.7554946914315223693847656250000000000000
57939362.4528546184301376342773437500000000000000
2499897.6671460205689072608947753906250000000000
2211904.7143775429576635360717773437500000000000
102663250.3765114098787307739257812500000000000000
-74664621.9061958640813827514648437500000000000000
50669425.5367174446582794189453125000000000000000
-35579259.1665563434362411499023437500000000000000
-31292528.0634674616158008575439453125000000000000
-70114381.5798588246107101440429687500000000000000
-20131090.7720357440412044525146484375000000000000
-46350696.6359753906726837158203125000000000000000
-10334952.2158693093806505203247070312500000000000
-31752852.2147888243198394775390625000000000000000
-44497886.6519738063216209411621093750000000000000
42220282.2613850310444831848144531250000000000000
-116864972.8388052582740783691406250000000000000000
-9496071.8834828268736600875854492187500000000000
28688271.8418369144201278686523437500000000000000
92569402.3432634323835372924804687500000000000000
-63972271.2133012712001800537109375000000000000000
-82866624.1143019795417785644531250000000000000000
29548528.6846024505794048309326171875000000000000
-49756296.9119584262371063232421875000000000000000
-14575295.4754752479493618011474609375000000000000
-14365597.9844033587723970413208007812500000000000
52005001.6871779635548591613769531250000000000000
16245749.1456140819936990737915039062500000000000
3397620.8385482244193553924560546875000000000000
21158185.1135381497442722320556640625000000000000
-132974125.1673174202442169189453125000000000000000
-137517237.7984377741813659667968750000000000000000
56480257.4264787882566452026367187500000000000000
2347261.7311288304626941680908203125000000000000
-82436126.5348937958478927612304687500000000000000
-32754469.1653448790311813354492187500000000000000
18509962.6603714711964130401611328125000000000000
-49867695.1263470351696014404296875000000000000000
-112693500.9719709008932113647460937500000000000000
23937260.3604800067842006683349609375000000000000
25023287.5827334560453891754150390625000000000000
-19499154.1697196662425994873046875000000000000000
-165168266.6079766750335693359375000000000000000000
41084918.7345274910330772399902343750000000000000
21621399.5555467754602432250976562500000000000000
-51349198.5755636766552925109863281250000000000000
-81218725.8541671186685562133789062500000000000000
-33161398.6155723594129085540771484375000000000000
29929014.4363207779824733734130859375000000000000
-24218806.2296092659235000610351562500000000000000
-44141991.8400510698556900024414062500000000000000
-2415949.4264816399663686752319335937500000000000
21246452.9179996550083160400390625000000000000000
112362616.7654374241828918457031250000000000000000
131366465.9704954624176025390625000000000000000000
27279771.8542420268058776855468750000000000000000
-20631683.0938757210969924926757812500000000000000
37571411.9547250121831893920898437500000000000000
11317717.3464310336858034133911132812500000000000
62311838.5879368484020233154296875000000000000000
-19189634.7659814022481441497802734375000000000000
-34116192.5085057541728019714355468750000000000000
70041474.8448744416236877441406250000000000000000
-14050558.8952932134270668029785156250000000000000
42159657.2913870215415954589843750000000000000000
-48469039.5118103772401809692382812500000000000000
21454870.4099271222949028015136718750000000000000
-39013288.1447298750281333923339843750000000000000
104874595.2096914947032928466796875000000000000000
-20331597.3693510368466377258300781250000000000000
53303025.3054930791258811950683593750000000000000
27274945.2935552112758159637451171875000000000000
-23721647.4287370927631855010986328125000000000000
-1871148.4351097831968218088150024414062500000000
22369487.6703169159591197967529296875000000000000
21610457.4474479928612709045410156250000000000000
-97304461.9978357255458831787109375000000000000000
32767478.0240237563848495483398437500000000000000
8469615.2257450483739376068115234375000000000000
6784682.2042204625904560089111328125000000000000
86996580.4829229116439819335937500000000000000000
-29954836.1427434310317039489746093750000000000000
-77239690.7442984282970428466796875000000000000000
50964292.7036834061145782470703125000000000000000
30874060.1407806314527988433837890625000000000000
-52009718.6894461736083030700683593750000000000000
42070017.6717725172638893127441406250000000000000
63289495.0098604410886764526367187500000000000000
-31751962.1501630693674087524414062500000000000000
76788735.8627518415451049804687500000000000000000
-51253385.9813986867666244506835937500000000000000
-50931663.1986200809478759765625000000000000000000
-33706736.3151712492108345031738281250000000000000
22968981.7356911748647689819335937500000000000000
32901361.1049864366650581359863281250000000000000
77650125.9653219580650329589843750000000000000000
81931559.6336030662059783935546875000000000000000
85951674.8287106305360794067382812500000000000000
-5887448.3879989124834537506103515625000000000000
-12516797.0820058807730674743652343750000000000000
-56307344.7256360426545143127441406250000000000000
59032585.9770477563142776489257812500000000000000
6445561.3022800739854574203491210937500000000000
59865181.5607510507106781005859375000000000000000
31119549.5928241312503814697265625000000000000000
-10618533.7649256791919469833374023437500000000000
-105522911.1874460875988006591796875000000000000000
76615784.8403575420379638671875000000000000000000
4595046.9484615605324506759643554687500000000000
23255238.9006309732794761657714843750000000000000
24397374.8917027711868286132812500000000000000000
-37205039.4618754386901855468750000000000000000000
31867563.1058358252048492431640625000000000000000
54129048.1730055436491966247558593750000000000000
-4559371.6423435220494866371154785156250000000000
-2168863.5958036794327199459075927734375000000000
75717916.5783510953187942504882812500000000000000
5460133.9044081624597311019897460937500000000000
-8564636.4617163967341184616088867187500000000000
-59694670.6030562818050384521484375000000000000000
-36997345.6756921559572219848632812500000000000000
-35946039.8714345172047615051269531250000000000000
-45159796.2022511586546897888183593750000000000000
-69593223.8208333700895309448242187500000000000000
14543213.0614136084914207458496093750000000000000
-13218908.1026437040418386459350585937500000000000
47096823.2072162032127380371093750000000000000000
14169973.8248028028756380081176757812500000000000
-39164473.5773558989167213439941406250000000000000
-14048009.2816056311130523681640625000000000000000
12283671.1976747978478670120239257812500000000000
18118768.6343754567205905914306640625000000000000
-24822029.9272571131587028503417968750000000000000
-5016684.1071601975709199905395507812500000000000
-23332438.0106478258967399597167968750000000000000
-4794139.0389585262164473533630371093750000000000
14549673.2625003159046173095703125000000000000000
67498052.8111127465963363647460937500000000000000
5029594.4271047934889793395996093750000000000000
-23380270.1687402948737144470214843750000000000000
-34828863.0871160924434661865234375000000000000000
-13499089.0531517993658781051635742187500000000000
10927709.1836775355041027069091796875000000000000
76895117.9543544799089431762695312500000000000000
-7428521.8524105697870254516601562500000000000000
-8909311.3790498077869415283203125000000000000000
-10880332.9629847072064876556396484375000000000000
-71195777.4391641914844512939453125000000000000000
46295580.6610641106963157653808593750000000000000
3466034.0426964685320854187011718750000000000000
-30404204.5377201996743679046630859375000000000000
31650798.7348431013524532318115234375000000000000
38142145.9747685566544532775878906250000000000000
44153933.1854156032204627990722656250000000000000
-7847142.5863171657547354698181152343750000000000
-27324358.5229616276919841766357421875000000000000
-18906030.1602601446211338043212890625000000000000
56135415.3216381296515464782714843750000000000000
44717653.8136564791202545166015625000000000000000
60973460.9383011311292648315429687500000000000000
5375632.7318151034414768218994140625000000000000
21787081.5448130592703819274902343750000000000000
-10028210.6047275979071855545043945312500000000000
-41550275.8371342122554779052734375000000000000000
-30554144.6174112074077129364013671875000000000000
-53571213.9432079419493675231933593750000000000000
26258513.5647599808871746063232421875000000000000
-2546920.6714182398281991481781005859375000000000
-46257738.6758866906166076660156250000000000000000
-38011671.6820959597826004028320312500000000000000
8942295.9686255808919668197631835937500000000000
84492092.9667769819498062133789062500000000000000
-10147070.8601862788200378417968750000000000000000
-32037492.4929835125803947448730468750000000000000
-15569195.2404717486351728439331054687500000000000
-39315871.1655798181891441345214843750000000000000
-21572837.1598664708435535430908203125000000000000
45677134.8344718441367149353027343750000000000000
23365067.4552782997488975524902343750000000000000
-36828117.8537161275744438171386718750000000000000
61736673.1043287739157676696777343750000000000000
-18413594.6450722515583038330078125000000000000000
-9201462.0517986584454774856567382812500000000000
-17908375.7938013188540935516357421875000000000000
23454660.7601814493536949157714843750000000000000
-40241874.1441160961985588073730468750000000000000
-11278073.6732906624674797058105468750000000000000
-37132358.6503565162420272827148437500000000000000
3084281.6357095623388886451721191406250000000000
517439.2917265128926374018192291259765625000000
-6969937.7860215073451399803161621093750000000000
-22183143.8109007142484188079833984375000000000000
-13595098.5106541421264410018920898437500000000000
-21103490.8091512285172939300537109375000000000000
11272932.8917151223868131637573242187500000000000
-7061109.5306661101058125495910644531250000000000
20590176.9892136715352535247802734375000000000000
-42086817.7038478553295135498046875000000000000000
-5027588.9967900812625885009765625000000000000000
33732990.9645531550049781799316406250000000000000
45282930.7896599397063255310058593750000000000000
-4475146.4233322637155652046203613281250000000000
6458127.9831910980865359306335449218750000000000
-33783657.6080010831356048583984375000000000000000
-30669118.1082355417311191558837890625000000000000
9866762.8708238564431667327880859375000000000000
42393243.4370716437697410583496093750000000000000
21751046.5418763160705566406250000000000000000000
25591357.1488596424460411071777343750000000000000
47214691.0896842777729034423828125000000000000000
-27917646.4491166360676288604736328125000000000000
-7962544.9310725396499037742614746093750000000000
10785476.5104918610304594039916992187500000000000
29253607.5021237283945083618164062500000000000000
593731.6008266723947599530220031738281250000000
2311597.2809341251850128173828125000000000000000
-1654257.2748058803845196962356567382812500000000
-51573107.9908663555979728698730468750000000000000
-21183885.3254547044634819030761718750000000000000
-45472415.5449636280536651611328125000000000000000
23438539.8688154928386211395263671875000000000000
-49289214.7762292698025703430175781250000000000000
-15247214.0911422502249479293823242187500000000000
654223.7487907070899382233619689941406250000000
-17633055.7562614493072032928466796875000000000000
-16001548.0888001844286918640136718750000000000000
-19040648.7109095193445682525634765625000000000000
-47595681.4306585416197776794433593750000000000000
41370230.5939343050122261047363281250000000000000
64356971.3222376927733421325683593750000000000000
-87077431.9501539170742034912109375000000000000000
27272515.7812981195747852325439453125000000000000
26814232.9031458981335163116455078125000000000000
23206691.7185403965413570404052734375000000000000
17705735.3154502026736736297607421875000000000000
-22532617.7555444687604904174804687500000000000000
30584657.0485153011977672576904296875000000000000
30757146.2440555952489376068115234375000000000000
24601962.7565816827118396759033203125000000000000
-15941832.7142781894654035568237304687500000000000
54195722.1879518628120422363281250000000000000000
41761180.5117446854710578918457031250000000000000
-56305249.9635112062096595764160156250000000000000
2442490.6318097272887825965881347656250000000000
-7340238.1959872739389538764953613281250000000000
13673206.7101376932114362716674804687500000000000
7542183.8212661994621157646179199218750000000000
-16115364.1380073539912700653076171875000000000000
-5849557.1564080147072672843933105468750000000000
1044692.7790871604811400175094604492187500000000
48685542.6457735002040863037109375000000000000000
23303958.1631328314542770385742187500000000000000
-5780711.7445381050929427146911621093750000000000
20662500.4372554644942283630371093750000000000000
-11734019.7122801989316940307617187500000000000000
-42977435.5099532157182693481445312500000000000000
10587661.5431507695466279983520507812500000000000
-18269994.3867959901690483093261718750000000000000
-12325437.2415852863341569900512695312500000000000
70276756.0505321621894836425781250000000000000000
-1842413.7883570613339543342590332031250000000000
2894216.9169102017767727375030517578125000000000
-27882039.0120615176856517791748046875000000000000
28753235.7206819653511047363281250000000000000000
26681922.7196650579571723937988281250000000000000
27237919.2564563862979412078857421875000000000000
-795917.0722065547015517950057983398437500000000
-7381497.2869514049962162971496582031250000000000
-17477656.8484676815569400787353515625000000000000
-3443005.2576403454877436161041259765625000000000
-40239390.8960846215486526489257812500000000000000
8945841.9071894492954015731811523437500000000000
-23570556.5643157809972763061523437500000000000000
-18302599.2403005100786685943603515625000000000000
-8006518.5698563223704695701599121093750000000000
15147121.0292022470384836196899414062500000000000
30554508.3057476878166198730468750000000000000000
5258891.3533664857968688011169433593750000000000
-29386352.8946576714515686035156250000000000000000
3527939.4591591493226587772369384765625000000000
-22671449.8390731252729892730712890625000000000000
-20712125.3568701297044754028320312500000000000000
-31060577.6511889956891536712646484375000000000000
-23937774.9536183625459671020507812500000000000000
3691577.1620411444455385208129882812500000000000
-6190733.9168612994253635406494140625000000000000
750409.5558920789044350385665893554687500000000
7648096.0076493257656693458557128906250000000000
-24950002.4880076274275779724121093750000000000000
3809381.6582841002382338047027587890625000000000
-15005422.2030559238046407699584960937500000000000
-10699482.2174526229500770568847656250000000000000
-11327128.7564428690820932388305664062500000000000
-27837268.7620762959122657775878906250000000000000
-10443326.8712309598922729492187500000000000000000
18012973.9789706841111183166503906250000000000000
11204386.0704206191003322601318359375000000000000
-15336677.9691240247339010238647460937500000000000
-15418377.6327924653887748718261718750000000000000
552692.1691152385901659727096557617187500000000
-32007485.2272316180169582366943359375000000000000
-2486259.9782294533215463161468505859375000000000
290099.0569691947312094271183013916015625000000
-43647058.0150770992040634155273437500000000000000
14540723.8169739563018083572387695312500000000000
32506809.0817114077508449554443359375000000000000
-40729316.8379663974046707153320312500000000000000
-15385906.4963760189712047576904296875000000000000
-13769813.5701831206679344177246093750000000000000
26986521.3541845716536045074462890625000000000000
-24133449.9568790681660175323486328125000000000000
7735904.0140900118276476860046386718750000000000
-6130754.7787741161882877349853515625000000000000
2399186.9625996323302388191223144531250000000000
-3724259.2715405169874429702758789062500000000000
-24995328.9726657569408416748046875000000000000000
14701599.9270864035934209823608398437500000000000
13980014.9234461821615695953369140625000000000000
-5431110.4084583027288317680358886718750000000000
35939442.5071263387799263000488281250000000000000
-20564282.1345130577683448791503906250000000000000
-27021225.9106463715434074401855468750000000000000
8924061.7303733974695205688476562500000000000000
5648396.3107715062797069549560546875000000000000
45767461.2437706962227821350097656250000000000000
-32392560.5217952877283096313476562500000000000000
9423648.9152839761227369308471679687500000000000
-17588252.6843009777367115020751953125000000000000
-19093591.9053400084376335144042968750000000000000
-10692883.9786999691277742385864257812500000000000
32548939.7412683889269828796386718750000000000000
-15706628.5794804748147726058959960937500000000000
13361953.3653929848223924636840820312500000000000
-6918597.4027872672304511070251464843750000000000
14043917.6041418779641389846801757812500000000000
-51176710.2205166965723037719726562500000000000000
-19386426.3796688094735145568847656250000000000000
13587316.7198616955429315567016601562500000000000
-981261.2161584201967343688011169433593750000000
-2329031.2423836207017302513122558593750000000000
46411411.0965788736939430236816406250000000000000
-6377294.9880178803578019142150878906250000000000
47169331.8858291432261466979980468750000000000000
2182599.8696461711078882217407226562500000000000
11414533.7418205663561820983886718750000000000000
30543072.1057200990617275238037109375000000000000
-40016030.9371324852108955383300781250000000000000
28194518.2361150011420249938964843750000000000000
-82656.4866334844118682667613029479980468750000
-20143283.7139860093593597412109375000000000000000
11758322.9751586150377988815307617187500000000000
-31565221.5057087242603302001953125000000000000000
6802513.0692645413801074028015136718750000000000
1110152.2350553500000387430191040039062500000000
8346371.7382373819127678871154785156250000000000
-21408474.7532239630818367004394531250000000000000
-2550218.4986457484774291515350341796875000000000
19953318.8766354471445083618164062500000000000000
24990273.7917152456939220428466796875000000000000
-6007556.5219585970044136047363281250000000000000
-22340783.8842476718127727508544921875000000000000
-13453258.4038482010364532470703125000000000000000
-3767852.5236144000664353370666503906250000000000
-5574252.7776249507442116737365722656250000000000
5284478.0894093038514256477355957031250000000000
17623489.2442891858518123626708984375000000000000
-6706141.9054251275956630706787109375000000000000
15218395.2083558533340692520141601562500000000000
15584197.9154357668012380599975585937500000000000
13379497.0520568136125802993774414062500000000000
26299379.6326578520238399505615234375000000000000
13572574.7671149335801601409912109375000000000000
-14771030.2173007931560277938842773437500000000000
4579181.7306408900767564773559570312500000000000
14108740.5062427241355180740356445312500000000000
-5511882.9019404761493206024169921875000000000000
-15600275.9277047030627727508544921875000000000000
2823295.6272941045463085174560546875000000000000
8050600.1950745126232504844665527343750000000000
-15075364.2642006706446409225463867187500000000000
-17057928.4331485964357852935791015625000000000000
13319888.1141134500503540039062500000000000000000
33305975.9798777587711811065673828125000000000000
10249904.5950882546603679656982421875000000000000
-67438.9697045244392938911914825439453125000000
12534861.1530056223273277282714843750000000000000
-18721340.1781611107289791107177734375000000000000
44335757.8187918141484260559082031250000000000000
-17009183.4872713945806026458740234375000000000000
-22116957.3424134403467178344726562500000000000000
4304141.1684997994452714920043945312500000000000
-30002897.3171093016862869262695312500000000000000
-608064.7809318671934306621551513671875000000000
-8956948.4170870054513216018676757812500000000000
4264366.1073691425845026969909667968750000000000
-4564209.6687384024262428283691406250000000000000
-14820482.6113500948995351791381835937500000000000
13016076.2756398674100637435913085937500000000000
-28725879.5197687447071075439453125000000000000000
3540336.3044879278168082237243652343750000000000
-4091898.1217924035154283046722412109375000000000
13658335.1996297966688871383666992187500000000000
15551171.2382284514605998992919921875000000000000
8053942.9784657452255487442016601562500000000000
-11942649.5630060117691755294799804687500000000000
12909565.6553046312183141708374023437500000000000
-3409174.2361186984926462173461914062500000000000
-2885331.9829776808619499206542968750000000000000
33709620.2908995151519775390625000000000000000000
760604.3913255974184721708297729492187500000000
4210381.7390123838558793067932128906250000000000
-23880206.4990400411188602447509765625000000000000
23104037.2638856358826160430908203125000000000000
-14392071.3928687740117311477661132812500000000000
20263219.0243220403790473937988281250000000000000
-5315285.0903746671974658966064453125000000000000
28789172.4528634585440158843994140625000000000000
37338358.2219741567969322204589843750000000000000
13990777.0757307447493076324462890625000000000000
992168.4198824180057272315025329589843750000000
-13583092.2408873271197080612182617187500000000000
-1717342.8121777249034494161605834960937500000000
-12263030.7772078644484281539916992187500000000000
2082478.6853590027894824743270874023437500000000
-11303511.1326583977788686752319335937500000000000
17963364.7952639386057853698730468750000000000000
9894335.5337514970451593399047851562500000000000
-8570258.3836996182799339294433593750000000000000
-18196427.9952185451984405517578125000000000000000
-10777150.9604589398950338363647460937500000000000
6422891.7458308795467019081115722656250000000000
5727865.0585154946893453598022460937500000000000
11891624.6559793036431074142456054687500000000000
17745211.5471876040101051330566406250000000000000
-7037543.3486576629802584648132324218750000000000
-7448846.2379765883088111877441406250000000000000
19713146.7879788279533386230468750000000000000000
4680604.2959252241998910903930664062500000000000
-16738448.2704941239207983016967773437500000000000
-18555102.8158820234239101409912109375000000000000
257464.8844293406873475760221481323242187500000
19637349.8898857980966567993164062500000000000000
-14989640.7196003440767526626586914062500000000000
-15103309.7999102529138326644897460937500000000000
-15356710.6832428239285945892333984375000000000000
-11192387.2445909008383750915527343750000000000000
6102439.0429592505097389221191406250000000000000
24836003.0677663907408714294433593750000000000000
-5041685.0245409132912755012512207031250000000000
-5146786.6993008423596620559692382812500000000000
18442314.5167868547141551971435546875000000000000
1892324.6783696583006531000137329101562500000000
1248490.2724720875266939401626586914062500000000
-2452637.0577490841969847679138183593750000000000
-26459460.5612503737211227416992187500000000000000
23692401.1297594346106052398681640625000000000000
-5194856.2743289936333894729614257812500000000000
-33125302.7217851541936397552490234375000000000000
-147092.4482987448864150792360305786132812500000
1854991.3875220904592424631118774414062500000000
15465573.0052485540509223937988281250000000000000
-5123692.5769102154299616813659667968750000000000
6193271.4747296273708343505859375000000000000000
8340650.9700350295752286911010742187500000000000
25746810.9467801898717880249023437500000000000000
11588126.0998242162168025970458984375000000000000
-24422783.0265648700296878814697265625000000000000
-12153526.7864560931921005249023437500000000000000
1935490.4224133251700550317764282226562500000000
-9254754.8736785538494586944580078125000000000000
424250.5241078811232000589370727539062500000000
17364597.9073272608220577239990234375000000000000
12525474.7240373957902193069458007812500000000000
-912253.7797125092474743723869323730468750000000
13491550.2691925019025802612304687500000000000000
-27131155.7322293743491172790527343750000000000000
6147825.1724552400410175323486328125000000000000
9071530.4429712593555450439453125000000000000000
11568907.1837059184908866882324218750000000000000
-200320.7263556651305407285690307617187500000000
4794907.9085415927693247795104980468750000000000
-12645344.8384826146066188812255859375000000000000
-10586980.5587962996214628219604492187500000000000
22098833.1811275258660316467285156250000000000000
-8329225.9063893919810652732849121093750000000000
-11301702.3933544773608446121215820312500000000000
-6518104.6046420782804489135742187500000000000000
933014.7733842275338247418403625488281250000000
-6294940.1239637862890958786010742187500000000000
18085303.4960847236216068267822265625000000000000
-8983595.7077355999499559402465820312500000000000
21394269.3987905308604240417480468750000000000000
7619283.7176904063671827316284179687500000000000
-9148704.1710396260023117065429687500000000000000
12882054.7637064754962921142578125000000000000000
-21022917.6283802725374698638916015625000000000000
1126901.5624716612510383129119873046875000000000
-19906382.3908346518874168395996093750000000000000
34565262.4665350392460823059082031250000000000000
-11951954.5124723780900239944458007812500000000000
-7478767.7945904945954680442810058593750000000000
-8152873.0669727185741066932678222656250000000000
2274999.7265722481533885002136230468750000000000
6374655.1607817690819501876831054687500000000000
-26018669.0898657478392124176025390625000000000000
277842.2532486087875440716743469238281250000000
23324278.8536872491240501403808593750000000000000
-61494.2041953500229283235967159271240234375000
10645922.3886794745922088623046875000000000000000
-2575832.5263643329963088035583496093750000000000
-14344461.0862564947456121444702148437500000000000
11613422.1359144952148199081420898437500000000000
-4605508.5381087325513362884521484375000000000000
3694000.2647138088941574096679687500000000000000
3040910.4996384824626147747039794921875000000000
-5460193.6862370464950799942016601562500000000000
-8815263.5444730278104543685913085937500000000000
866409.0311199427815154194831848144531250000000
8219083.7624621447175741195678710937500000000000
6052509.2799178985878825187683105468750000000000
3668693.5737477247603237628936767578125000000000
-5746379.5603577708825469017028808593750000000000
6754379.5063871629536151885986328125000000000000
-1021285.8738303200807422399520874023437500000000
-4808028.5311244782060384750366210937500000000000
7783212.8715136311948299407958984375000000000000
-7451724.0096435956656932830810546875000000000000
6255156.4426540210843086242675781250000000000000
2662618.4598497925326228141784667968750000000000
-11176283.2351028472185134887695312500000000000000
3277336.7925347001291811466217041015625000000000
7932055.4068788709118962287902832031250000000000
-3238915.0319456658326089382171630859375000000000
5537135.4898257954046130180358886718750000000000
20032203.5431270003318786621093750000000000000000
-692395.9218047468457370996475219726562500000000
-12487408.0610666293650865554809570312500000000000
1998826.9637998170219361782073974609375000000000
10955779.0385612957179546356201171875000000000000
-12804867.7018531132489442825317382812500000000000
-15873157.7399911377578973770141601562500000000000
-1226556.2806576304137706756591796875000000000000
-8553539.4044300206005573272705078125000000000000
-5431991.8446119884029030799865722656250000000000
-13867665.1149879805743694305419921875000000000000
-7409824.6950631197541952133178710937500000000000
-6785252.6503409268334507942199707031250000000000
-6343835.6558887232095003128051757812500000000000
-2457972.1079002479091286659240722656250000000000
-1512324.2778599341399967670440673828125000000000
-2106224.5298690400086343288421630859375000000000
-5705490.1738601196557283401489257812500000000000
-49490.1543235571443801745772361755371093750000
-5930795.8126635719090700149536132812500000000000
-21165789.0984402783215045928955078125000000000000
13618955.1684905868023633956909179687500000000000
-3417409.9002201063558459281921386718750000000000
-812017.3174981562187895178794860839843750000000
-5669347.0002432158216834068298339843750000000000
1672735.8891854996327310800552368164062500000000
-5906702.4671310512349009513854980468750000000000
-3721320.4269503955729305744171142578125000000000
8033801.5296904956921935081481933593750000000000
13127527.3280090019106864929199218750000000000000
4194836.1415182594209909439086914062500000000000
-5727564.4915514523163437843322753906250000000000
129780.0321925571915926411747932434082031250000
22359864.7134681083261966705322265625000000000000
-15323351.2160811088979244232177734375000000000000
-3037278.3168413429521024227142333984375000000000
4293772.3900631451979279518127441406250000000000
8340954.2787631032988429069519042968750000000000
-1879502.8410876134876161813735961914062500000000
12756962.8035266399383544921875000000000000000000
2911757.8121052761562168598175048828125000000000
-10635021.7733537517488002777099609375000000000000
999611.4433067985810339450836181640625000000000
-13379827.9053449891507625579833984375000000000000
-13445431.6094466913491487503051757812500000000000
2399578.6024451367557048797607421875000000000000
14886747.6543847136199474334716796875000000000000
5627140.4516210667788982391357421875000000000000
-6006528.2377611156553030014038085937500000000000
6090370.4035523384809494018554687500000000000000
1420791.0026694044936448335647583007812500000000
1565022.7760743834078311920166015625000000000000
2432029.4016541820019483566284179687500000000000
-8491418.8157010041177272796630859375000000000000
3572922.5283951293677091598510742187500000000000
-3226032.2817325433716177940368652343750000000000
3306910.7219327781349420547485351562500000000000
10599211.6781348790973424911499023437500000000000
-1347685.0945754363201558589935302734375000000000
-18877653.7309993430972099304199218750000000000000
6699374.3173395823687314987182617187500000000000
-3332514.5287586525082588195800781250000000000000
-15707119.2820670660585165023803710937500000000000
-10473206.6246356964111328125000000000000000000000
-5320017.2334220102056860923767089843750000000000
2609535.9087010305374860763549804687500000000000
-6485069.8369148876518011093139648437500000000000
6594754.1425244649872183799743652343750000000000
-3972019.7961303549818694591522216796875000000000
-2181851.0748919812031090259552001953125000000000
-2637519.3117069657891988754272460937500000000000
2521934.0134097007103264331817626953125000000000
-3598821.8394653201103210449218750000000000000000
641199.4770682606613263487815856933593750000000
9504014.9539934657514095306396484375000000000000
5985386.6633625878021121025085449218750000000000
1891444.4909309288486838340759277343750000000000
-2613685.9389934455975890159606933593750000000000
-3094483.1559856869280338287353515625000000000000
1829969.8259319455828517675399780273437500000000
9231684.4656502045691013336181640625000000000000
4664804.9113442767411470413208007812500000000000
-5090985.7461627470329403877258300781250000000000
5970175.3288549305871129035949707031250000000000
3035029.2983260564506053924560546875000000000000
509769.8454427873948588967323303222656250000000
-1999116.5109304697252810001373291015625000000000
-107227.8995178797631524503231048583984375000000
-10392609.7188984230160713195800781250000000000000
-748902.1843020488740876317024230957031250000000
3807567.5999207668937742710113525390625000000000
10312314.5503982063382863998413085937500000000000
-8114826.2105135777965188026428222656250000000000
5499407.8257729262113571166992187500000000000000
-1724748.5127934408374130725860595703125000000000
-12719417.8336420189589262008666992187500000000000
4640556.9726648721843957901000976562500000000000
-968962.0153421931900084018707275390625000000000
662511.0951420336496084928512573242187500000000
7334896.8705812906846404075622558593750000000000
6919791.4355193320661783218383789062500000000000
-5541718.7257975963875651359558105468750000000000
4135072.7535088388249278068542480468750000000000
-11624840.4710415601730346679687500000000000000000
-1268999.4413068231660872697830200195312500000000
1996699.7410385168623179197311401367187500000000
5872802.6020202655345201492309570312500000000000
6939032.6194339515641331672668457031250000000000
-3548374.9641573838889598846435546875000000000000
-862331.1628833377035334706306457519531250000000
10718555.0192962624132633209228515625000000000000
213682.8864334185782354325056076049804687500000
-6359720.6333212368190288543701171875000000000000
-55335.9829759657004615291953086853027343750000
-11301135.4759970661252737045288085937500000000000
-5396126.3273378927260637283325195312500000000000
-2032482.0624944237060844898223876953125000000000
2620672.0721447733230888843536376953125000000000
4353845.5275752311572432518005371093750000000000
-5971060.2839930234476923942565917968750000000000
-1535893.5745307288598269224166870117187500000000
1355410.8784696923103183507919311523437500000000
5817368.5175782786682248115539550781250000000000
-3042189.9000045806169509887695312500000000000000
13673759.5849710572510957717895507812500000000000
-4840759.5851636501029133796691894531250000000000
-967601.0372649399796500802040100097656250000000
6849664.9746185922995209693908691406250000000000
-6170640.4955005962401628494262695312500000000000
1329299.9849661043845117092132568359375000000000
6928535.9064880954101681709289550781250000000000
-3285617.8378231073729693889617919921875000000000
2841331.4351738402619957923889160156250000000000
2708209.7430191417224705219268798828125000000000
-1999462.9449997285846620798110961914062500000000
-3182737.9625601642765104770660400390625000000000
-11136112.6731604281812906265258789062500000000000
2401054.8790869787335395812988281250000000000000
4038478.2631900683045387268066406250000000000000
336098.5454172341851517558097839355468750000000
-7415958.6866306252777576446533203125000000000000
-4959440.2373227616772055625915527343750000000000
-7905574.1386556290090084075927734375000000000000
-5880150.2214231425896286964416503906250000000000
7053906.9288116004317998886108398437500000000000
5208153.6462128413841128349304199218750000000000
1631721.3255687907803803682327270507812500000000
-3197566.9067431152798235416412353515625000000000
-1273400.0205676730256527662277221679687500000000
319977.1844253718154504895210266113281250000000
-1957997.0394434041809290647506713867187500000000
-914190.8472555855987593531608581542968750000000
2031155.0125577328726649284362792968750000000000
3681612.7234693574719130992889404296875000000000
9487657.5291670337319374084472656250000000000000
-5290810.4436581851914525032043457031250000000000
537367.7161675546085461974143981933593750000000
6432937.0678519960492849349975585937500000000000
1599864.9051919011399149894714355468750000000000
-7226529.6671320181339979171752929687500000000000
5115498.9758878648281097412109375000000000000000
12331886.2139354497194290161132812500000000000000
-947251.9295871281065046787261962890625000000000
3233944.4772343039512634277343750000000000000000
9152477.9109516832977533340454101562500000000000
7136093.5704908296465873718261718750000000000000
-429715.5407312123570591211318969726562500000000
1693184.9850882571190595626831054687500000000000
-4257060.1298106154426932334899902343750000000000
7143327.6812936700880527496337890625000000000000
-3356567.8555700643919408321380615234375000000000
-3169042.7028884170576930046081542968750000000000
-726205.2895230810390785336494445800781250000000
3640897.4477448179386556148529052734375000000000
3481126.8688984047621488571166992187500000000000
396216.5996537801111117005348205566406250000000
5612025.6368032526224851608276367187500000000000
-6876582.0679345987737178802490234375000000000000
-52897.2134599291603080928325653076171875000000
2741499.6550555722787976264953613281250000000000
3505943.6042195227928459644317626953125000000000
2503533.0450355960056185722351074218750000000000
-755103.7571351325605064630508422851562500000000
154412.5643483675376046448945999145507812500000
-4114296.2282422250136733055114746093750000000000
-412744.0600744336261413991451263427734375000000
-2145777.3598287389613687992095947265625000000000
-3615010.3212555660866200923919677734375000000000
-4706661.4698988618329167366027832031250000000000
-10467061.0484123490750789642333984375000000000000
881456.9092657535802572965621948242187500000000
-3937157.4951992114074528217315673828125000000000
229880.4891191826318390667438507080078125000000
-1890660.8423458742909133434295654296875000000000
-5807199.1536198947578668594360351562500000000000
-5148428.0081106489524245262145996093750000000000
-1319409.9679317793343216180801391601562500000000
6140485.6729911183938384056091308593750000000000
4253923.1701986035332083702087402343750000000000
-10965482.9656736571341753005981445312500000000000
4629013.2232838412746787071228027343750000000000
4569792.4054717477411031723022460937500000000000
2720616.9350701584480702877044677734375000000000
5568688.8216393776237964630126953125000000000000
4562737.0097195412963628768920898437500000000000
-1272045.9005140198860317468643188476562500000000
-5246021.9598700767382979393005371093750000000000
-7447116.9594162143766880035400390625000000000000
3122186.7119005038402974605560302734375000000000
1154272.7739924304187297821044921875000000000000
-917748.7857159381965175271034240722656250000000
-458414.8189986108336597681045532226562500000000
1673499.6402853596955537796020507812500000000000
-2267169.9699743725359439849853515625000000000000
-2729300.2385838651098310947418212890625000000000
-215217.3135265632008668035268783569335937500000
-1332004.2904491494409739971160888671875000000000
-5145348.4476049616932868957519531250000000000000
2364434.8263101177290081977844238281250000000000
-6129695.4076861962676048278808593750000000000000
1644242.8527854275889694690704345703125000000000
-4732296.8090381994843482971191406250000000000000
-375382.2920108510879799723625183105468750000000
-3569170.1775502408854663372039794921875000000000
-1896872.0722818002104759216308593750000000000000
5210947.3323575640097260475158691406250000000000
2857210.7582475044764578342437744140625000000000
1503525.1979587080422788858413696289062500000000
7558962.5358711741864681243896484375000000000000
4309101.0439750840887427330017089843750000000000
-1498675.3341180821880698204040527343750000000000
9648969.3602983932942152023315429687500000000000
2338286.1156525039114058017730712890625000000000
4678400.3176022684201598167419433593750000000000
3338864.1828140923753380775451660156250000000000
-764224.4228166930843144655227661132812500000000
-2721740.3245851509273052215576171875000000000000
1970564.1407613798510283231735229492187500000000
-289922.4452470208634622395038604736328125000000
1066382.8312404523603618144989013671875000000000
2908319.9744586590677499771118164062500000000000
1164934.1839384874328970909118652343750000000000
4831781.5905288709327578544616699218750000000000
2729013.6700233812443912029266357421875000000000
1140075.5313519421033561229705810546875000000000
-282308.5023996964446268975734710693359375000000
-2484443.3847748567350208759307861328125000000000
-8272163.9181058974936604499816894531250000000000
-4813770.0549184689298272132873535156250000000000
-7502806.9097893228754401206970214843750000000000
2361376.2108760657720267772674560546875000000000
5233050.9616314554587006568908691406250000000000
-1990136.3107788204215466976165771484375000000000
1147554.0805923533625900745391845703125000000000
-1238793.1412640518974512815475463867187500000000
-3280776.2737341346219182014465332031250000000000
-1504352.1098441078793257474899291992187500000000
-2718901.5590267535299062728881835937500000000000
801364.8360952903749421238899230957031250000000
-4591885.5940806837752461433410644531250000000000
774370.1638050288893282413482666015625000000000
-2228995.9129453646019101142883300781250000000000
5101155.2105437805876135826110839843750000000000
4336619.1191467782482504844665527343750000000000
387751.3870237356168217957019805908203125000000
-1393453.8420645182486623525619506835937500000000
6987472.0356266638264060020446777343750000000000
-887086.7697530327131971716880798339843750000000
302274.5397151904762722551822662353515625000000
2301625.3198138810694217681884765625000000000000
3639435.6586172701790928840637207031250000000000
-423880.4967477980535477399826049804687500000000
-61125.3856801829097094014286994934082031250000
2422187.4464571648277342319488525390625000000000
-258108.2556952139129862189292907714843750000000
-1134403.5302936956286430358886718750000000000000
-1976736.5154518894851207733154296875000000000000
-2459332.0136405425146222114562988281250000000000
5397244.9494378836825489997863769531250000000000
-827724.6454957243986427783966064453125000000000
-188203.6797679630399215966463088989257812500000
-861252.5660834083100780844688415527343750000000
-1295660.9196751983836293220520019531250000000000
-3282932.7146933176554739475250244140625000000000
1702288.3387260786257684230804443359375000000000
-2776729.3127521970309317111968994140625000000000
-4423555.9187315935268998146057128906250000000000
-6670540.0851197689771652221679687500000000000000
1453548.0850920388475060462951660156250000000000
1609094.7687656164634972810745239257812500000000
1711785.4288027680013328790664672851562500000000
-5450301.3668221347033977508544921875000000000000
-2444746.1175214578397572040557861328125000000000
4560317.7348130242899060249328613281250000000000
3326490.8180792657658457756042480468750000000000
1561469.2329215761274099349975585937500000000000
2055633.2673445576801896095275878906250000000000
-466262.4972068193601444363594055175781250000000
-664748.8189174606231972575187683105468750000000
3974374.9338723146356642246246337890625000000000
-12708507.3908178359270095825195312500000000000000
1052525.6898360748309642076492309570312500000000
-1342388.7923734972719103097915649414062500000000
819402.1819716545287519693374633789062500000000
-1469385.6751668564975261688232421875000000000000
2683133.5858135884627699851989746093750000000000
-4319661.7472847858443856239318847656250000000000
-3293402.7889756713993847370147705078125000000000
3262528.6033230773173272609710693359375000000000
2049405.7141496376134455204010009765625000000000
199003.8984902644879184663295745849609375000000
-2027285.6454067565500736236572265625000000000000
-2278114.8280482213012874126434326171875000000000
-1039686.5676174928667023777961730957031250000000
-5104029.2211606437340378761291503906250000000000
1092716.1860404978506267070770263671875000000000
-303186.7378453740966506302356719970703125000000
3816.0435197551464625576045364141464233398438
3683805.0464433790184557437896728515625000000000
7085237.0840303674340248107910156250000000000000
657847.2811707374639809131622314453125000000000
3476867.0804429417476058006286621093750000000000
1427661.9160355853382498025894165039062500000000
2615791.7453784341923892498016357421875000000000
1411738.1202657946851104497909545898437500000000
5413339.7301242835819721221923828125000000000000
-1397554.9784340478945523500442504882812500000000
-2063708.2224247844424098730087280273437500000000
-3286999.0776858096942305564880371093750000000000
-1571291.8733426467515528202056884765625000000000
3420238.4026924003846943378448486328125000000000
-6764041.4155595600605010986328125000000000000000
-554339.8650784547207877039909362792968750000000
-1141110.3622232335619628429412841796875000000000
2568753.5691707273945212364196777343750000000000
2551109.7017500624060630798339843750000000000000
-6344053.3040660079568624496459960937500000000000
-159072.6758085270994342863559722900390625000000
-18553.3503760088497074320912361145019531250000
-211297.2744516053353436291217803955078125000000
3545793.2534435619600117206573486328125000000000
-3522770.7198792849667370319366455078125000000000
936889.1730230401735752820968627929687500000000
-3289785.0879218815825879573822021484375000000000
-1600946.6831615893170237541198730468750000000000
-138866.0143176915880758315324783325195312500000
3070638.9322584085166454315185546875000000000000
-1596257.1542645511217415332794189453125000000000
2990872.3079371722415089607238769531250000000000
1356883.3662194479256868362426757812500000000000
-994379.3034756098641082644462585449218750000000
2978372.6723420876078307628631591796875000000000
2989622.8604717925190925598144531250000000000000
-1196669.3053587675094604492187500000000000000000
3741363.4085701210424304008483886718750000000000
239463.2641597352339886128902435302734375000000
-498726.2624230222427286207675933837890625000000
-4188837.6753986109979450702667236328125000000000
-2603779.9294164679013192653656005859375000000000
-771912.5453567814547568559646606445312500000000
63157.2792543346658931113779544830322265625000
1286755.0313107687979936599731445312500000000000
2549355.1625907360576093196868896484375000000000
-2562451.0858244108967483043670654296875000000000
-1487378.2330635522957891225814819335937500000000
-106274.3434944888576865196228027343750000000000
2947221.5626130858436226844787597656250000000000
1247376.8999243322759866714477539062500000000000
-1307900.8499526744708418846130371093750000000000
1003075.4371007105801254510879516601562500000000
1911425.7116679425816982984542846679687500000000
6244884.4142547436058521270751953125000000000000
3490422.8748567220754921436309814453125000000000
2689492.9667806220240890979766845703125000000000
725675.4471413812134414911270141601562500000000
927925.5347738103009760379791259765625000000000
-516925.7283494454459287226200103759765625000000
1930063.0804593397770076990127563476562500000000
-1029559.1049601568374782800674438476562500000000
-4218974.9166765697300434112548828125000000000000
-2045896.8170836023055016994476318359375000000000
-2058720.0209444463253021240234375000000000000000
1830151.2165662874467670917510986328125000000000
-1571937.1776057677343487739562988281250000000000
528984.3337728016776964068412780761718750000000
472505.0058698033099062740802764892578125000000
2777771.3414098219946026802062988281250000000000
-846368.6283982845488935708999633789062500000000
-491685.3582868754165247082710266113281250000000
-3202932.1564427572302520275115966796875000000000
2719093.7330301473848521709442138671875000000000
-2795608.3156944201327860355377197265625000000000
3419139.1814448582008481025695800781250000000000
12632.2237383694046002347022294998168945312500
-77304.2432835740037262439727783203125000000000
519028.0605817414470948278903961181640625000000
-697589.0188044494716450572013854980468750000000
-341158.3639883663272485136985778808593750000000
1128321.6258323369547724723815917968750000000000
-2764713.2441521985456347465515136718750000000000
-740990.0374755102675408124923706054687500000000
-936841.0548671454889699816703796386718750000000
-568782.3270302595337852835655212402343750000000
-1325697.8204822523985058069229125976562500000000
680415.7851320487679913640022277832031250000000
-217053.6091545259405393153429031372070312500000
-954034.8109768725698813796043395996093750000000
1341883.1977246736641973257064819335937500000000
294762.1275409288355149328708648681640625000000
5499489.3881581397727131843566894531250000000000
3344159.2632992123253643512725830078125000000000
1961871.1282658020500093698501586914062500000000
-944325.5554997381987050175666809082031250000000
-1750792.4878292984794825315475463867187500000000
-281040.9731160054798237979412078857421875000000
-4032589.3434251756407320499420166015625000000000
3765996.9947501807473599910736083984375000000000
-3167652.7612800663337111473083496093750000000000
520273.4392338240286335349082946777343750000000
-814318.2940280447946861386299133300781250000000
242181.1468102076323702931404113769531250000000
1361755.4376147806178778409957885742187500000000
-1508137.0444137123413383960723876953125000000000
-1502613.4161542376969009637832641601562500000000
-129856.5845221590861910954117774963378906250000
-4027992.4618672309443354606628417968750000000000
3861211.7398323621600866317749023437500000000000
-1403646.8447847729548811912536621093750000000000
1458333.7362151853740215301513671875000000000000
-2157330.4944483740255236625671386718750000000000
266438.6250015459372662007808685302734375000000
-1044483.8606021464802324771881103515625000000000
-1321511.1832637235056608915328979492187500000000
-957037.0680029070936143398284912109375000000000
-1645212.9426444438286125659942626953125000000000
-2326188.8024162268266081809997558593750000000000
-958242.6222516273846849799156188964843750000000
-1974067.8871360842604190111160278320312500000000
2487948.4943054313771426677703857421875000000000
-1481420.9174718260765075683593750000000000000000
2834707.7871686816215515136718750000000000000000
-2558260.2673392035067081451416015625000000000000
-1590024.8520060782320797443389892578125000000000
-1944613.6808098191395401954650878906250000000000
-162062.1079481015331111848354339599609375000000
977280.7383325799601152539253234863281250000000
-2594403.8523994083516299724578857421875000000000
-5543441.9010233692824840545654296875000000000000
365787.2973384661599993705749511718750000000000
-2620168.7734209033660590648651123046875000000000
1314123.5305009777657687664031982421875000000000
-270882.8359722643508575856685638427734375000000
919912.6665970701724290847778320312500000000000
1271024.6368979476392269134521484375000000000000
-240961.9210124552773777395486831665039062500000
3202128.8166205021552741527557373046875000000000
-418779.8214551971177570521831512451171875000000
736407.5431450183968991041183471679687500000000
-690238.5855455290293321013450622558593750000000
-2179393.6755984895862638950347900390625000000000
62534.2237228263038559816777706146240234375000
17312.0267177395653561688959598541259765625000
1540635.4489981627557426691055297851562500000000
2887601.5029260073788464069366455078125000000000
-1292646.4924356499686837196350097656250000000000
956496.5596550256013870239257812500000000000000
-538074.6966076868120580911636352539062500000000
-2172338.5188773907721042633056640625000000000000
2208125.1134360949508845806121826171875000000000
-1361038.8294145227409899234771728515625000000000
-2175050.4437903300859034061431884765625000000000
274712.3366975751705467700958251953125000000000
-487601.0738024748279713094234466552734375000000
1632636.1881543707568198442459106445312500000000
-528775.9304536993149667978286743164062500000000
-787300.5925638305488973855972290039062500000000
2660424.3561154175549745559692382812500000000000
1429428.9406469676177948713302612304687500000000
572782.9178082334110513329505920410156250000000
-2216546.2277695410884916782379150390625000000000
1565687.5870152378920465707778930664062500000000
67771.1770421686087502166628837585449218750000
1698020.3281450520735234022140502929687500000000
-988655.9228283700067549943923950195312500000000
-1056249.6887710029259324073791503906250000000000
520853.3005660681519657373428344726562500000000
327914.0246383441262878477573394775390625000000
1320746.6699557777028530836105346679687500000000
-326786.5626739746658131480216979980468750000000
1863321.0299356281757354736328125000000000000000
-2024819.7773977699689567089080810546875000000000
861442.0567992066498845815658569335937500000000
-222968.3446834223286714404821395874023437500000
-1293358.8315847392659634351730346679687500000000
-960205.9651823490858078002929687500000000000000
-107855.2650605050730518996715545654296875000000
207106.1170091698586475104093551635742187500000
-182427.5153780717519111931324005126953125000000
950082.0055383758153766393661499023437500000000
684518.2112671830691397190093994140625000000000
1538787.1309656174853444099426269531250000000000
-847009.9809776420006528496742248535156250000000
1398147.5726911383680999279022216796875000000000
-396695.3053783537470735609531402587890625000000
-590952.3039225359680131077766418457031250000000
233174.7977007300069089978933334350585937500000
1317643.2366213388741016387939453125000000000000
-915503.8407193947350606322288513183593750000000
201651.8773821071663405746221542358398437500000
236716.5967445383721496909856796264648437500000
1963402.2363152608741074800491333007812500000000
1933036.9396743122488260269165039062500000000000
-613457.3828432529699057340621948242187500000000
440621.9481096630333922803401947021484375000000
-311073.6340393348364159464836120605468750000000
-351188.6852226775372400879859924316406250000000
-896378.0380433902610093355178833007812500000000
-612258.1188502378063276410102844238281250000000
33923.9537925957338302396237850189208984375000
189547.6141479522048030048608779907226562500000
129519.6666790888848481699824333190917968750000
-1376823.0461810138076543807983398437500000000000
-1682609.2545786902774125337600708007812500000000
-361981.6026921027223579585552215576171875000000
-1536819.6776717877946794033050537109375000000000
1745329.7745435079559683799743652343750000000000
643874.6148294900776818394660949707031250000000
24388.9140800636014319024980068206787109375000
-1422265.4666807579342275857925415039062500000000
-1576772.0990336267277598381042480468750000000000
1482328.1053186154458671808242797851562500000000
-1644341.9794519520364701747894287109375000000000
535938.2933524065883830189704895019531250000000
186591.4625219540030229836702346801757812500000
-858882.3563570164842531085014343261718750000000
-723037.3016617352841421961784362792968750000000
554021.0159706177655607461929321289062500000000
891888.2823030904401093721389770507812500000000
809922.1608396463561803102493286132812500000000
-1362176.7689239962492138147354125976562500000000
633585.2837333396309986710548400878906250000000
1006903.3652321327244862914085388183593750000000
-413182.8088704352267086505889892578125000000000
271137.2271974250325001776218414306640625000000
2911745.3873015153221786022186279296875000000000
699879.9280833245720714330673217773437500000000
-1202876.5583318085409700870513916015625000000000
-977416.2615099247777834534645080566406250000000
-639129.5940382481785491108894348144531250000000
525254.1340502434177324175834655761718750000000
-522597.4900984020205214619636535644531250000000
100401.0859453837765613570809364318847656250000
-399327.8986339881666935980319976806640625000000
-145591.2034258465282618999481201171875000000000
2735275.7398980818688869476318359375000000000000
135111.1941701416799332946538925170898437500000
-1297554.5857098901178687810897827148437500000000
-1199214.7598517681472003459930419921875000000000
1134562.7537345259916037321090698242187500000000
520883.3404680356616154313087463378906250000000
-587570.4417040114058181643486022949218750000000
1666731.1807369296438992023468017578125000000000
748072.5141529779648408293724060058593750000000
1537216.3130365379620343446731567382812500000000
-2186005.0722760520875453948974609375000000000000
-1245076.0965204280801117420196533203125000000000
846964.9231208917917683720588684082031250000000
-701344.3953991904854774475097656250000000000000
373725.9781181710422970354557037353515625000000
-1591140.8132450075354427099227905273437500000000
866479.1639242527307942509651184082031250000000
-181580.9635532608372159302234649658203125000000
478490.9671971877105534076690673828125000000000
789345.8047520925756543874740600585937500000000
910843.1709435050142928957939147949218750000000
7379.8784056698214044445194303989410400390625
99007.5468470201885793358087539672851562500000
-683719.4507606874685734510421752929687500000000
1233959.6537715671584010124206542968750000000000
-287894.9344906800542958080768585205078125000000
2040615.2568665274884551763534545898437500000000
-179147.0207952263590414077043533325195312500000
2211911.2150797154754400253295898437500000000000
-1189798.5253735119476914405822753906250000000000
1836835.7827422674745321273803710937500000000000
-877699.9207121366634964942932128906250000000000
1014451.9392130180494859814643859863281250000000
1308005.1215182847809046506881713867187500000000
754141.5240252593066543340682983398437500000000
-281991.4631593110971152782440185546875000000000
-1746095.3913108268752694129943847656250000000000
2675676.3711726269684731960296630859375000000000
-48594.3571273753332206979393959045410156250000
-899098.8802246006671339273452758789062500000000
1227592.7173567463178187608718872070312500000000
-259922.9402660652413032948970794677734375000000
-548396.7087171926395967602729797363281250000000
309073.4380029643070884048938751220703125000000
513412.4356755975750274956226348876953125000000
-576915.0507060853997245430946350097656250000000
568399.7208636230789124965667724609375000000000
958201.4973911520792171359062194824218750000000
-787089.9863746790215373039245605468750000000000
49131.0126271328699658624827861785888671875000
-876775.8110615882324054837226867675781250000000
-1651466.0263045306783169507980346679687500000000
483025.9699823904084041714668273925781250000000
503976.9623888969654217362403869628906250000000
-618932.8244524992769584059715270996093750000000
-21826.9693784080300247296690940856933593750000
-1007977.1987494028871878981590270996093750000000
-18874.7458562700558104552328586578369140625000
-1891612.4682685683947056531906127929687500000000
-1065902.9819973267149180173873901367187500000000
148102.1068866641726344823837280273437500000000
814651.3621901827864348888397216796875000000000
922977.6228214609436690807342529296875000000000
-346270.2820260039297863841056823730468750000000
651005.5858092551352456212043762207031250000000
975546.3636124946642667055130004882812500000000
-1227189.8267594615463167428970336914062500000000
1656585.5051353545859456062316894531250000000000
4058.5827793053431378211826086044311523437500
769279.2546622359659522771835327148437500000000
-651341.2314251988427713513374328613281250000000
-950949.4294895309722051024436950683593750000000
1909448.7105509575922042131423950195312500000000
580780.7632350370986387133598327636718750000000
-336846.0250778542831540107727050781250000000000
-521447.6530015692114830017089843750000000000000
-559063.4234549198299646377563476562500000000000
-459002.6140810704091563820838928222656250000000
-277978.2901395210647024214267730712890625000000
-1581388.0226222393102943897247314453125000000000
1033036.1675931110512465238571166992187500000000
-318893.6867322208127006888389587402343750000000
-142851.1838470993388909846544265747070312500000
-731231.2329147629207000136375427246093750000000
-645168.5447763303527608513832092285156250000000
-450495.2957885262439958751201629638671875000000
642864.9075418477877974510192871093750000000000
-701844.5423642110545188188552856445312500000000
567197.3449620575411245226860046386718750000000
-668814.2729668836109340190887451171875000000000
447354.4410926169366575777530670166015625000000
1747987.0128909300547093152999877929687500000000
-355136.4619668250670656561851501464843750000000
435035.6066639660275541245937347412109375000000
60277.0610684714411036111414432525634765625000
-208258.5721416095911990851163864135742187500000
-652045.7760014949599280953407287597656250000000
-1269933.6783064124174416065216064453125000000000
665757.7866544200805947184562683105468750000000
-169628.2493694983131717890501022338867187500000
574070.9690045173047110438346862792968750000000
-952270.4320463790791109204292297363281250000000
-771454.1668070805026218295097351074218750000000
-969810.7432714039459824562072753906250000000000
901648.0730373638216406106948852539062500000000
1351648.5493182977661490440368652343750000000000
559657.0196504377527162432670593261718750000000
-1171021.4423816900234669446945190429687500000000
-638581.3173512229695916175842285156250000000000
-968217.4306787608657032251358032226562500000000
524883.5359384526964277029037475585937500000000
189836.1812302066537085920572280883789062500000
-1317402.7149672764353454113006591796875000000000
749443.7915128220338374376296997070312500000000
-877720.9595820253016427159309387207031250000000
-787644.0551223307847976684570312500000000000000
-193637.7121712223743088543415069580078125000000
399537.0267537065665237605571746826171875000000
39184.3517265820992179214954376220703125000000
378012.0957774689886718988418579101562500000000
-729636.0193922984180971980094909667968750000000
383690.7232454702025279402732849121093750000000
-784544.8067040666937828063964843750000000000000
-587628.9514593647327274084091186523437500000000
127141.0394714189460501074790954589843750000000
-1577875.9629858466796576976776123046875000000000
-362910.2737732734531164169311523437500000000000
223970.7545266544620972126722335815429687500000
581003.8313263102900236845016479492187500000000
-1116125.4977991795167326927185058593750000000000
1050982.8149210293777287006378173828125000000000
486179.7303352207527495920658111572265625000000
1161644.5233058840967714786529541015625000000000
-1408838.1335938069969415664672851562500000000000
546375.4198028054088354110717773437500000000000
-473131.6826438631396740674972534179687500000000
141838.9156233084795530885457992553710937500000
746993.8314106152392923831939697265625000000000
174497.8530607627762947231531143188476562500000
9823.1125243390924879349768161773681640625000
-432240.9624998922226950526237487792968750000000
-145403.4982539063785225152969360351562500000000
726797.3760530201252549886703491210937500000000
456590.1380409576813690364360809326171875000000
89932.9725846699584508314728736877441406250000
1244904.5294962986372411251068115234375000000000
540567.7010645188856869935989379882812500000000
-478398.2092074236716143786907196044921875000000
-173676.9112229521851986646652221679687500000000
1379469.0384971797466278076171875000000000000000
-759069.8513034441275522112846374511718750000000
-154230.2888315716991201043128967285156250000000
-841524.9019006465096026659011840820312500000000
-563190.3371800505556166172027587890625000000000
-90567.2907032425719080492854118347167968750000
-901894.5292196235386654734611511230468750000000
967603.0102565508568659424781799316406250000000
500099.0538809754652902483940124511718750000000
835560.2060731236124411225318908691406250000000
500334.2706083889352157711982727050781250000000
981592.3221303848549723625183105468750000000000
522727.0206994466716423630714416503906250000000
-382844.5582509589148685336112976074218750000000
-8047.8048654588237695861607789993286132812500
-1380881.7508397093042731285095214843750000000000
