0.1959184185785859677597642303226166404784
-15.6239805991986937527826739824377000331879
325.2024689616980595019413158297538757324219
-2844.4447023018651634629350155591964721679688
12030.1229094610680476762354373931884765625000
-23968.5315036048341426067054271697998046875000
14811.2380654511944158002734184265136718750000
10794.4315316078573232516646385192871093750000
3543.3144625402319434215314686298370361328125
-35816.5066131400380982086062431335449218750000
42381.3507753133380901999771595001220703125000
-69005.9701457040064269676804542541503906250000
16042.1563178995293128537014126777648925781250
56944.3595991002657683566212654113769531250000
5530.4070537236257223412394523620605468750000
72841.4006376625184202566742897033691406250000
-82775.1958993350272066891193389892578125000000
-66297.5441273228061618283390998840332031250000
11455.7556234869261970743536949157714843750000
-6740.0030292716464828117750585079193115234375
-35068.6977618589153280481696128845214843750000
-69269.3789557996060466393828392028808593750000
81912.0834796263079624623060226440429687500000
71475.4981725797115359455347061157226562500000
119199.5678370112727861851453781127929687500000
129771.9731111620931187644600868225097656250000
-127973.6084143638872774317860603332519531250000
-34062.0586490267014596611261367797851562500000
51908.3879796335313585586845874786376953125000
-292033.4144897973746992647647857666015625000000
20565.7149345797915884759277105331420898437500
-9186.7601294504875113489106297492980957031250
122356.3315325953299179673194885253906250000000
-47196.3620235172202228568494319915771484375000
-17537.8593473534710938110947608947753906250000
74500.0650293223734479397535324096679687500000
-223089.5582166963140480220317840576171875000000
95920.4909670795896090567111968994140625000000
213642.3762119086750317364931106567382812500000
-249941.2351044511597137898206710815429687500000
65380.9620891890153870917856693267822265625000
-10396.9860479035069147357717156410217285156250
156926.4485079301812220364809036254882812500000
45565.2593369682290358468890190124511718750000
199699.2298489956010598689317703247070312500000
16608.1447662330247112549841403961181640625000
-107064.0539982990740099921822547912597656250000
44155.5797118010232225060462951660156250000000
106430.3062957720394479110836982727050781250000
-138859.0049946740618906915187835693359375000000
-208784.0246102711244020611047744750976562500000
-81038.6854793994571082293987274169921875000000
41725.2147515407123137265443801879882812500000
-248240.3967214925796724855899810791015625000000
342220.8270392169943079352378845214843750000000
-129106.8411128391016973182559013366699218750000
77825.7325573451671516522765159606933593750000
-52658.2021092396171297878026962280273437500000
8419.4638805667364067630842328071594238281250
20300.7248273393488489091396331787109375000000
-88845.7145891532127279788255691528320312500000
-413086.6056546822655946016311645507812500000000
29493.4964920264610555022954940795898437500000
283069.6320868433685973286628723144531250000000
-72052.9784471230959752574563026428222656250000
113478.5965033152751857414841651916503906250000
76085.3453016346611548215150833129882812500000
69867.2249231525638606399297714233398437500000
-195785.9866498418559785932302474975585937500000
168798.2372290472849272191524505615234375000000
41704.5457281925628194585442543029785156250000
301741.7649386778357438743114471435546875000000
4365.9968864772426968556828796863555908203125
-87170.1341505307791521772742271423339843750000
-143922.2368899054708890616893768310546875000000
41384.8999043246658402495086193084716796875000
-155802.3604897522891405969858169555664062500000
-39710.4935770063020754605531692504882812500000
-78650.0521580441709375008940696716308593750000
208608.6016342974908184260129928588867187500000
8843.4219293760525033576413989067077636718750
-188390.2962755486369132995605468750000000000000
-79209.3543563864077441394329071044921875000000
109227.2895891560619929805397987365722656250000
256660.8464732304564677178859710693359375000000
-58793.8736810238187899813055992126464843750000
-452.1531169029760803823592141270637512207031
-69651.5545074724068399518728256225585937500000
314472.9682320426218211650848388671875000000000
134789.7939945570251438766717910766601562500000
14627.6079806062334682792425155639648437500000
170105.8001882006064988672733306884765625000000
122825.5190039343870012089610099792480468750000
23127.6639964579881052486598491668701171875000
105982.0396835638966877013444900512695312500000
-116841.7810680759575916454195976257324218750000
-11733.3249597809353872435167431831359863281250
-242570.1401382420444861054420471191406250000000
-75528.3310753917321562767028808593750000000000
192713.3963121832639444619417190551757812500000
136314.4326791020284872502088546752929687500000
-19192.8465390967357961926609277725219726562500
-491071.0586196267395280301570892333984375000000
-265960.2348877131589688360691070556640625000000
56364.3248551859214785508811473846435546875000
-25106.2319271784981538075953722000122070312500
9908.6308670482576417271047830581665039062500
-32734.2736759410508966539055109024047851562500
149422.0156006721372250467538833618164062500000
171466.1513588999514468014240264892578125000000
20153.8165845881667337380349636077880859375000
79458.8619036029122071340680122375488281250000
-8417902.9041672796010971069335937500000000000000
-19437217.9609587378799915313720703125000000000000
26617372.9489679634571075439453125000000000000000
-4518459.3388270717114210128784179687500000000000
16807168.9487341493368148803710937500000000000000
26917257.6012437827885150909423828125000000000000
-7136716.5424753027036786079406738281250000000000
-56426553.9912750348448753356933593750000000000000
-6645406.5914256609976291656494140625000000000000
1284905.4576156744733452796936035156250000000000
-8980235.5920581109821796417236328125000000000000
38940591.2922109961509704589843750000000000000000
-15828003.3212428521364927291870117187500000000000
8920037.1444036792963743209838867187500000000000
43195419.8941139355301856994628906250000000000000
35156479.5421233996748924255371093750000000000000
-36878378.3990148380398750305175781250000000000000
-15502076.7756776735186576843261718750000000000000
-35062896.8426208049058914184570312500000000000000
-16884837.2546574696898460388183593750000000000000
13523223.5219685863703489303588867187500000000000
4067462.9680876987986266613006591796875000000000
20108772.2042356096208095550537109375000000000000
-15400751.1568166315555572509765625000000000000000
-1156822.7416653793770819902420043945312500000000
29627783.7865424528717994689941406250000000000000
-28431352.1328000687062740325927734375000000000000
19189201.4095641933381557464599609375000000000000
3140961.2614992377348244190216064453125000000000
19056575.4250706993043422698974609375000000000000
-28806667.8819688893854618072509765625000000000000
-13196836.4245485030114650726318359375000000000000
24104468.9742608293890953063964843750000000000000
8576115.2323688957840204238891601562500000000000
-2034962.2742237583734095096588134765625000000000
-14504729.1498386096209287643432617187500000000000
63901939.2307382524013519287109375000000000000000
-23377094.1951506882905960083007812500000000000000
-53575663.9921190515160560607910156250000000000000
10737144.0477775223553180694580078125000000000000
16006775.3160413261502981185913085937500000000000
-18714914.3201334923505783081054687500000000000000
-13487788.2138960137963294982910156250000000000000
-9172409.6697912290692329406738281250000000000000
-22130277.8185202553868293762207031250000000000000
-7090182.0516745829954743385314941406250000000000
40540135.5991871133446693420410156250000000000000
-24635007.1242270991206169128417968750000000000000
-4589820.2825151886790990829467773437500000000000
48262685.9833643063902854919433593750000000000000
-18868375.2264636233448982238769531250000000000000
39198589.2775497138500213623046875000000000000000
-20398501.6858264133334159851074218750000000000000
25956749.6273883655667304992675781250000000000000
59962821.1108174100518226623535156250000000000000
-24349091.9904576689004898071289062500000000000000
-57995052.2417403683066368103027343750000000000000
13272837.9767506271600723266601562500000000000000
-16531587.6755987778306007385253906250000000000000
-11130723.5160589441657066345214843750000000000000
-6820599.8383082160726189613342285156250000000000
-37125253.3032295703887939453125000000000000000000
-14195966.3832229357212781906127929687500000000000
-16400954.2117097694426774978637695312500000000000
-5731674.7321616718545556068420410156250000000000
7446739.7945379633456468582153320312500000000000
-19375373.0796288773417472839355468750000000000000
-6493766.0408689863979816436767578125000000000000
15071392.6402895879000425338745117187500000000000
-4309589.2854257514700293540954589843750000000000
3730449.0340083553455770015716552734375000000000
-17513519.0284341685473918914794921875000000000000
6788855.1421466870233416557312011718750000000000
47343122.6023840606212615966796875000000000000000
-29081981.0205093063414096832275390625000000000000
50257800.8502190858125686645507812500000000000000
45905648.5283875986933708190917968750000000000000
23446738.5686281695961952209472656250000000000000
1394478.8639656410086899995803833007812500000000
38167749.1911795586347579956054687500000000000000
359196.5549300326383672654628753662109375000000
22075658.3834941312670707702636718750000000000000
-48431829.5762810781598091125488281250000000000000
56507128.1955073326826095581054687500000000000000
20608834.6101318225264549255371093750000000000000
47926794.9624765813350677490234375000000000000000
-6942688.7916261982172727584838867187500000000000
-21370249.9150622263550758361816406250000000000000
-13351679.5086738597601652145385742187500000000000
-48599898.8362545818090438842773437500000000000000
43426224.6831894069910049438476562500000000000000
2501240.8643025089986622333526611328125000000000
-25705977.8545897826552391052246093750000000000000
-361341.4378898215363733470439910888671875000000
14963898.2076555266976356506347656250000000000000
-21668627.8770643956959247589111328125000000000000
-5806023.3184640556573867797851562500000000000000
7061688.6791536267846822738647460937500000000000
-53563252.7357226610183715820312500000000000000000
-8458414.5547524821013212203979492187500000000000
-6171019.0111549915745854377746582031250000000000
-5371524.9132418576627969741821289062500000000000
-199227.7467172593460418283939361572265625000000
-42912953.8575819954276084899902343750000000000000
18532359.7117363512516021728515625000000000000000
-46742935.5692410916090011596679687500000000000000
26536566.1477758176624774932861328125000000000000
-15965715.6011213101446628570556640625000000000000
-42554777.1626448184251785278320312500000000000000
-62327109.8139107823371887207031250000000000000000
2444756.0730852005071938037872314453125000000000
-8552913.8895981777459383010864257812500000000000
2874542.8746476797387003898620605468750000000000
27519108.9016596190631389617919921875000000000000
-26371761.3347393237054347991943359375000000000000
40061978.4457390308380126953125000000000000000000
-58391877.4304074496030807495117187500000000000000
-35489741.6691215410828590393066406250000000000000
54516548.8776490166783332824707031250000000000000
5275003.2844948694109916687011718750000000000000
13812100.8590302988886833190917968750000000000000
-24130488.8844542279839515686035156250000000000000
20276356.8834204562008380889892578125000000000000
-17231510.7386206611990928649902343750000000000000
1316531.4800268027465790510177612304687500000000
6366967.9729373948648571968078613281250000000000
15246164.5935955680906772613525390625000000000000
13627329.2633660137653350830078125000000000000000
-11070880.9657181091606616973876953125000000000000
26738620.7120471522212028503417968750000000000000
28008703.8658715747296810150146484375000000000000
21349397.4999344684183597564697265625000000000000
-21737061.4828653670847415924072265625000000000000
73640600.5100592076778411865234375000000000000000
-8791310.0310251973569393157958984375000000000000
71495930.4660811722278594970703125000000000000000
-33517106.9964255578815937042236328125000000000000
37056977.2337800338864326477050781250000000000000
-16977425.6383969262242317199707031250000000000000
-13042653.3729275949299335479736328125000000000000
-12861016.6540354061871767044067382812500000000000
15983360.6226046029478311538696289062500000000000
11233696.0894232839345932006835937500000000000000
-50095843.0483685731887817382812500000000000000000
4160934.2762269754894077777862548828125000000000
66971745.8331399336457252502441406250000000000000
-5194380.2089766338467597961425781250000000000000
-33093773.4417404644191265106201171875000000000000
49513256.5065218061208724975585937500000000000000
-27542950.9236173592507839202880859375000000000000
-16296936.0530433468520641326904296875000000000000
-17826030.5087112262845039367675781250000000000000
53240605.7845393568277359008789062500000000000000
-4195529.7002306031063199043273925781250000000000
-24975959.1628897078335285186767578125000000000000
-6439674.1684982413426041603088378906250000000000
-23607270.2382229901850223541259765625000000000000
-7513775.1508475607261061668395996093750000000000
36782099.6946738436818122863769531250000000000000
-32232276.4519302695989608764648437500000000000000
30883345.8724584244191646575927734375000000000000
-49283745.2978151813149452209472656250000000000000
28804894.0453520491719245910644531250000000000000
71246166.9878962039947509765625000000000000000000
6907079.0418100478127598762512207031250000000000
-4546790.5562893925234675407409667968750000000000
5932903.8143332377076148986816406250000000000000
19019998.3649304844439029693603515625000000000000
-5477578.4106342336162924766540527343750000000000
-15999749.2109320629388093948364257812500000000000
-49631223.2541406676173210144042968750000000000000
9049711.2262324560433626174926757812500000000000
-5136974.6036698715761303901672363281250000000000
4551434.8758704466745257377624511718750000000000
-7620023.9603407243266701698303222656250000000000
14582972.7762529253959655761718750000000000000000
-29990047.7133126631379127502441406250000000000000
-72533905.8660155534744262695312500000000000000000
-11509935.7867185790091753005981445312500000000000
43863113.5348112732172012329101562500000000000000
-55625857.3053282946348190307617187500000000000000
43862368.1545087024569511413574218750000000000000
-6403549.7623110860586166381835937500000000000000
31031404.1035762019455432891845703125000000000000
2677837.9767864015884697437286376953125000000000
-67362536.3365201205015182495117187500000000000000
-4229414.9708638908341526985168457031250000000000
-17670045.3701109997928142547607421875000000000000
-34152873.5558797717094421386718750000000000000000
-3019282.6517474227584898471832275390625000000000
-18525340.8248165138065814971923828125000000000000
12028743.7325789853930473327636718750000000000000
10722929.8093170356005430221557617187500000000000
-30179039.8730243556201457977294921875000000000000
53934070.2447265014052391052246093750000000000000
5537363.3307748716324567794799804687500000000000
37464060.1769524440169334411621093750000000000000
47061111.1333339363336563110351562500000000000000
-18580964.9339409135282039642333984375000000000000
9802280.0342871639877557754516601562500000000000
15496056.7795792873948812484741210937500000000000
5557721.5376130165532231330871582031250000000000
22863479.6415141634643077850341796875000000000000
19497353.1506385356187820434570312500000000000000
15568952.7624246664345264434814453125000000000000
-5533982.4865943780168890953063964843750000000000
26447715.5307486876845359802246093750000000000000
14378744.9895091094076633453369140625000000000000
-86131236.4669731855392456054687500000000000000000
-4669478.0072934739291667938232421875000000000000
30486311.7873550020158290863037109375000000000000
-24565977.1305349320173263549804687500000000000000
33245474.1485934071242809295654296875000000000000
-12028489.6938559226691722869873046875000000000000
-39305002.0411739796400070190429687500000000000000
20784959.9012382104992866516113281250000000000000
39779716.9738207459449768066406250000000000000000
-31122391.3546549528837203979492187500000000000000
24627404.5307516045868396759033203125000000000000
8612969.0424343831837177276611328125000000000000
-20140608.9817740470170974731445312500000000000000
-57778785.5436699390411376953125000000000000000000
-58365952.2134885787963867187500000000000000000000
27864063.1778297089040279388427734375000000000000
-10857262.8006770573556423187255859375000000000000
-29285488.6044292002916336059570312500000000000000
-26880136.0851591043174266815185546875000000000000
52456255.1908125653862953186035156250000000000000
2665333.1837421320378780364990234375000000000000
-6585350.4154048450291156768798828125000000000000
1745218.5600473585072904825210571289062500000000
-3116826.6878644833341240882873535156250000000000
15180282.6880669556558132171630859375000000000000
42582927.4126151129603385925292968750000000000000
-19021459.4414966925978660583496093750000000000000
-1671674.4276862258557230234146118164062500000000
16384129.8080443106591701507568359375000000000000
14392935.9325549993664026260375976562500000000000
-31692315.4126743078231811523437500000000000000000
-14935386.2381263114511966705322265625000000000000
12312218.7301064394414424896240234375000000000000
10817060.4056601822376251220703125000000000000000
-4104172.1409587683156132698059082031250000000000
-22665012.5338897518813610076904296875000000000000
4975996.7797949649393558502197265625000000000000
-73465632.7841922789812088012695312500000000000000
-28707998.8254099935293197631835937500000000000000
-302539.9895564431790262460708618164062500000000
-43749598.6004943028092384338378906250000000000000
-14841071.7963118981570005416870117187500000000000
-39055809.3007013797760009765625000000000000000000
11143592.4220086317509412765502929687500000000000
-69449829.5848673582077026367187500000000000000000
-4276167.0452650543302297592163085937500000000000
39607262.9298391118645668029785156250000000000000
7271410.8118632929399609565734863281250000000000
-8655827.2416011206805706024169921875000000000000
58753457.2387742176651954650878906250000000000000
58550906.5098707750439643859863281250000000000000
-2360699.5480136722326278686523437500000000000000
5079482.1499029444530606269836425781250000000000
23343128.3704851455986499786376953125000000000000
-6082810.4699043855071067810058593750000000000000
14629183.0280860643833875656127929687500000000000
37990078.7606537044048309326171875000000000000000
82689794.5482917279005050659179687500000000000000
-54406150.5286073088645935058593750000000000000000
62238039.8080338984727859497070312500000000000000
-19454199.1850579120218753814697265625000000000000
-4891.9625569058398468769155442714691162109375
35723055.3611873760819435119628906250000000000000
13950658.2562004607170820236206054687500000000000
8378470.0784362629055976867675781250000000000000
-22063502.5837134048342704772949218750000000000000
-32346056.2069670632481575012207031250000000000000
5020377.3757025301456451416015625000000000000000
-56871185.8256825953722000122070312500000000000000
-8909699.1979018598794937133789062500000000000000
38284983.8261675462126731872558593750000000000000
-19085963.2586631327867507934570312500000000000000
-22863165.6941098496317863464355468750000000000000
24241453.8912082090973854064941406250000000000000
57281566.8856076151132583618164062500000000000000
45485711.3149203658103942871093750000000000000000
-31683068.9963273778557777404785156250000000000000
25420033.2351189665496349334716796875000000000000
-29155224.4534817151725292205810546875000000000000
9176330.3706460241228342056274414062500000000000
41186827.8904950022697448730468750000000000000000
-923049.9634565305896103382110595703125000000000
130068.0359497618628665804862976074218750000000
-26447780.6883775815367698669433593750000000000000
-9923568.1735089868307113647460937500000000000000
22455938.3158087283372879028320312500000000000000
29936537.8655511736869812011718750000000000000000
30054031.6988465227186679840087890625000000000000
-43747963.8932482004165649414062500000000000000000
23935644.5603419356048107147216796875000000000000
28219628.7973654046654701232910156250000000000000
-22849836.1884529627859592437744140625000000000000
-8940418.8027976490557193756103515625000000000000
32885742.3981397785246372222900390625000000000000
1193815.2729230639524757862091064453125000000000
-26259630.0821630023419857025146484375000000000000
9399056.5636036619544029235839843750000000000000
-11331998.5965358577668666839599609375000000000000
62727503.7289855331182479858398437500000000000000
24583260.3979118876159191131591796875000000000000
-22308785.6431576013565063476562500000000000000000
-27518739.1058916673064231872558593750000000000000
-4212982.6737782927230000495910644531250000000000
9666926.9506510738283395767211914062500000000000
-8848772.1703078951686620712280273437500000000000
-19572888.5861355178058147430419921875000000000000
-35714417.4878237023949623107910156250000000000000
-7660634.4664607439190149307250976562500000000000
-9954211.3705362267792224884033203125000000000000
-18623151.6938977055251598358154296875000000000000
16498064.2513663507997989654541015625000000000000
-39319931.4629950672388076782226562500000000000000
28574116.7403465397655963897705078125000000000000
-8157435.7520939502865076065063476562500000000000
31593537.6429729945957660675048828125000000000000
-54976984.4776810407638549804687500000000000000000
13151303.9630633126944303512573242187500000000000
-2458405.4010541001334786415100097656250000000000
-3801835.3424998046830296516418457031250000000000
-53502189.7684879004955291748046875000000000000000
22852569.4315361902117729187011718750000000000000
4454588.0286543732509016990661621093750000000000
12863992.5927351862192153930664062500000000000000
20593290.7216336280107498168945312500000000000000
-17077500.8954312317073345184326171875000000000000
-2864454.2037648870609700679779052734375000000000
-17789916.3941918127238750457763671875000000000000
3198037.1496088779531419277191162109375000000000
-12396666.0430597625672817230224609375000000000000
-50997411.9877209663391113281250000000000000000000
-26399767.8220181427896022796630859375000000000000
25092904.8771288804709911346435546875000000000000
-64976264.3637005239725112915039062500000000000000
640210.2826208249898627400398254394531250000000
25703137.4571487568318843841552734375000000000000
48370266.6664282158017158508300781250000000000000
27023531.3089584931731224060058593750000000000000
-67269639.5806863903999328613281250000000000000000
24977904.6480303220450878143310546875000000000000
30620646.9064344167709350585937500000000000000000
316762.6273718344746157526969909667968750000000
18746697.5071572326123714447021484375000000000000
-9914953.2414752189069986343383789062500000000000
-44337589.2378755658864974975585937500000000000000
15079695.7445567231625318527221679687500000000000
4470122.3763822382315993309020996093750000000000
44230072.6520372033119201660156250000000000000000
16817227.0254521854221820831298828125000000000000
-18888749.1788494586944580078125000000000000000000
34137022.9940300434827804565429687500000000000000
-17877255.8743864484131336212158203125000000000000
3714212.8671853095293045043945312500000000000000
-3572142.4520064801909029483795166015625000000000
-1340421.9678186920937150716781616210937500000000
-24061085.1140080355107784271240234375000000000000
-32701647.8860943913459777832031250000000000000000
-9994419.2896100487560033798217773437500000000000
37681808.2127782851457595825195312500000000000000
-10555209.0903653651475906372070312500000000000000
-38319.2470320639622514136135578155517578125000
-27781137.6173419393599033355712890625000000000000
41721034.8823859766125679016113281250000000000000
861347.6894931202987208962440490722656250000000
-5756176.3496602419763803482055664062500000000000
-7270100.8189088618382811546325683593750000000000
-12382402.7594968639314174652099609375000000000000
16017992.2564311921596527099609375000000000000000
5290183.9891750868409872055053710937500000000000
7120416.3244486693292856216430664062500000000000
-6437391.0396666759625077247619628906250000000000
-20120033.0886105634272098541259765625000000000000
36598122.9812411516904830932617187500000000000000
-3344513.4742572107352316379547119140625000000000
37007916.1620020270347595214843750000000000000000
7157136.7884225482121109962463378906250000000000
29953663.4218477420508861541748046875000000000000
8272626.8576718345284461975097656250000000000000
-36000584.9198532998561859130859375000000000000000
-50636626.3072653636336326599121093750000000000000
-1546558.5365989843849092721939086914062500000000
-8175463.8987957863137125968933105468750000000000
-13463091.1434501055628061294555664062500000000000
-31702467.6614287421107292175292968750000000000000
6307144.4815903957933187484741210937500000000000
19964319.2891806773841381072998046875000000000000
-36937734.2174867838621139526367187500000000000000
-937968.1557467053644359111785888671875000000000
3040100.3228265387006103992462158203125000000000
7628760.4980463022366166114807128906250000000000
18380424.9184759184718132019042968750000000000000
-17136323.4023947641253471374511718750000000000000
52361195.0848561748862266540527343750000000000000
-33868544.9397651925683021545410156250000000000000
-16840701.4597864933311939239501953125000000000000
40739978.1963316723704338073730468750000000000000
29081483.7338323220610618591308593750000000000000
-51273816.9986306428909301757812500000000000000000
-29822656.2817160151898860931396484375000000000000
23827039.9991032555699348449707031250000000000000
3446196.2742378716357052326202392578125000000000
-22802806.2507059685885906219482421875000000000000
27985514.4618729427456855773925781250000000000000
32024868.2260488532483577728271484375000000000000
11621707.9276420772075653076171875000000000000000
-14784307.4238548222929239273071289062500000000000
-41049990.3585008531808853149414062500000000000000
13853483.1635705269873142242431640625000000000000
-23446297.3457422144711017608642578125000000000000
17769690.6886283569037914276123046875000000000000
-39395170.4618803039193153381347656250000000000000
10729083.1888586580753326416015625000000000000000
-19485013.0286242365837097167968750000000000000000
-3887738.6324142832309007644653320312500000000000
4648856.0233468301594257354736328125000000000000
-22966413.4482028335332870483398437500000000000000
-374566.3637063954374752938747406005859375000000
-21072084.3761325925588607788085937500000000000000
-4417667.8382287276908755302429199218750000000000
3352318.8781881975010037422180175781250000000000
-16424983.1571492236107587814331054687500000000000
-3246595.4384717252105474472045898437500000000000
12681804.4171618595719337463378906250000000000000
28310784.8418418578803539276123046875000000000000
23053785.0869135931134223937988281250000000000000
-24381130.5508007667958736419677734375000000000000
44597715.4852809906005859375000000000000000000000
24299455.9487608633935451507568359375000000000000
23300645.2228171788156032562255859375000000000000
-8464040.2382949814200401306152343750000000000000
3955814.8672973313368856906890869140625000000000
-37930897.7226589024066925048828125000000000000000
8833874.1843141727149486541748046875000000000000
14561122.7327905595302581787109375000000000000000
-20824255.8681605793535709381103515625000000000000
-18099154.2975462451577186584472656250000000000000
-17118922.7409285306930541992187500000000000000000
13916488.4704770427197217941284179687500000000000
33129.4188799289040616713464260101318359375000
32135091.5370088070631027221679687500000000000000
7371146.4500273559242486953735351562500000000000
12325355.3946500420570373535156250000000000000000
8967280.7166565824300050735473632812500000000000
35730737.0845002606511116027832031250000000000000
-13964289.3360107131302356719970703125000000000000
-6572628.9634306943044066429138183593750000000000
-9525860.1255340110510587692260742187500000000000
5783757.2032082481309771537780761718750000000000
-2762906.0946335010230541229248046875000000000000
32746510.6232280209660530090332031250000000000000
20073654.2505409270524978637695312500000000000000
2277523.4762770282104611396789550781250000000000
-18437826.6141664758324623107910156250000000000000
25203154.6863601803779602050781250000000000000000
-7222247.6302215130999684333801269531250000000000
20900346.0474150814116001129150390625000000000000
10688344.8912440072745084762573242187500000000000
-10741236.7738621942698955535888671875000000000000
3413096.4867735551670193672180175781250000000000
3046318.4395395461469888687133789062500000000000
5192065.0382192209362983703613281250000000000000
-27450315.0224660374224185943603515625000000000000
-6257300.5397807545959949493408203125000000000000
24450412.4850044548511505126953125000000000000000
16631781.0936402548104524612426757812500000000000
8058238.7576641300693154335021972656250000000000
3571738.3439206467010080814361572265625000000000
17164769.1083409227430820465087890625000000000000
-7233796.2215952742844820022583007812500000000000
-12765853.2677646297961473464965820312500000000000
-6566618.4502212191000580787658691406250000000000
4985787.4774534935131669044494628906250000000000
-46078858.2202835753560066223144531250000000000000
-15987486.4608319811522960662841796875000000000000
7586823.2368064327165484428405761718750000000000
684513.7207866733660921454429626464843750000000
-28662114.6016095131635665893554687500000000000000
23793802.1112822927534580230712890625000000000000
-3970631.0227398551069200038909912109375000000000
8497601.9592611268162727355957031250000000000000
-4214278.7207438386976718902587890625000000000000
-6201399.7778841163963079452514648437500000000000
-7324879.5489517543464899063110351562500000000000
22087011.5646755509078502655029296875000000000000
9503634.5715318582952022552490234375000000000000
-19143521.8253059685230255126953125000000000000000
-20310071.4653112627565860748291015625000000000000
-31077138.2498475499451160430908203125000000000000
-11624723.2189617436379194259643554687500000000000
-20980828.9432289488613605499267578125000000000000
-12315125.2286345902830362319946289062500000000000
-12864565.2720186244696378707885742187500000000000
10248890.9650840573012828826904296875000000000000
-1029196.8710719483206048607826232910156250000000
973768.0241228672675788402557373046875000000000
-12350643.1399545241147279739379882812500000000000
15876497.4424117319285869598388671875000000000000
-22294889.9526131786406040191650390625000000000000
-10009031.3101761899888515472412109375000000000000
-11620723.8967683333903551101684570312500000000000
7608136.3131373869255185127258300781250000000000
-34326716.6024871841073036193847656250000000000000
21599077.9197738878428936004638671875000000000000
6397036.8238543961197137832641601562500000000000
13200364.1819756887853145599365234375000000000000
3413267.6524116471409797668457031250000000000000
9902655.4763316866010427474975585937500000000000
5706365.1173185966908931732177734375000000000000
17503772.8153405413031578063964843750000000000000
38816907.2085842713713645935058593750000000000000
27207103.3403132036328315734863281250000000000000
-5932406.5606160517781972885131835937500000000000
20576580.1314334571361541748046875000000000000000
14279507.0616458971053361892700195312500000000000
22335040.4082759171724319458007812500000000000000
6766135.6174994595348834991455078125000000000000
7183777.4225452430546283721923828125000000000000
-35018799.6798056587576866149902343750000000000000
13622324.9542444664984941482543945312500000000000
-25285063.5746258758008480072021484375000000000000
-12302765.7782772146165370941162109375000000000000
18482875.5566494539380073547363281250000000000000
-16842945.3797652982175350189208984375000000000000
-20093523.2035871222615242004394531250000000000000
9148178.3209527358412742614746093750000000000000
-7730337.5461352458223700523376464843750000000000
25330180.5182858072221279144287109375000000000000
-5341314.8576268050819635391235351562500000000000
-32008185.8720190487802028656005859375000000000000
10145489.1975540816783905029296875000000000000000
19825454.1111092604696750640869140625000000000000
16615258.0337866321206092834472656250000000000000
918116.8108199108392000198364257812500000000000
-854095.2223705213982611894607543945312500000000
-28406111.0234438814222812652587890625000000000000
15679773.0642349086701869964599609375000000000000
4161433.6520729949697852134704589843750000000000
9778538.3722124844789505004882812500000000000000
19883055.7299169413745403289794921875000000000000
6612021.5267915604636073112487792968750000000000
22898158.3334237597882747650146484375000000000000
-28490852.9696472138166427612304687500000000000000
-19578640.4433611184358596801757812500000000000000
-1423657.9873224052134901285171508789062500000000
25433650.4767789728939533233642578125000000000000
2709843.1430383850820362567901611328125000000000
8315521.5980632985010743141174316406250000000000
-2435830.4197526983916759490966796875000000000000
4296378.7746912250295281410217285156250000000000
17115065.7884253859519958496093750000000000000000
-84336.7209953200945165008306503295898437500000
7947473.9187724962830543518066406250000000000000
3750841.4573519988916814327239990234375000000000
26957829.2073072157800197601318359375000000000000
-10839356.2106561362743377685546875000000000000000
11942632.1213682033121585845947265625000000000000
-5486387.1931420825421810150146484375000000000000
-6912980.4851950984448194503784179687500000000000
-13083558.2848306074738502502441406250000000000000
-619140.2846938915317878127098083496093750000000
13168882.7513200696557760238647460937500000000000
36416037.0544749423861503601074218750000000000000
-23876746.8295637853443622589111328125000000000000
17716847.9431696534156799316406250000000000000000
6250804.5495959492400288581848144531250000000000
14135805.6592954155057668685913085937500000000000
-12887264.9658550191670656204223632812500000000000
-26785622.1760389059782028198242187500000000000000
9696462.8582935705780982971191406250000000000000
9035090.3384453319013118743896484375000000000000
-4657959.0255587790161371231079101562500000000000
522081.8880803287611342966556549072265625000000
-24759779.8001209571957588195800781250000000000000
-20945037.6173708364367485046386718750000000000000
-9570400.8937882781028747558593750000000000000000
7662685.5030964342877268791198730468750000000000
-8372660.1793055450543761253356933593750000000000
4689057.8253290951251983642578125000000000000000
-3558682.4149870546534657478332519531250000000000
-27945694.5562436282634735107421875000000000000000
-25257592.7567212991416454315185546875000000000000
-7767484.4273363938555121421813964843750000000000
5715383.9928147513419389724731445312500000000000
5982868.5910616712644696235656738281250000000000
-10232562.7168118394911289215087890625000000000000
11002977.7199146468192338943481445312500000000000
-13381271.9520438686013221740722656250000000000000
-13992442.7514166962355375289916992187500000000000
9236813.2023434899747371673583984375000000000000
-113264.2200863735488383099436759948730468750000
2181649.6602579387836158275604248046875000000000
18571498.2507193610072135925292968750000000000000
-13352593.4149941131472587585449218750000000000000
6792006.2687380593270063400268554687500000000000
-10261010.8316004667431116104125976562500000000000
17282196.0271046608686447143554687500000000000000
7336838.9748474005609750747680664062500000000000
-6352728.5822066823020577430725097656250000000000
-24873614.4012330323457717895507812500000000000000
-19555989.7034871838986873626708984375000000000000
-699849.0031446220818907022476196289062500000000
7269585.6880588512867689132690429687500000000000
-7075404.9474310092628002166748046875000000000000
-10871947.5116608161479234695434570312500000000000
12225441.6513649225234985351562500000000000000000
-11385823.0508866384625434875488281250000000000000
2260916.7673455025069415569305419921875000000000
-13474591.7201110385358333587646484375000000000000
11849113.0011461637914180755615234375000000000000
-30257965.0847324468195438385009765625000000000000
-10671966.5333022773265838623046875000000000000000
-15521562.9979651104658842086791992187500000000000
-214178.5955472276837099343538284301757812500000
-40120323.1274007931351661682128906250000000000000
-4512701.7523981574922800064086914062500000000000
-5504228.7569573111832141876220703125000000000000
3909400.4432969954796135425567626953125000000000
7171081.4723805096000432968139648437500000000000
-14985553.6884505562484264373779296875000000000000
-3978265.4123541959561407566070556640625000000000
-8156555.7321927361190319061279296875000000000000
-19461226.3508156128227710723876953125000000000000
19814559.9894644506275653839111328125000000000000
-18181515.8318049609661102294921875000000000000000
-18313068.2505184188485145568847656250000000000000
11426592.9145624693483114242553710937500000000000
10768188.3156587332487106323242187500000000000000
17957778.5043970383703708648681640625000000000000
18310892.2031144499778747558593750000000000000000
1615811.1735580454114824533462524414062500000000
-1692398.3631672097835689783096313476562500000000
-5918010.1176754599437117576599121093750000000000
7155297.1094868453219532966613769531250000000000
-9473914.3475700095295906066894531250000000000000
-10074965.1975131891667842864990234375000000000000
-6297091.3923390293493866920471191406250000000000
19151456.4435912929475307464599609375000000000000
5760131.3702479507774114608764648437500000000000
9574568.3250817470252513885498046875000000000000
3210604.6397046972997486591339111328125000000000
-2393344.3390515656210482120513916015625000000000
8109128.3236496075987815856933593750000000000000
15557980.1113819107413291931152343750000000000000
-6150757.5397396860644221305847167968750000000000
4183942.8651053677313029766082763671875000000000
8326288.8039940893650054931640625000000000000000
1073015.0249618992675095796585083007812500000000
-2181768.1226291335187852382659912109375000000000
806097.2326208605663850903511047363281250000000
1946527.1123426300473511219024658203125000000000
-5393380.4653744362294673919677734375000000000000
4354369.0416644494980573654174804687500000000000
19893698.6665920726954936981201171875000000000000
3448673.3201964949257671833038330078125000000000
5563261.8519727988168597221374511718750000000000
-15738852.6762980297207832336425781250000000000000
-8568154.2970320861786603927612304687500000000000
-106311.9448197926540160551667213439941406250000
-4533071.2582552600651979446411132812500000000000
4353910.2221486354246735572814941406250000000000
2977185.5087902885861694812774658203125000000000
-66718.3087576404213905334472656250000000000000
10189238.2753061875700950622558593750000000000000
-6389658.6329005258157849311828613281250000000000
-614925.6461659717606380581855773925781250000000
-4483540.7167829358950257301330566406250000000000
-8763113.4341286849230527877807617187500000000000
11796583.0368966870009899139404296875000000000000
-5976463.4599928902462124824523925781250000000000
18301515.2112402990460395812988281250000000000000
1470379.3532173503190279006958007812500000000000
-4609393.2595600588247179985046386718750000000000
5861141.3124608173966407775878906250000000000000
13891078.3465265538543462753295898437500000000000
-12581104.9020528495311737060546875000000000000000
-14332118.2942716702818870544433593750000000000000
19991037.4374929443001747131347656250000000000000
16846850.9072230681777000427246093750000000000000
7607452.5398650411516427993774414062500000000000
4656311.0856452565640211105346679687500000000000
-4366906.2020992068573832511901855468750000000000
1120796.0264973435550928115844726562500000000000
6852918.6611448312178254127502441406250000000000
16092038.1863418947905302047729492187500000000000
-13081512.8922080248594284057617187500000000000000
-11603974.4005552921444177627563476562500000000000
-765782.6521060651866719126701354980468750000000
-503928.2957744947634637355804443359375000000000
-3962507.9560104003176093101501464843750000000000
-2387031.7853911626152694225311279296875000000000
-2431043.5674344440922141075134277343750000000000
4194058.4512410960160195827484130859375000000000
1963662.9245155726093798875808715820312500000000
-10879218.3282056599855422973632812500000000000000
13753602.3301120493561029434204101562500000000000
7319206.3417576653882861137390136718750000000000
-3336568.9920126758515834808349609375000000000000
-7856359.2720633205026388168334960937500000000000
-782835.0626476322067901492118835449218750000000
18409002.2596356272697448730468750000000000000000
7320519.5008967900648713111877441406250000000000
-14835915.2289730962365865707397460937500000000000
8250322.4582237256690859794616699218750000000000
6641548.4544577822089195251464843750000000000000
6024038.5000585308298468589782714843750000000000
-18418311.7326123639941215515136718750000000000000
8290425.9842955321073532104492187500000000000000
4455701.0909442221745848655700683593750000000000
7313607.1669143456965684890747070312500000000000
9955400.8511728588491678237915039062500000000000
13184527.2946948725730180740356445312500000000000
2991108.7473435564897954463958740234375000000000
12325365.0922635495662689208984375000000000000000
-5606722.8533462043851613998413085937500000000000
14106412.5552957188338041305541992187500000000000
-2345237.5159520693123340606689453125000000000000
6297465.1442006975412368774414062500000000000000
2228157.2726030000485479831695556640625000000000
-6538026.6017164364457130432128906250000000000000
-982884.5535948817851021885871887207031250000000
12884393.7064364701509475708007812500000000000000
-5334334.3752136891707777976989746093750000000000
-9118019.9725048393011093139648437500000000000000
1363812.0764639766421169042587280273437500000000
2952686.0261954129673540592193603515625000000000
8259057.0127789815887808799743652343750000000000
6025753.5282996818423271179199218750000000000000
-16898564.1111521646380424499511718750000000000000
-1707255.2104248434770852327346801757812500000000
5371374.2146845040842890739440917968750000000000
3352129.1386815020814538002014160156250000000000
1015911.4847904433263465762138366699218750000000
610904.8065547733567655086517333984375000000000
776336.9709349455079063773155212402343750000000
4088816.5352809410542249679565429687500000000000
547003.8272334794746711850166320800781250000000
-2349788.9592078817076981067657470703125000000000
-4571173.7711659558117389678955078125000000000000
2364392.1214965591207146644592285156250000000000
12585902.4817817322909832000732421875000000000000
933075.8199466274818405508995056152343750000000
-11575495.9827386289834976196289062500000000000000
-8028956.0350861502811312675476074218750000000000
736427.1153462358051910996437072753906250000000
-142618.3321254834299907088279724121093750000000
-1690074.1916165079455822706222534179687500000000
-8655554.0217970442026853561401367187500000000000
-1987722.7477033378090709447860717773437500000000
-10398264.3507407195866107940673828125000000000000
-16891194.3750197701156139373779296875000000000000
5349763.5662671877071261405944824218750000000000
2138237.5492332880385220050811767578125000000000
-9402731.5502254199236631393432617187500000000000
7785010.5359791144728660583496093750000000000000
-17740720.1742451228201389312744140625000000000000
4409985.1200287891551852226257324218750000000000
-1853353.1806519539095461368560791015625000000000
-4914175.2904656985774636268615722656250000000000
-2426218.4224400850944221019744873046875000000000
4312458.2572561260312795639038085937500000000000
-5133665.5775381643325090408325195312500000000000
-6854230.4399296622723340988159179687500000000000
1116132.9724040296860039234161376953125000000000
2447673.3412932055070996284484863281250000000000
-4315149.7552812946960330009460449218750000000000
-403978.9904203670448623597621917724609375000000
-13266395.3059206027537584304809570312500000000000
-10861599.2596718054264783859252929687500000000000
-3588807.1461538495495915412902832031250000000000
-7373864.4183204388245940208435058593750000000000
15012418.5610392205417156219482421875000000000000
-1673978.9438975218217819929122924804687500000000
-171098.2924662062141578644514083862304687500000
7601660.5979088339954614639282226562500000000000
-691953.4988116575405001640319824218750000000000
-6776822.9954205499961972236633300781250000000000
-6728915.3910423237830400466918945312500000000000
6900617.3280447432771325111389160156250000000000
-1033968.8937616180628538131713867187500000000000
-5110485.8602620884776115417480468750000000000000
3660643.1471195919439196586608886718750000000000
-10992194.7018514219671487808227539062500000000000
1921686.5685890377499163150787353515625000000000
10823520.8749520182609558105468750000000000000000
5831357.6180632943287491798400878906250000000000
-785705.5819040409987792372703552246093750000000
2800213.6650611772201955318450927734375000000000
-1738818.0788780001457780599594116210937500000000
4849296.9026605356484651565551757812500000000000
5865904.1065355809405446052551269531250000000000
-2718986.6224954244680702686309814453125000000000
-5576394.1829951750114560127258300781250000000000
-148815.0299085863807704299688339233398437500000
-3100705.5449808822013437747955322265625000000000
-4129281.7647047233767807483673095703125000000000
504752.9990299824858084321022033691406250000000
-8611865.9089258220046758651733398437500000000000
-171072.5561769175983499735593795776367187500000
-1677437.9528796921949833631515502929687500000000
20259605.9817813895642757415771484375000000000000
6313865.2725170487537980079650878906250000000000
530278.3079237671336159110069274902343750000000
12655598.8749689906835556030273437500000000000000
4476795.4780475199222564697265625000000000000000
2562969.1226914315484464168548583984375000000000
1097624.7343177502043545246124267578125000000000
3856249.0738703487440943717956542968750000000000
495720.3110011139069683849811553955078125000000
3902212.3268771022558212280273437500000000000000
1574255.1977278008125722408294677734375000000000
-843146.9537934671388939023017883300781250000000
-3662205.3788354191929101943969726562500000000000
2071427.0912142193410545587539672851562500000000
-2521188.6644845511764287948608398437500000000000
2067146.4066670150496065616607666015625000000000
-7584006.6665390878915786743164062500000000000000
-5018043.6740434374660253524780273437500000000000
-1621911.7366416747681796550750732421875000000000
-394256.3559248946257866919040679931640625000000
-2059399.9427181200589984655380249023437500000000
8390147.2961010839790105819702148437500000000000
-2814725.5222531431354582309722900390625000000000
2168262.8428988372907042503356933593750000000000
3257926.4238015851005911827087402343750000000000
4530666.7658324353396892547607421875000000000000
11007788.7268202137202024459838867187500000000000
2194791.5603990745730698108673095703125000000000
-1006476.6149389847414568066596984863281250000000
-3428181.2112045851536095142364501953125000000000
4574485.5239366022869944572448730468750000000000
5572479.2955576851963996887207031250000000000000
-1695163.5093358797021210193634033203125000000000
3916812.4864506507292389869689941406250000000000
-8503768.8829475808888673782348632812500000000000
15911995.1109895370900630950927734375000000000000
-2648220.0214930917136371135711669921875000000000
-1390479.9437768657226115465164184570312500000000
4856912.4873418118804693222045898437500000000000
691745.3898508142447099089622497558593750000000
-2189533.9514475269243121147155761718750000000000
-2345742.4859535475261509418487548828125000000000
8290743.2953203804790973663330078125000000000000
-1681840.5429997884202748537063598632812500000000
-1178772.7955330554395914077758789062500000000000
-11735229.2119732908904552459716796875000000000000
3941109.6521780192852020263671875000000000000000
-460041.8736911475425586104393005371093750000000
3433711.4814810161478817462921142578125000000000
2889121.9503502692095935344696044921875000000000
-15722085.3819461148232221603393554687500000000000
6707678.3512206729501485824584960937500000000000
777919.4131115257041528820991516113281250000000
4386650.2530832290649414062500000000000000000000
-8455843.3189236111938953399658203125000000000000
-140899.1866835060354787856340408325195312500000
-2337317.1479188781231641769409179687500000000000
-76850.7721363671007566154003143310546875000000
2672956.0796830696053802967071533203125000000000
-90647.5369212814694037660956382751464843750000
-3384337.7726009641773998737335205078125000000000
2574579.4126126277260482311248779296875000000000
-5573341.8309365967288613319396972656250000000000
-3878727.3417874234728515148162841796875000000000
1644777.9387272382155060768127441406250000000000
-1156745.4138759761117398738861083984375000000000
2397919.2433648556470870971679687500000000000000
-9801194.3169190939515829086303710937500000000000
-7603671.0371237676590681076049804687500000000000
10467923.2374102957546710968017578125000000000000
251197.2303560977743472903966903686523437500000
-5950292.9357540216296911239624023437500000000000
-3893889.8597628497518599033355712890625000000000
-15502531.4458379577845335006713867187500000000000
1521899.2090798388235270977020263671875000000000
-5652876.2293873233720660209655761718750000000000
-8189514.8367228759452700614929199218750000000000
-3055122.3625609315931797027587890625000000000000
-3760755.9989075236953794956207275390625000000000
4843599.3440311746671795845031738281250000000000
-3066934.8695269287563860416412353515625000000000
-11152924.2462848350405693054199218750000000000000
-7549592.3725804165005683898925781250000000000000
4956703.3989106537774205207824707031250000000000
-5947469.7316384604200720787048339843750000000000
1441321.6658860123716294765472412109375000000000
7623740.9035676307976245880126953125000000000000
558762.1964093389688059687614440917968750000000
6078535.3223414700478315353393554687500000000000
-4894730.0305409906432032585144042968750000000000
-11500935.5197128616273403167724609375000000000000
5556653.4849156318232417106628417968750000000000
7993765.7757399026304483413696289062500000000000
-3905846.0783913568593561649322509765625000000000
4552710.0178716257214546203613281250000000000000
63427.9032816275794175453484058380126953125000
-5096956.8358743246644735336303710937500000000000
2841746.2414644104428589344024658203125000000000
-7303641.8261887626722455024719238281250000000000
-9362296.4205148629844188690185546875000000000000
-1889605.2866746457293629646301269531250000000000
-4432341.8165348274633288383483886718750000000000
3584906.6166859637014567852020263671875000000000
-5376250.3488355120643973350524902343750000000000
-8288408.3746952796354889869689941406250000000000
1326842.8251209699083119630813598632812500000000
361074.1904550349572673439979553222656250000000
771806.6488235752331092953681945800781250000000
-688262.0902351510012522339820861816406250000000
1298399.7561344411224126815795898437500000000000
2820833.1468437993898987770080566406250000000000
-160837.3014709978597238659858703613281250000000
3887618.3518412429839372634887695312500000000000
165980.7926770063349977135658264160156250000000
1296366.9310829087626188993453979492187500000000
5328975.1123759793117642402648925781250000000000
2026479.0454551598522812128067016601562500000000
3951329.2325204070657491683959960937500000000000
3288219.7891022488474845886230468750000000000000
850092.2208693802822381258010864257812500000000
3338556.6854130271822214126586914062500000000000
5517761.3063588831573724746704101562500000000000
-3715997.2903676442801952362060546875000000000000
-1140111.7054336997680366039276123046875000000000
2096249.5229105304460972547531127929687500000000
-4558345.4108816077932715415954589843750000000000
5029297.8529264042153954505920410156250000000000
-515433.3673526570200920104980468750000000000000
3765205.5593803650699555873870849609375000000000
10180167.7637793142348527908325195312500000000000
2169060.5657597919926047325134277343750000000000
2101494.8189236745238304138183593750000000000000
-1953075.7878113398328423500061035156250000000000
2174719.8465482024475932121276855468750000000000
747303.0447378673125058412551879882812500000000
1660772.2600488583557307720184326171875000000000
-4214840.0128182917833328247070312500000000000000
1105928.8175787725485861301422119140625000000000
-1503062.3585053908172994852066040039062500000000
-2015569.9799772312398999929428100585937500000000
2168559.8324848446063697338104248046875000000000
2290126.8226239620707929134368896484375000000000
1605338.0132199623622000217437744140625000000000
1259362.1241640038788318634033203125000000000000
-5697608.0116868019104003906250000000000000000000
-1898484.0631867679767310619354248046875000000000
-3482961.5067387172020971775054931640625000000000
317484.3110105535597540438175201416015625000000
-47339.5230445312408846803009510040283203125000
-699989.8180321934632956981658935546875000000000
3797065.3348343805409967899322509765625000000000
956091.1282196880783885717391967773437500000000
-1427908.4919122010469436645507812500000000000000
1297470.3044548563193529844284057617187500000000
1184788.2626450883690267801284790039062500000000
2767607.8171943761408329010009765625000000000000
53330.7176569091607234440743923187255859375000
408239.9962473249761387705802917480468750000000
968143.8357027970487251877784729003906250000000
3762637.3166962149553000926971435546875000000000
-2078754.6251422220375388860702514648437500000000
-3105243.5195011002942919731140136718750000000000
-3073374.4463538168929517269134521484375000000000
609858.5480668215313926339149475097656250000000
422581.8443558434373699128627777099609375000000
-429680.3049186779535375535488128662109375000000
8535098.6508254893124103546142578125000000000000
-3039050.6296199518255889415740966796875000000000
3643163.4956084392033517360687255859375000000000
-1627668.2666196196805685758590698242187500000000
2987558.4346447028219699859619140625000000000000
1172704.0376583456527441740036010742187500000000
639728.6019765067612752318382263183593750000000
378651.2584835141897201538085937500000000000000
512167.6351800594129599630832672119140625000000
665423.2159824660047888755798339843750000000000
-2889657.3635162496939301490783691406250000000000
-5476247.9277338432148098945617675781250000000000
574177.7146345388609915971755981445312500000000
-6097548.0628579128533601760864257812500000000000
609956.1667721078265458345413208007812500000000
-2057946.8646729574538767337799072265625000000000
-1896580.7604153084103018045425415039062500000000
1392313.0754885470960289239883422851562500000000
-281266.3546686876215972006320953369140625000000
9520533.3298649732023477554321289062500000000000
-1013350.5966080664657056331634521484375000000000
2527461.5240280046127736568450927734375000000000
1029104.5180722210789099335670471191406250000000
1031299.7147085514152422547340393066406250000000
4174252.5670472821220755577087402343750000000000
639086.0237592705525457859039306640625000000000
787107.7845281939953565597534179687500000000000
1758754.9747423119843006134033203125000000000000
1923472.8133629185613244771957397460937500000000
5096387.5928587149828672409057617187500000000000
2705855.8577503124251961708068847656250000000000
-5598460.4426645524799823760986328125000000000000
-4254717.5500575918704271316528320312500000000000
-3822829.1026190165430307388305664062500000000000
97449.4559802605945151299238204956054687500000
2361404.7036725338548421859741210937500000000000
-764332.5169045866932719945907592773437500000000
692431.1095671625807881355285644531250000000000
2105863.9113722369074821472167968750000000000000
3373602.2992285145446658134460449218750000000000
3642919.0228651179932057857513427734375000000000
-3368946.8607715829275548458099365234375000000000
859906.6285386388190090656280517578125000000000
4383321.8403554428368806838989257812500000000000
-2465381.5192441055551171302795410156250000000000
-227578.8034301292209420353174209594726562500000
2335350.2675973474979400634765625000000000000000
100663.1946362956368830054998397827148437500000
325489.2501593370107002556324005126953125000000
3741013.7677603778429329395294189453125000000000
-1253273.4964957591146230697631835937500000000000
-3740543.3236995986662805080413818359375000000000
-2852841.6901677013374865055084228515625000000000
6607971.8803447345271706581115722656250000000000
-534251.4164993047015741467475891113281250000000
-134064.4331917027593590319156646728515625000000
-1815237.8207768760621547698974609375000000000000
-936258.0052105499198660254478454589843750000000
-1313918.5320949561428278684616088867187500000000
-2068843.4101503065321594476699829101562500000000
10738057.2812788374722003936767578125000000000000
-1889995.6606307360343635082244873046875000000000
-2635018.4465633570216596126556396484375000000000
5109.2661165537447232054546475410461425781250
1999210.6024691038765013217926025390625000000000
-206760.2642238940461538732051849365234375000000
1362728.7168110820930451154708862304687500000000
93810.4470493807311868295073509216308593750000
1752079.4791151715908199548721313476562500000000
-547244.2673414539312943816184997558593750000000
-1172744.5666954864282160997390747070312500000000
-87657.7919859143003122881054878234863281250000
1693163.8976218963507562875747680664062500000000
1835336.5285712999757379293441772460937500000000
843157.0296390570001676678657531738281250000000
-2951512.7640355816110968589782714843750000000000
-1418789.6832113629207015037536621093750000000000
-3166168.7812304585240781307220458984375000000000
-2353204.4304132666438817977905273437500000000000
2274728.1984711955301463603973388671875000000000
755772.3643359832931309938430786132812500000000
-6799014.7350437827408313751220703125000000000000
2200433.8894405411556363105773925781250000000000
-2874963.7852967623621225357055664062500000000000
2079741.7778535126708447933197021484375000000000
-799633.8091461657313629984855651855468750000000
-2559908.7915150783956050872802734375000000000000
1739878.1203119014389812946319580078125000000000
-435365.5680130840046331286430358886718750000000
5668186.1783570693805813789367675781250000000000
-5322335.8772129518911242485046386718750000000000
1365928.1297881065402179956436157226562500000000
1645915.9173707913141697645187377929687500000000
-1049974.8603748923633247613906860351562500000000
-1370593.2577938798349350690841674804687500000000
2876302.8672734694555401802062988281250000000000
-3458507.4638366033323109149932861328125000000000
910136.5655533830868080258369445800781250000000
2781644.5191000686027109622955322265625000000000
-1288259.8193097119219601154327392578125000000000
-2290968.4908125982619822025299072265625000000000
730193.2220279271714389324188232421875000000000
-2487455.5891222753562033176422119140625000000000
-662395.9792363968444988131523132324218750000000
5491809.6693133255466818809509277343750000000000
-2624510.6359093082137405872344970703125000000000
-514683.5525433651637285947799682617187500000000
-3096639.8229081700555980205535888671875000000000
-1288139.1831850721500813961029052734375000000000
4079799.5307520981878042221069335937500000000000
798758.1850187494419515132904052734375000000000
4276241.8560033924877643585205078125000000000000
1237874.4370146631263196468353271484375000000000
-1546935.1804355550557374954223632812500000000000
1322225.8280040367972105741500854492187500000000
-2738537.9172217017039656639099121093750000000000
1670958.8394510736688971519470214843750000000000
-2780210.3531431304290890693664550781250000000000
-980237.7620620576199144124984741210937500000000
-2165305.2796134138479828834533691406250000000000
-4835286.5899473046883940696716308593750000000000
2205140.3243291699327528476715087890625000000000
-2462413.4809885970316827297210693359375000000000
81427.8191672022076090797781944274902343750000
-1120208.1160554464440792798995971679687500000000
2405831.1045394237153232097625732421875000000000
3497336.5336884385906159877777099609375000000000
5521273.9690441107377409934997558593750000000000
-2589728.4317443133331835269927978515625000000000
-301552.8408260650467127561569213867187500000000
-483804.9043909818865358829498291015625000000000
2862425.6028035054914653301239013671875000000000
2029096.5921258274465799331665039062500000000000
-3754439.4405656666494905948638916015625000000000
-1779294.1435222520958632230758666992187500000000
-4530532.8458064990118145942687988281250000000000
-2355793.5959856896661221981048583984375000000000
-2535478.2431451869197189807891845703125000000000
-1441460.8986150256823748350143432617187500000000
694068.8881735927425324916839599609375000000000
-5797679.4339400548487901687622070312500000000000
-1902998.8992721925023943185806274414062500000000
-2175478.4602080336771905422210693359375000000000
1261588.4094341939780861139297485351562500000000
-1551826.5905066875275224447250366210937500000000
533088.9006059941602870821952819824218750000000
-2224658.3151830937713384628295898437500000000000
273846.6463527730666100978851318359375000000000
-757706.3431322498945519328117370605468750000000
-3500024.0980512122623622417449951171875000000000
2270452.4700751807540655136108398437500000000000
1475495.2381539612542837858200073242187500000000
1364349.4062291567679494619369506835937500000000
-2118977.8853285317309200763702392578125000000000
-202451.1437724533316213637590408325195312500000
2032992.0567222656682133674621582031250000000000
-3064018.3724840865470468997955322265625000000000
-934067.9588211500085890293121337890625000000000
2847718.8242113371379673480987548828125000000000
3703330.8624946950003504753112792968750000000000
1369669.7722440299112349748611450195312500000000
2827022.9982352536171674728393554687500000000000
-3635447.1312102507799863815307617187500000000000
-292188.4677502685808576643466949462890625000000
703776.0248309099115431308746337890625000000000
-839541.7337952742818742990493774414062500000000
-677840.1674886957043781876564025878906250000000
-2699593.0627243532799184322357177734375000000000
198906.8689459640299901366233825683593750000000
-388436.3975456680054776370525360107421875000000
-4798832.3997580083087086677551269531250000000000
-3109665.1523456880822777748107910156250000000000
-346271.4410987217561341822147369384765625000000
-104063.8187864313076715916395187377929687500000
-2668966.1459716777317225933074951171875000000000
-1352747.6346920516807585954666137695312500000000
-1503254.0448822809848934412002563476562500000000
2309803.6897227759473025798797607421875000000000
2154147.7721240511164069175720214843750000000000
478161.9354362883605062961578369140625000000000
1644928.9837964628823101520538330078125000000000
2475681.2545405682176351547241210937500000000000
97215.5949264123773900792002677917480468750000
814116.5563347613206133246421813964843750000000
3886477.4989920235238969326019287109375000000000
2668077.9029274317435920238494873046875000000000
2535970.9939486850053071975708007812500000000000
-659639.5214413522044196724891662597656250000000
-470305.9013868042966350913047790527343750000000
-1701462.6456400412134826183319091796875000000000
-994395.7449471325380727648735046386718750000000
-1621559.0645623293239623308181762695312500000000
-388283.7761916338349692523479461669921875000000
-408903.4099398987018503248691558837890625000000
-4077064.7659098794683814048767089843750000000000
723970.8187708084005862474441528320312500000000
1146104.2085883989930152893066406250000000000000
2150957.2488165544345974922180175781250000000000
3681878.6276793191209435462951660156250000000000
226984.5996455026033800095319747924804687500000
1376179.2094921101815998554229736328125000000000
2081821.4494992254767566919326782226562500000000
1725940.2884875931777060031890869140625000000000
2991651.0907328887842595577239990234375000000000
1261154.2172655446920543909072875976562500000000
210426.8685663009237032383680343627929687500000
704390.0725615184055641293525695800781250000000
2043903.8221408163662999868392944335937500000000
-1653824.5921503470744937658309936523437500000000
1282992.8645615298300981521606445312500000000000
3480785.8902167063206434249877929687500000000000
-1385247.7436985094100236892700195312500000000000
-907288.8810841519152745604515075683593750000000
-676769.5935025516664609313011169433593750000000
2358778.1772852540016174316406250000000000000000
1280339.8546627757605165243148803710937500000000
-444325.9189150700694881379604339599609375000000
-869164.6814626372652128338813781738281250000000
838504.2608980196528136730194091796875000000000
2314304.2968689473345875740051269531250000000000
1219147.8540612144861370325088500976562500000000
-85659.9410793195711448788642883300781250000000
-2519693.9083912540227174758911132812500000000000
947451.1605243469821289181709289550781250000000
-991702.4182597515173256397247314453125000000000
-1584887.2801025703083723783493041992187500000000
-1974156.9522884399630129337310791015625000000000
-1909462.9182552150450646877288818359375000000000
711906.3127852013567462563514709472656250000000
598135.7114439891884103417396545410156250000000
-641871.4986982278060168027877807617187500000000
-1749363.6920748401898890733718872070312500000000
-1414872.2145329362247139215469360351562500000000
748262.6080419581849128007888793945312500000000
542917.7416170000797137618064880371093750000000
2218109.2947663385421037673950195312500000000000
-228653.4613210324023384600877761840820312500000
846766.1091753040673211216926574707031250000000
-109180.9212053912924602627754211425781250000000
284001.0179122872068546712398529052734375000000
-1395467.2530245438683778047561645507812500000000
-673720.1523736685048788785934448242187500000000
629247.7755028960527852177619934082031250000000
-1777408.2329953189473599195480346679687500000000
886697.1435031011933460831642150878906250000000
-993102.5471110326470807194709777832031250000000
758114.5327255512820556759834289550781250000000
-2383366.5470677209086716175079345703125000000000
-709568.0962771472986787557601928710937500000000
2098231.4971952759660780429840087890625000000000
-1161554.2297463905997574329376220703125000000000
217917.9848708537465427070856094360351562500000
-703262.2332747017499059438705444335937500000000
1708367.9907950717024505138397216796875000000000
-3244126.1127090277150273323059082031250000000000
-961261.2039650812512263655662536621093750000000
-1566616.0050048509147018194198608398437500000000
587887.3092124976683408021926879882812500000000
-1549090.4601100734435021877288818359375000000000
2657038.6372433509677648544311523437500000000000
-781825.1818828136892989277839660644531250000000
3208197.0641703209839761257171630859375000000000
-849837.8417804788332432508468627929687500000000
-524228.1585128780570812523365020751953125000000
1026679.6242168077733367681503295898437500000000
3886357.4541367525234818458557128906250000000000
-83223.2505199896841077134013175964355468750000
1345988.1909124278463423252105712890625000000000
-1093807.0690259682014584541320800781250000000000
-428385.6618222432443872094154357910156250000000
-3102177.4505656058900058269500732421875000000000
-185356.9977140543051064014434814453125000000000
-3335011.8073396650142967700958251953125000000000
323444.6046859530033543705940246582031250000000
1708047.1831814541947096586227416992187500000000
696775.2712016646983101963996887207031250000000
957851.0564280390972271561622619628906250000000
983657.2733283546986058354377746582031250000000
-427816.8997372242156416177749633789062500000000
446968.8721755329170264303684234619140625000000
883828.7870811299653723835945129394531250000000
913512.7699839099077507853507995605468750000000
-163611.4238556504424195736646652221679687500000
-1647490.3947500735521316528320312500000000000000
-365253.1320352206239476799964904785156250000000
-169336.5979451648599933832883834838867187500000
-262072.9637532546767033636569976806640625000000
-1798977.2573030432686209678649902343750000000000
-785792.1214026029920205473899841308593750000000
-2837317.1807038686238229274749755859375000000000
-1197798.1267565251328051090240478515625000000000
-346760.2160120574408210813999176025390625000000
-151366.0595994862960651516914367675781250000000
-404257.7896750513464212417602539062500000000000
2314926.2820941442623734474182128906250000000000
-355906.1476916875108145177364349365234375000000
435730.5144531124387867748737335205078125000000
-980441.4841812015511095523834228515625000000000
-121167.9296281848946819081902503967285156250000
-1433497.6679070398677140474319458007812500000000
365292.4228095259750261902809143066406250000000
-833711.5128067795885726809501647949218750000000
-1303538.4669669163413345813751220703125000000000
-1641065.3450910553801804780960083007812500000000
-765730.2923921631881967186927795410156250000000
1380250.4172082787845283746719360351562500000000
-306045.2055460878182202577590942382812500000000
2607142.1020471514202654361724853515625000000000
-1824910.8432213955093175172805786132812500000000
1876037.7894623645115643739700317382812500000000
-1836346.3942734291777014732360839843750000000000
469109.0151395259308628737926483154296875000000
-48202.5675806394501705653965473175048828125000
1127476.9050115388818085193634033203125000000000
-332158.4226723765605129301548004150390625000000
-186342.0530377587419934570789337158203125000000
34367.3855336442575207911431789398193359375000
515324.3782358767348341643810272216796875000000
1218138.7554372865706682205200195312500000000000
-213046.6605107020295690745115280151367187500000
-692019.1673930472461506724357604980468750000000
817989.6460192712256684899330139160156250000000
718865.8258338439045473933219909667968750000000
1542028.2640005203429609537124633789062500000000
874995.4423019990790635347366333007812500000000
-881947.5452192287193611264228820800781250000000
656876.2388058160431683063507080078125000000000
-943901.6472972477786242961883544921875000000000
1951874.5684835319407284259796142578125000000000
847703.0338903610827401280403137207031250000000
-2082046.0037581147626042366027832031250000000000
496394.1647232381510548293590545654296875000000
191437.3051053110975772142410278320312500000000
928832.8472687291214242577552795410156250000000
480124.5456728902063332498073577880859375000000
644141.7222772694658488035202026367187500000000
-348470.8613653942593373358249664306640625000000
367493.7096657422953285276889801025390625000000
-250614.9087361663114279508590698242187500000000
296300.4777068772818893194198608398437500000000
-818473.8456710731843486428260803222656250000000
-906562.8609500296879559755325317382812500000000
586110.8806206959998235106468200683593750000000
249856.5803957786993123590946197509765625000000
-365589.8250582871842198073863983154296875000000
-2147580.8721722844056785106658935546875000000000
-251948.3544653386052232235670089721679687500000
-473961.4664121950627304613590240478515625000000
-453261.3373281231615692377090454101562500000000
1310592.5001963027752935886383056640625000000000
-350811.5664859068347141146659851074218750000000
-647622.4948767415480688214302062988281250000000
588492.6867214220110327005386352539062500000000
-194196.4621055971947498619556427001953125000000
706432.9252743731485679745674133300781250000000
-72218.3611728536779992282390594482421875000000
384906.2349029175238683819770812988281250000000
-18950.8742549189119017682969570159912109375000
-703473.7102230637101456522941589355468750000000
656871.8688257151516154408454895019531250000000
-90773.0000915264536160975694656372070312500000
-905947.2044982112711295485496520996093750000000
2551842.9670784678310155868530273437500000000000
790762.8280239013256505131721496582031250000000
1243717.5969757975544780492782592773437500000000
-1236214.7840280048549175262451171875000000000000
-1589035.1751584147568792104721069335937500000000
1210957.0957686367910355329513549804687500000000
237747.7968041250132955610752105712890625000000
-457099.2795063587254844605922698974609375000000
1090644.8935129970777779817581176757812500000000
166487.9578176404174882918596267700195312500000
609010.4523134699556976556777954101562500000000
786184.3755716284504160284996032714843750000000
339775.6934904415975324809551239013671875000000
518983.7611978037748485803604125976562500000000
34012.6277022327485610730946063995361328125000
1333425.0146306834649294614791870117187500000000
605819.8774435613304376602172851562500000000000
-1228317.0019332512747496366500854492187500000000
1011618.7362903617322444915771484375000000000000
809247.1856783350231125950813293457031250000000
-1071807.6624284866265952587127685546875000000000
806943.5721003813669085502624511718750000000000
404853.5784690806176513433456420898437500000000
-732287.7537291664630174636840820312500000000000
-454500.8596397316432558000087738037109375000000
-1061506.0824305445421487092971801757812500000000
-623723.4490708718076348304748535156250000000000
52111.7044268588360864669084548950195312500000
-1202259.4108159160241484642028808593750000000000
88123.4243567113444441929459571838378906250000
1736195.3882475125137716531753540039062500000000
697070.7775800805538892745971679687500000000000
-463626.0746345467632636427879333496093750000000
568839.0154987925197929143905639648437500000000
-229123.1090165374334901571273803710937500000000
900403.9164904587669298052787780761718750000000
-1642120.7885773128364235162734985351562500000000
-927012.6281897822627797722816467285156250000000
716699.7600851955357939004898071289062500000000
-79294.1532861624727956950664520263671875000000
-1103523.6354954186826944351196289062500000000000
-1290028.8670864342711865901947021484375000000000
937320.0659497193992137908935546875000000000000
420299.8865188886411488056182861328125000000000
874009.1607670725788921117782592773437500000000
714952.5402018716558814048767089843750000000000
61856.6419178110591019503772258758544921875000
-484376.8001355237211100757122039794921875000000
264968.8518595041241496801376342773437500000000
258592.7120208150299731642007827758789062500000
-398903.6860113866277970373630523681640625000000
15237.5470171564375050365924835205078125000000
55790.6713616710258065722882747650146484375000
1200373.1338862364646047353744506835937500000000
-445246.7253182036802172660827636718750000000000
-1238931.7628218689933419227600097656250000000000
-85414.1207403094740584492683410644531250000000
-890199.4800959535641595721244812011718750000000
-1021672.6681818526703864336013793945312500000000
-672933.2475516534177586436271667480468750000000
305106.7116260278271511197090148925781250000000
-319921.8135543446405790746212005615234375000000
487959.3870260656112805008888244628906250000000
665872.3913238276727497577667236328125000000000
1418560.8683756019454449415206909179687500000000
-123360.2994213917845627292990684509277343750000
-178830.3992999916954431682825088500976562500000
1277933.0900714970193803310394287109375000000000
323870.8285000365576706826686859130859375000000
445938.8963158617261797189712524414062500000000
-173260.4682262670830823481082916259765625000000
244698.3227678857801947742700576782226562500000
127885.1782572097581578418612480163574218750000
-510198.6743654669262468814849853515625000000000
-1486743.2714272239245474338531494140625000000000
102164.4518782669911161065101623535156250000000
1227900.2981478522997349500656127929687500000000
1125923.7681801465805619955062866210937500000000
411602.4994503820198588073253631591796875000000
445764.7250204447773285210132598876953125000000
-262678.4465829535620287060737609863281250000000
389104.6659262418397702276706695556640625000000
554524.8521778219146654009819030761718750000000
1561312.3942891035694628953933715820312500000000
-242929.4778443987015634775161743164062500000000
-18629.5479908519009768497198820114135742187500
462281.4295348929590545594692230224609375000000
11508.5651682233929022913798689842224121093750
-780763.7969605954131111502647399902343750000000
644065.6243355396436527371406555175781250000000
-952763.9637559173861518502235412597656250000000
688024.1107937520137056708335876464843750000000
377943.0511815532809123396873474121093750000000
1448057.3972595110535621643066406250000000000000
722924.1978529868647456169128417968750000000000
-166027.0449454929039347916841506958007812500000
-880833.1131561869988217949867248535156250000000
-445585.9929127060458995401859283447265625000000
401293.8253887023893184959888458251953125000000
799049.3156723310239613056182861328125000000000
-489467.9668507024762220680713653564453125000000
-333570.7127552751917392015457153320312500000000
1136846.0342618438880890607833862304687500000000
-1152694.0371490218676626682281494140625000000000
692061.1081039324635639786720275878906250000000
-495639.4839892924064770340919494628906250000000
-231754.9389800663630012422800064086914062500000
31700.0998603601365175563842058181762695312500
-179783.6546137146942783147096633911132812500000
927516.9858475869987159967422485351562500000000
71279.7802114683290710672736167907714843750000
-773313.5227499820757657289505004882812500000000
-1278580.3323048707097768783569335937500000000000
-942925.7128624055767431855201721191406250000000
-281639.7900200099684298038482666015625000000000
-292788.0448223254061304032802581787109375000000
-128655.1506221675663255155086517333984375000000
-286720.8196706818998791277408599853515625000000
568996.5597250913269817829132080078125000000000
-134323.3961864091397728770971298217773437500000
-311302.5614696896518580615520477294921875000000
-418754.9629666746477596461772918701171875000000
1393466.6048156926408410072326660156250000000000
561078.3208751399070024490356445312500000000000
1495183.0210217894054949283599853515625000000000
-191138.8620879961526952683925628662109375000000
-677234.8178004203364253044128417968750000000000
-950017.9349279720336198806762695312500000000000
-1410211.8113605903927236795425415039062500000000
860141.5512786069884896278381347656250000000000
1537942.1045780717395246028900146484375000000000
-160627.2900368657719809561967849731445312500000
40621.1300221186756971292197704315185546875000
1005033.3366543179145082831382751464843750000000
-1090297.0420818035490810871124267578125000000000
-661320.8264793480047956109046936035156250000000
9259.1631122017988673178479075431823730468750
484382.9114186498918570578098297119140625000000
-1018359.8702078711939975619316101074218750000000
-773900.9923445212189108133316040039062500000000
567551.6786396021489053964614868164062500000000
-687449.8861405777279287576675415039062500000000
-856104.9328472192864865064620971679687500000000
-971376.4724257086636498570442199707031250000000
-421359.2833107805345207452774047851562500000000
-423888.6021228714380413293838500976562500000000
-219259.0159310489252675324678421020507812500000
-1087292.5071879804600030183792114257812500000000
760101.3937700391979888081550598144531250000000
74608.4562125349038979038596153259277343750000
-159904.5446938013192266225814819335937500000000
250072.1448204925400204956531524658203125000000
-733613.6905355139169842004776000976562500000000
-785061.6037625187309458851814270019531250000000
46182.8697882912601926364004611968994140625000
325317.6853668409748934209346771240234375000000
-659851.1277941610896959900856018066406250000000
-217985.7345150889013893902301788330078125000000
172276.2694338209694251418113708496093750000000
68249.2975927549705374985933303833007812500000
51562.3044636895720032043755054473876953125000
147452.2599817925074603408575057983398437500000
229152.2191262414853554219007492065429687500000
-763448.3009687953162938356399536132812500000000
370284.2757861001300625503063201904296875000000
-302903.3937489888630807399749755859375000000000
272375.1393636758439242839813232421875000000000
-213007.6956700540904421359300613403320312500000
-286008.5683159994077868759632110595703125000000
154052.2876912553911097347736358642578125000000
-329771.2841072637238539755344390869140625000000
494655.1808112183352932333946228027343750000000
-386948.7458214255166240036487579345703125000000
-119595.9545994108048034831881523132324218750000
142772.0956388374033849686384201049804687500000
273119.8278603372746147215366363525390625000000
-215959.6489414669631514698266983032226562500000
-17443.0561976491371751762926578521728515625000
32694.0103589473510510288178920745849609375000
-228139.4046096741512883454561233520507812500000
868885.5982990151969715952873229980468750000000
626000.1547783232526853680610656738281250000000
-277596.4565946478396654129028320312500000000000
333691.6488972384249791502952575683593750000000
-25420.4995371483455528505146503448486328125000
805025.5533136356389150023460388183593750000000
-26259.5176383194338995963335037231445312500000
-432552.7794260039809159934520721435546875000000
-844848.3877510514575988054275512695312500000000
-693825.4664037401089444756507873535156250000000
346774.3182937619276344776153564453125000000000
-321149.2058092551887966692447662353515625000000
208528.7843157580064143985509872436523437500000
-774703.5881765115773305296897888183593750000000
-259790.3309037648432422429323196411132812500000
-369851.5241119504207745194435119628906250000000
-452856.3669103949214331805706024169921875000000
-512511.1082392267417162656784057617187500000000
671020.0364648267859593033790588378906250000000
186597.1848386682686395943164825439453125000000
360902.2800847940379753708839416503906250000000
-755945.7948709966149181127548217773437500000000
-679828.6805818718858063220977783203125000000000
-120051.5836044778989162296056747436523437500000
417239.5026152519858442246913909912109375000000
470244.5966248509939759969711303710937500000000
-113623.7386081829172326251864433288574218750000
704712.3132933171000331640243530273437500000000
42533.7011996365108643658459186553955078125000
122934.9874853106739465147256851196289062500000
212969.0497373401594813913106918334960937500000
-101154.0220204517827369272708892822265625000000
-726871.9145963436458259820938110351562500000000
-150630.1597756293776910752058029174804687500000
304744.4623193044681102037429809570312500000000
125807.8956029545224737375974655151367187500000
-473959.6280795572092756628990173339843750000000
-799685.2422151304781436920166015625000000000000
-696363.5280067329294979572296142578125000000000
-81823.3985144316102378070354461669921875000000
-475715.8052146265981718897819519042968750000000
-505567.6644879073137417435646057128906250000000
180347.9643018029455561190843582153320312500000
876034.3839610771974548697471618652343750000000
-398414.4750636581447906792163848876953125000000
-137138.0382100295682903379201889038085937500000
320304.1232162122614681720733642578125000000000
741312.6903536899480968713760375976562500000000
-94299.6951040821295464411377906799316406250000
198771.8152422433195170015096664428710937500000
61953.7002750535466475412249565124511718750000
36014.9504607120325090363621711730957031250000
811365.0299396002665162086486816406250000000000
-572563.6713133448502048850059509277343750000000
339789.6012573821353726089000701904296875000000
229967.6850804576533846557140350341796875000000
188689.2267076361749786883592605590820312500000
-511460.9309422126971185207366943359375000000000
313753.1988101326860487461090087890625000000000
33595.1950618154587573371827602386474609375000
136493.1153794999991077929735183715820312500000
-418155.1529370952048338949680328369140625000000
173497.7159849605523049831390380859375000000000
-20647.3978274689434329047799110412597656250000
-446974.5985829113633371889591217041015625000000
84234.5697312332486035302281379699707031250000
-248300.6996577898971736431121826171875000000000
164200.9684463985904585570096969604492187500000
-107773.6412717895582318305969238281250000000000
604162.0292540366062894463539123535156250000000
-66962.3059195876703597605228424072265625000000
266310.1936385238077491521835327148437500000000
336988.3626825962564907968044281005859375000000
1178533.9137252308428287506103515625000000000000
393005.4128934771870262920856475830078125000000
295370.5996833500103093683719635009765625000000
436213.1221961061819456517696380615234375000000
165969.9574806485616136342287063598632812500000
-199222.9074226549710147082805633544921875000000
-508379.8999511976726353168487548828125000000000
-193450.4099436062097083777189254760742187500000
-514703.3484115114551968872547149658203125000000
621171.1224564122967422008514404296875000000000
65700.7697634799696970731019973754882812500000
81275.4512786898412741720676422119140625000000
-365056.9695987360901199281215667724609375000000
227346.2728983745619188994169235229492187500000
-441228.4362697321921586990356445312500000000000
424047.7041355171240866184234619140625000000000
-256411.9031867338926531374454498291015625000000
-427725.7145996741601265966892242431640625000000
236218.5353958369232714176177978515625000000000
-51083.6135188468106207437813282012939453125000
-267097.3507003005361184477806091308593750000000
-428405.0827403106377460062503814697265625000000
-385668.6796661642729304730892181396484375000000
263220.2365602814243175089359283447265625000000
-46147.1955974692318704910576343536376953125000
101695.4512591008679009974002838134765625000000
-167546.7296715769916772842407226562500000000000
53269.0883902177884010598063468933105468750000
-218359.5438242267700843513011932373046875000000
43333.3863589395914459601044654846191406250000
-61042.5233216356573393568396568298339843750000
132845.8179290621192194521427154541015625000000
692345.9369041856843978166580200195312500000000
-329028.5677616944303736090660095214843750000000
-264333.7164685160969384014606475830078125000000
53899.6625349535097484476864337921142578125000
261427.7285225888772401958703994750976562500000
386763.2733788116020150482654571533203125000000
33470.3454076681882725097239017486572265625000
31288.5837070614579715766012668609619140625000
-306393.5292235536035150289535522460937500000000
-57118.5454581499070627614855766296386718750000
168967.3927960356522817164659500122070312500000
-204040.5143767551926430314779281616210937500000
388099.5563057653489522635936737060546875000000
-77614.0269796393695287406444549560546875000000
25295.9107652897509979084134101867675781250000
185649.7617718248220626264810562133789062500000
-112684.3114862024376634508371353149414062500000
387292.1539674411178566515445709228515625000000
18836.9515979617244738619774580001831054687500
-28278.6750146121630677953362464904785156250000
-588124.4715548862004652619361877441406250000000
-137788.1235605768451932817697525024414062500000
-382223.7217501210980117321014404296875000000000
75831.3345263726660050451755523681640625000000
-68700.1852398800256196409463882446289062500000
285741.6087316956254653632640838623046875000000
348255.1418828745954670011997222900390625000000
283871.4764244859688915312290191650390625000000
13185.5978587022400461137294769287109375000000
-225203.5615599917073268443346023559570312500000
43113.2478888601326616480946540832519531250000
99851.0775196341855917125940322875976562500000
-416368.0171196173760108649730682373046875000000
256527.3802124401554465293884277343750000000000
-41413.8961752317336504347622394561767578125000
627596.0483134825481101870536804199218750000000
471329.9781014790642075240612030029296875000000
302571.1239476967020891606807708740234375000000
-270888.2569344364455901086330413818359375000000
-156406.6487553104234393686056137084960937500000
-35714.4042604045898769982159137725830078125000
-344120.3581178002059459686279296875000000000000
-85950.4537765761051559820771217346191406250000
-95281.3163502342649735510349273681640625000000
167173.5254290130105800926685333251953125000000
-159584.9032476745196618139743804931640625000000
-352153.4348921480705030262470245361328125000000
137274.4790250065561849623918533325195312500000
-247042.3761910990288015455007553100585937500000
-199202.2262281369767151772975921630859375000000
-368071.7797706754645332694053649902343750000000
316427.1549884820124134421348571777343750000000
-56714.2293293886250467039644718170166015625000
-92877.6395858786563621833920478820800781250000
-141896.2037266155821271240711212158203125000000
42966.5594826820233720354735851287841796875000
-46449.3327532221883302554488182067871093750000
77847.8623834189929766580462455749511718750000
-261904.7078693265793845057487487792968750000000
273029.9854264282039366662502288818359375000000
398900.6175012817839160561561584472656250000000
132291.9438812105800025165081024169921875000000
333235.8336563670309260487556457519531250000000
490822.1558992959326133131980895996093750000000
-186787.8320759393682237714529037475585937500000
143962.7287415626051370054483413696289062500000
-484803.2744809061987325549125671386718750000000
-578860.9797869971953332424163818359375000000000
185723.5746739164169412106275558471679687500000
-141718.7991293206287082284688949584960937500000
420374.3196377463755197823047637939453125000000
329603.3237205200712196528911590576171875000000
318768.2449015908059664070606231689453125000000
56173.9628849864893709309399127960205078125000
-105819.5995852091436972841620445251464843750000
373406.5112387224216945469379425048828125000000
105167.1268827018793672323226928710937500000000
-50538.4509291669237427413463592529296875000000
-195993.2520542642159853130578994750976562500000
379893.1158025180338881909847259521484375000000
-329610.4863391969120129942893981933593750000000
353311.0702118304907344281673431396484375000000
106405.7149103197589283809065818786621093750000
-267681.5050307151395827531814575195312500000000
-219101.4711823258548974990844726562500000000000
73044.8602873562340391799807548522949218750000
150393.9743326031020842492580413818359375000000
-157969.0140503641741815954446792602539062500000
-76517.2975596078613307327032089233398437500000
-248117.5438971129769925028085708618164062500000
186197.6916583029378671199083328247070312500000
59593.9332440142970881424844264984130859375000
332155.5377031321986578404903411865234375000000
260990.9423371272860094904899597167968750000000
21596.4479714606277411803603172302246093750000
-10745.3487030751293787034228444099426269531250
-276065.0391651291865855455398559570312500000000
-356961.9508193603251129388809204101562500000000
308716.0879631572170183062553405761718750000000
-277311.4531464541214518249034881591796875000000
325574.1103375913226045668125152587890625000000
184206.5569861416879575699567794799804687500000
117221.2800574401044286787509918212890625000000
8862.1730276297730597434565424919128417968750
-253420.7046619956963695585727691650390625000000
1609.7805748014238815812859684228897094726562
44437.5448654904903378337621688842773437500000
-2855.3569261745847143174614757299423217773438
50612.6839359996229177340865135192871093750000
-758.6300098885833449458004906773567199707031
-201904.6758058822597377002239227294921875000000
44414.3999935043684672564268112182617187500000
-104515.9569868123071501031517982482910156250000
15068.9494084604011732153594493865966796875000
310853.4680220582522451877593994140625000000000
150922.2990586091473232954740524291992187500000
152376.9982936536835040897130966186523437500000
60914.2749711107753682881593704223632812500000
124916.0257034273381577804684638977050781250000
-379836.9201607399736531078815460205078125000000
163746.2650336078950203955173492431640625000000
127438.3156629614968551322817802429199218750000
428985.9711822426761500537395477294921875000000
-128625.4447449001308996230363845825195312500000
-68651.7565298208501189947128295898437500000000
-53696.5185688398487400263547897338867187500000
397256.9953492982313036918640136718750000000000
21236.9353079195461759809404611587524414062500
-162404.6106192063889466226100921630859375000000
125106.3081710412516258656978607177734375000000
-273579.8766356586129404604434967041015625000000
349003.4041309016174636781215667724609375000000
155767.9491149568348191678524017333984375000000
46433.5826429402513895183801651000976562500000
-186155.3396979341923724859952926635742187500000
291261.3501100576831959187984466552734375000000
-156437.5024000089033506810665130615234375000000
-138120.6837050634494516998529434204101562500000
-5543.9844620390849740942940115928649902343750
-171617.2789865928643848747014999389648437500000
-136957.0864138923934660851955413818359375000000
-132994.8062181077257264405488967895507812500000
94296.5585042934399098157882690429687500000000
-155683.1059104987070895731449127197265625000000
-109324.6620476116804638877511024475097656250000
-128040.0904595851752674207091331481933593750000
-109053.0115397882618708536028861999511718750000
-162727.4990184503258205950260162353515625000000
-124717.0250806786207249388098716735839843750000
24710.9140178791421931236982345581054687500000
358575.3628887306549586355686187744140625000000
-201608.6716570495045743882656097412109375000000
52028.6742361900542164221405982971191406250000
-26580.7389490072346234228461980819702148437500
-251182.5909799469809513539075851440429687500000
-189062.3319759279256686568260192871093750000000
173244.6954165171482600271701812744140625000000
-268209.3286872727912850677967071533203125000000
-179897.9234751809271983802318572998046875000000
69476.0754155466711381450295448303222656250000
20632.5634947734470188152045011520385742187500
137088.4254188727645669132471084594726562500000
-91474.2355510542984120547771453857421875000000
22577.9004693486458563711494207382202148437500
-43129.2954007873777300119400024414062500000000
-313135.5904200215591117739677429199218750000000
185410.3626304205972701311111450195312500000000
-31439.9037240811812807805836200714111328125000
-19747.0138163094125047791749238967895507812500
84998.3564974438195349648594856262207031250000
-232514.8729879528400488197803497314453125000000
480002.8804722565691918134689331054687500000000
55893.7789485484609031118452548980712890625000
150050.9469624760968144983053207397460937500000
9019.3839820648936438374221324920654296875000
38888.8125140386036946438252925872802734375000
318167.3445953876944258809089660644531250000000
42062.6635123308660695329308509826660156250000
60954.6064966128469677641987800598144531250000
-348324.8577564321458339691162109375000000000000
-16750.8991617653955472633242607116699218750000
75593.5836019892594777047634124755859375000000
50073.4682145440165186300873756408691406250000
77810.2177615102409617975354194641113281250000
213876.9910841799573972821235656738281250000000
-51546.1810137019201647490262985229492187500000
-48430.7735828957811463624238967895507812500000
-212689.7876901080016978085041046142578125000000
117302.5467339705937774851918220520019531250000
87887.2979445000673877075314521789550781250000
170363.3039096033025998622179031372070312500000
-176822.2957187067659106105566024780273437500000
-75196.1050540562428068369626998901367187500000
-63810.3661368466127896681427955627441406250000
-59376.1682507880032062530517578125000000000000
-321358.8915444870362989604473114013671875000000
366553.3125211513834074139595031738281250000000
6769.2477038795841508544981479644775390625000
45587.4699742115917615592479705810546875000000
-159414.0431315509486012160778045654296875000000
213373.9187753800069913268089294433593750000000
-341574.8000140940421260893344879150390625000000
-18062.8204331642846227623522281646728515625000
77560.8933695801824796944856643676757812500000
167369.8017376062052790075540542602539062500000
-169100.1408704503555782139301300048828125000000
-395349.8185484958230517804622650146484375000000
190014.0064541350875515490770339965820312500000
-42451.4367044528698897920548915863037109375000
-27772.9059364429449487943202257156372070312500
-252127.7974054861988406628370285034179687500000
-386304.6059947313042357563972473144531250000000
-164853.1264859638176858425140380859375000000000
-133965.2046441048150882124900817871093750000000
49331.2988044769881526008248329162597656250000
-315864.3161387910949997603893280029296875000000
153553.1680113149341195821762084960937500000000
327358.3518552937312051653861999511718750000000
29486.3798803470672282855957746505737304687500
90921.7241372591670369729399681091308593750000
-150213.9300869484723079949617385864257812500000
-149419.9090714036719873547554016113281250000000
-150808.4487973317154683172702789306640625000000
-95890.3558000380580779165029525756835937500000
-332996.8274250448448583483695983886718750000000
-226640.2217039684765040874481201171875000000000
170203.3306681776593904942274093627929687500000
-46976.0846158616477623581886291503906250000000
-138687.6843032388424035161733627319335937500000
138329.8481618499790783971548080444335937500000
-298862.2946891712490469217300415039062500000000
30357.3690829344086523633450269699096679687500
-102970.7908312744693830609321594238281250000000
349707.6992036319570615887641906738281250000000
-54962.6057095508585916832089424133300781250000
238198.5115517927333712577819824218750000000000
57832.1813261616625823080539703369140625000000
12392.9599142633724113693460822105407714843750
-121311.0771167965722270309925079345703125000000
127313.3127692199341254308819770812988281250000
345462.7200459622545167803764343261718750000000
-157327.7666239158133976161479949951171875000000
29480.8181484378292225301265716552734375000000
216653.3896979677665513008832931518554687500000
154580.2410722563217859715223312377929687500000
-9533.6524343312376004178076982498168945312500
36652.5717816874312120489776134490966796875000
-47524.8606394019589060917496681213378906250000
214239.2258348575851414352655410766601562500000
341424.1553584561333991587162017822265625000000
-236044.1064189049939159303903579711914062500000
152489.4275167302403133362531661987304687500000
36738.7473164798720972612500190734863281250000
133846.7400353682460263371467590332031250000000
11702.2125987825256743235513567924499511718750
-98440.0324426432925974950194358825683593750000
114398.1053968546621035784482955932617187500000
45927.0024801685358397662639617919921875000000
-118275.2537893307162448763847351074218750000000
-26085.7184624906622048001736402511596679687500
40086.4461444686676259152591228485107421875000
73711.6292992674862034618854522705078125000000
1478.2787841082749764609616249799728393554688
-215831.3394749476865399628877639770507812500000
41854.9967433891579275950789451599121093750000
98376.2350293204071931540966033935546875000000
-242971.3580977781093679368495941162109375000000
10700.0422335865750937955453991889953613281250
241662.1720615904487203806638717651367187500000
-176327.6430176284920889884233474731445312500000
