-0.4287660087329203673078836800414137542248
643.0846221528685191515251062810420989990234
-108480.0650386378838447853922843933105468750000
6841556.0836851391941308975219726562500000000000
-228349216.7681173980236053466796875000000000000000
4701744236.5330505371093750000000000000000000000000
-64950124745.8161392211914062500000000000000000000000
633260874423.1407470703125000000000000000000000000000
-4496268771073.5283203125000000000000000000000000000000
23662530188652.9921875000000000000000000000000000000000
-92843804254207.4843750000000000000000000000000000000000
269551532560185.2187500000000000000000000000000000000000
-562772777126966.4375000000000000000000000000000000000000
783319399892887.5000000000000000000000000000000000000000
-561084015582329.7500000000000000000000000000000000000000
-153081783651758.0625000000000000000000000000000000000000
607552129883993.6250000000000000000000000000000000000000
-53253063294777.8515625000000000000000000000000000000000
-784023822593609.0000000000000000000000000000000000000000
557633596387743.6875000000000000000000000000000000000000
135041347699455.4687500000000000000000000000000000000000
186055103221970.4687500000000000000000000000000000000000
-588288713829425.6250000000000000000000000000000000000000
-141648676724087.7812500000000000000000000000000000000000
373878431434225.4375000000000000000000000000000000000000
287228399220989.8750000000000000000000000000000000000000
101421431844276.2656250000000000000000000000000000000000
-442751675081935.8750000000000000000000000000000000000000
-417074093631846.3750000000000000000000000000000000000000
291283646237273.9375000000000000000000000000000000000000
265722914388086.9062500000000000000000000000000000000000
588956840480.8840332031250000000000000000000000000000
238997721310618.1875000000000000000000000000000000000000
-144706251512473.5937500000000000000000000000000000000000
-40979247059246.7812500000000000000000000000000000000000
-379210981216338.0625000000000000000000000000000000000000
-114067707528220.3593750000000000000000000000000000000000
93287924990296.7656250000000000000000000000000000000000
102028414000266.4218750000000000000000000000000000000000
200356407110820.9375000000000000000000000000000000000000
314124330457707.0625000000000000000000000000000000000000
100162608088486.7031250000000000000000000000000000000000
-116959211405245.5625000000000000000000000000000000000000
-143023756519740.2812500000000000000000000000000000000000
-353245633996340.8750000000000000000000000000000000000000
-136468276446140.5156250000000000000000000000000000000000
-301074679971016.6875000000000000000000000000000000000000
282672195612633.3750000000000000000000000000000000000000
74651775129311.2968750000000000000000000000000000000000
212323680026190.4062500000000000000000000000000000000000
17416119568572.6933593750000000000000000000000000000000
168244576283092.9375000000000000000000000000000000000000
407816205260681.5625000000000000000000000000000000000000
254291214464367.6875000000000000000000000000000000000000
-283514310794722.5625000000000000000000000000000000000000
-489993619205462.8125000000000000000000000000000000000000
144516580918744.5625000000000000000000000000000000000000
-494082839632767.3125000000000000000000000000000000000000
-284464382823610.2500000000000000000000000000000000000000
-279429012230642.9375000000000000000000000000000000000000
170094331777120.4062500000000000000000000000000000000000
172328984417821.7187500000000000000000000000000000000000
287490398083556.3750000000000000000000000000000000000000
355104749748827.5000000000000000000000000000000000000000
109211135289616.9687500000000000000000000000000000000000
269625039852528.6562500000000000000000000000000000000000
13271003327974.0117187500000000000000000000000000000000
58756872060347.8359375000000000000000000000000000000000
323349173659882.3750000000000000000000000000000000000000
-333797991907391.3750000000000000000000000000000000000000
-63319401277298.3203125000000000000000000000000000000000
-242525065387761.4062500000000000000000000000000000000000
-340976722434945.4375000000000000000000000000000000000000
-266485352941466.7812500000000000000000000000000000000000
-247686410933037.8437500000000000000000000000000000000000
-235076259858955.5000000000000000000000000000000000000000
-173196396365078.9687500000000000000000000000000000000000
122267699601526.5468750000000000000000000000000000000000
82049959760274.6718750000000000000000000000000000000000
356352215989311.0000000000000000000000000000000000000000
-130178931942101.7031250000000000000000000000000000000000
570239582716242.5000000000000000000000000000000000000000
385976164435999.4375000000000000000000000000000000000000
277916939467481.6250000000000000000000000000000000000000
348434618285325.6250000000000000000000000000000000000000
161765416784826.9375000000000000000000000000000000000000
47844594882421.9765625000000000000000000000000000000000
147604565628674.9687500000000000000000000000000000000000
-351859153610413.1250000000000000000000000000000000000000
-602432752314205.3750000000000000000000000000000000000000
-297941094619907.6875000000000000000000000000000000000000
-166693130937620.4062500000000000000000000000000000000000
-359281400766063.0000000000000000000000000000000000000000
-447470635606983.3750000000000000000000000000000000000000
-16115574755602.9277343750000000000000000000000000000000
-365948280471505.6875000000000000000000000000000000000000
28087181390459.0234375000000000000000000000000000000000
291951345160326.5000000000000000000000000000000000000000
-102980420012084.2656250000000000000000000000000000000000
95138120387461.6875000000000000000000000000000000000000
365339305269493.0625000000000000000000000000000000000000
456745908360896.3125000000000000000000000000000000000000
351078036578370.3125000000000000000000000000000000000000
124293090019146.1093750000000000000000000000000000000000
131130524590785.3281250000000000000000000000000000000000
190996690699297.2812500000000000000000000000000000000000
484479540607872.2500000000000000000000000000000000000000
-4822066008668.6484375000000000000000000000000000000000
-220688639427688.0625000000000000000000000000000000000000
-210684175397937.2500000000000000000000000000000000000000
-149431463787154.9375000000000000000000000000000000000000
-177117927411904.0312500000000000000000000000000000000000
34678589030850.5625000000000000000000000000000000000000
-31371396347924.8320312500000000000000000000000000000000
-51268280494853.3046875000000000000000000000000000000000
37025592607963.7187500000000000000000000000000000000000
-180593991241692.8750000000000000000000000000000000000000
-547346996244418.9375000000000000000000000000000000000000
-9726389853888.1269531250000000000000000000000000000000
-322357097063802.8125000000000000000000000000000000000000
49716580333539.3984375000000000000000000000000000000000
-448937399907464.1250000000000000000000000000000000000000
-234223902918776.1562500000000000000000000000000000000000
236818510306239.7812500000000000000000000000000000000000
347016469525764.0000000000000000000000000000000000000000
-257655179422173.6250000000000000000000000000000000000000
256310516042953.3125000000000000000000000000000000000000
277903380093032.0625000000000000000000000000000000000000
-62803048370895.3203125000000000000000000000000000000000
179947473294792.9375000000000000000000000000000000000000
305241777126949.6250000000000000000000000000000000000000
150308094636473.5000000000000000000000000000000000000000
380540473192129.4375000000000000000000000000000000000000
-195548453469758.2812500000000000000000000000000000000000
105054890722569.2343750000000000000000000000000000000000
53158370785868.1875000000000000000000000000000000000000
533385249353629.6250000000000000000000000000000000000000
199550869513049.4062500000000000000000000000000000000000
-281713546281538.6875000000000000000000000000000000000000
29385620644133.8867187500000000000000000000000000000000
155089455262631.7812500000000000000000000000000000000000
-232769145449644.7812500000000000000000000000000000000000
-54565446957265.7890625000000000000000000000000000000000
-116859728106136.6406250000000000000000000000000000000000
-177833945142591.9687500000000000000000000000000000000000
-82938122603794.4843750000000000000000000000000000000000
-31823170951645.4570312500000000000000000000000000000000
-65384061432681.1640625000000000000000000000000000000000
-692083635360789.7500000000000000000000000000000000000000
-177676056205292.2812500000000000000000000000000000000000
-493902007745610.3750000000000000000000000000000000000000
-91030765159984.7656250000000000000000000000000000000000
137028286879336.3593750000000000000000000000000000000000
125391408642991.9062500000000000000000000000000000000000
-310773102352343.7500000000000000000000000000000000000000
11202951098598.8574218750000000000000000000000000000000
19572948340269.4453125000000000000000000000000000000000
61992361483455.8125000000000000000000000000000000000000
79130123104682.6875000000000000000000000000000000000000
160011411971313.6875000000000000000000000000000000000000
159074954165235.7187500000000000000000000000000000000000
94258116126347.5156250000000000000000000000000000000000
296265549603634.3750000000000000000000000000000000000000
286258312095025.6250000000000000000000000000000000000000
-31934875979745.3906250000000000000000000000000000000000
332456375151829.9375000000000000000000000000000000000000
-272419712698849.1562500000000000000000000000000000000000
105492823398229.3125000000000000000000000000000000000000
430596644518817.3750000000000000000000000000000000000000
119566580393109.8593750000000000000000000000000000000000
384707674493190.5625000000000000000000000000000000000000
127354831762068.5781250000000000000000000000000000000000
61837769702131.6796875000000000000000000000000000000000
210080022886709.0625000000000000000000000000000000000000
28740216029912.6406250000000000000000000000000000000000
-395071638438094.2500000000000000000000000000000000000000
-250108275801438.3125000000000000000000000000000000000000
-112057185588836.2500000000000000000000000000000000000000
-337513899860452.5625000000000000000000000000000000000000
-112024682678820.0625000000000000000000000000000000000000
-121463522226495.1718750000000000000000000000000000000000
-103353984983909.7343750000000000000000000000000000000000
245257301985150.0312500000000000000000000000000000000000
-242967222519051.9375000000000000000000000000000000000000
-344024681830732.4375000000000000000000000000000000000000
-354499356402149.0625000000000000000000000000000000000000
-96857232247716.1250000000000000000000000000000000000000
16566709203518.9902343750000000000000000000000000000000
179067210701980.6562500000000000000000000000000000000000
86106932768520.9062500000000000000000000000000000000000
-537848359477407.3750000000000000000000000000000000000000
8272229172197.1054687500000000000000000000000000000000
504801635075362.1875000000000000000000000000000000000000
-286699249355578.4375000000000000000000000000000000000000
229523233610257.8750000000000000000000000000000000000000
-11805818728663.7226562500000000000000000000000000000000
-271114135165154.1250000000000000000000000000000000000000
34357743989479.2734375000000000000000000000000000000000
266738920700410.0312500000000000000000000000000000000000
-122424103696897.1875000000000000000000000000000000000000
102485617755249.4218750000000000000000000000000000000000
-36350157724194.9062500000000000000000000000000000000000
-154755548760319.4062500000000000000000000000000000000000
421854494820861.6875000000000000000000000000000000000000
461438045368974.0000000000000000000000000000000000000000
-459788731715977.0000000000000000000000000000000000000000
174436248717587.5312500000000000000000000000000000000000
235215656462323.7187500000000000000000000000000000000000
-78851401039039.9218750000000000000000000000000000000000
32114890565387.2109375000000000000000000000000000000000
81864857883150.8750000000000000000000000000000000000000
778053556818205.3750000000000000000000000000000000000000
375034474695991.4375000000000000000000000000000000000000
-290188198115433.6875000000000000000000000000000000000000
-199931044077530.5000000000000000000000000000000000000000
251268838937066.9062500000000000000000000000000000000000
-76905827441247.4218750000000000000000000000000000000000
-171969176281476.7500000000000000000000000000000000000000
179691672276153.9687500000000000000000000000000000000000
-150017594398707.0312500000000000000000000000000000000000
-188925767782218.4375000000000000000000000000000000000000
4413104523618.1669921875000000000000000000000000000000
-27125919024155.2656250000000000000000000000000000000000
-24770928561722.7343750000000000000000000000000000000000
-50554932870238.6093750000000000000000000000000000000000
122919751888679.2968750000000000000000000000000000000000
-551110213139877.3125000000000000000000000000000000000000
-362873102308422.3125000000000000000000000000000000000000
117650262736468.1093750000000000000000000000000000000000
-99962325779802.6718750000000000000000000000000000000000
-122089658997087.7968750000000000000000000000000000000000
193706312413169.8125000000000000000000000000000000000000
-352557974178798.8750000000000000000000000000000000000000
62115954393097.6093750000000000000000000000000000000000
-164665660036979.8125000000000000000000000000000000000000
44945407856903.3750000000000000000000000000000000000000
-430951977715870.6250000000000000000000000000000000000000
48760161894444.2187500000000000000000000000000000000000
-213178529308372.3437500000000000000000000000000000000000
-98901825770095.7656250000000000000000000000000000000000
-221317827394688.9687500000000000000000000000000000000000
268929340775080.0937500000000000000000000000000000000000
-16846069343934.1796875000000000000000000000000000000000
145814422419725.4062500000000000000000000000000000000000
252752445762127.2812500000000000000000000000000000000000
-200911447834108.0000000000000000000000000000000000000000
307636874960566.6875000000000000000000000000000000000000
-4982311482709.6279296875000000000000000000000000000000
444483200931430.4375000000000000000000000000000000000000
30035927133670.4531250000000000000000000000000000000000
188257633935308.9687500000000000000000000000000000000000
198773705426589.1562500000000000000000000000000000000000
479968629835446.5625000000000000000000000000000000000000
33602969059639.3085937500000000000000000000000000000000
-4347457523058.5654296875000000000000000000000000000000
320928627969274.8750000000000000000000000000000000000000
142856726054569.3125000000000000000000000000000000000000
-80857471149937.5468750000000000000000000000000000000000
-225411458670538.1250000000000000000000000000000000000000
449830587368857.5000000000000000000000000000000000000000
-414917251463993.0000000000000000000000000000000000000000
466422496452935.9375000000000000000000000000000000000000
-170109815966321.8437500000000000000000000000000000000000
-587084413046883.3750000000000000000000000000000000000000
365875789192721.5625000000000000000000000000000000000000
-229248408203509.7187500000000000000000000000000000000000
-2530843522030.0732421875000000000000000000000000000000
29936557272197.8828125000000000000000000000000000000000
-125113528908761.7812500000000000000000000000000000000000
214486310802384.4687500000000000000000000000000000000000
-157371013448956.5937500000000000000000000000000000000000
-457876887867011.6250000000000000000000000000000000000000
-127054049635634.5625000000000000000000000000000000000000
-191870067911819.7187500000000000000000000000000000000000
-279478651907391.6562500000000000000000000000000000000000
-76536793389257.7031250000000000000000000000000000000000
-221388755730094.7812500000000000000000000000000000000000
222967753074997.1562500000000000000000000000000000000000
-150065659013298.5625000000000000000000000000000000000000
-49548326163110.7421875000000000000000000000000000000000
-284196639837768.7500000000000000000000000000000000000000
-103811694297273.8281250000000000000000000000000000000000
347175345711169.1250000000000000000000000000000000000000
-156664888571114.9687500000000000000000000000000000000000
-276054842899600.7812500000000000000000000000000000000000
-252104464496922.9062500000000000000000000000000000000000
201079755839388.8750000000000000000000000000000000000000
17836823425498.0039062500000000000000000000000000000000
434835135873280.6250000000000000000000000000000000000000
66118203510141.3750000000000000000000000000000000000000
10722014395259.7636718750000000000000000000000000000000
103006049423104.2812500000000000000000000000000000000000
145815442359410.4375000000000000000000000000000000000000
394473400843932.3125000000000000000000000000000000000000
87661145817951.8437500000000000000000000000000000000000
-120509259043935.0937500000000000000000000000000000000000
205111207764881.8125000000000000000000000000000000000000
264879741072910.3437500000000000000000000000000000000000
278807269555702.3125000000000000000000000000000000000000
-34661109942235.9257812500000000000000000000000000000000
4088146358826.9057617187500000000000000000000000000000
471997236575559.5625000000000000000000000000000000000000
137493668123477.2812500000000000000000000000000000000000
-191294270617886.7187500000000000000000000000000000000000
-257334085861973.5312500000000000000000000000000000000000
78350025397631.2031250000000000000000000000000000000000
-193280022714975.3437500000000000000000000000000000000000
-187137196235287.0625000000000000000000000000000000000000
-61531634349147.8203125000000000000000000000000000000000
-169424862358929.7500000000000000000000000000000000000000
-29072509323933.0546875000000000000000000000000000000000
202144914100110.1562500000000000000000000000000000000000
-145852700896760.1250000000000000000000000000000000000000
-23859570504194.2070312500000000000000000000000000000000
-257749975936373.3125000000000000000000000000000000000000
140261510117454.9843750000000000000000000000000000000000
-124071751435169.7656250000000000000000000000000000000000
-323827303223216.2500000000000000000000000000000000000000
-113207946303014.0937500000000000000000000000000000000000
61301480232466.9218750000000000000000000000000000000000
319717954473950.9375000000000000000000000000000000000000
-153481872397761.6250000000000000000000000000000000000000
-138258615824843.6406250000000000000000000000000000000000
-163010346147001.6875000000000000000000000000000000000000
-53760485926793.7734375000000000000000000000000000000000
-114578109642321.7343750000000000000000000000000000000000
-259351001311971.3125000000000000000000000000000000000000
354821521040589.2500000000000000000000000000000000000000
266123482689892.3750000000000000000000000000000000000000
41147278289701.5937500000000000000000000000000000000000
96112547143960.1718750000000000000000000000000000000000
-420513396601043.8750000000000000000000000000000000000000
-17396457441128.3886718750000000000000000000000000000000
40635493106264.8750000000000000000000000000000000000000
-39732976649452.3906250000000000000000000000000000000000
-162880263579320.1562500000000000000000000000000000000000
135583068323711.9687500000000000000000000000000000000000
340953570296982.5625000000000000000000000000000000000000
311142280952287.3125000000000000000000000000000000000000
80832211767306.7343750000000000000000000000000000000000
264098899601480.3437500000000000000000000000000000000000
233811765760144.9375000000000000000000000000000000000000
-118579065706257.8593750000000000000000000000000000000000
-191944825073740.5000000000000000000000000000000000000000
745390144542582.3750000000000000000000000000000000000000
-140102996622953.6250000000000000000000000000000000000000
-159615034750467.0625000000000000000000000000000000000000
201787310778211.2812500000000000000000000000000000000000
-142989036266300.2812500000000000000000000000000000000000
-467134084733773.5625000000000000000000000000000000000000
-398335740056405.8750000000000000000000000000000000000000
-367053232419513.6875000000000000000000000000000000000000
25306708736867.5625000000000000000000000000000000000000
165885530912415.2812500000000000000000000000000000000000
-34184767949394.9101562500000000000000000000000000000000
96155444046267.6093750000000000000000000000000000000000
398360262947254.6250000000000000000000000000000000000000
-191436066676192.4687500000000000000000000000000000000000
-160120187880285.4687500000000000000000000000000000000000
-379733981663648.2500000000000000000000000000000000000000
40533719346916.3203125000000000000000000000000000000000
219408433556767.9062500000000000000000000000000000000000
-112043012729200.4843750000000000000000000000000000000000
154173227746419.4687500000000000000000000000000000000000
-115732836761014.4843750000000000000000000000000000000000
-329059317919653.9375000000000000000000000000000000000000
251840885496626.2187500000000000000000000000000000000000
34545149602442.1835937500000000000000000000000000000000
433802847009702.1250000000000000000000000000000000000000
115499213380697.8125000000000000000000000000000000000000
57970967851503.7656250000000000000000000000000000000000
330250832285142.1250000000000000000000000000000000000000
-27763921020236.3789062500000000000000000000000000000000
-153594914238309.5312500000000000000000000000000000000000
-371806172552769.3750000000000000000000000000000000000000
-292737783783852.5625000000000000000000000000000000000000
380212079397574.2500000000000000000000000000000000000000
-57428814827548.6562500000000000000000000000000000000000
-419777174060318.7500000000000000000000000000000000000000
169855372859703.6562500000000000000000000000000000000000
168884513355514.8437500000000000000000000000000000000000
