0.4181977938718087206559914648096309974790
-27.5211723943766486399908899329602718353271
390.3567993449862001398287247866392135620117
-549.8289971567043039613054133951663970947266
-24046.3370446145599998999387025833129882812500
202250.7938814865483436733484268188476562500000
-729787.1451785154640674591064453125000000000000
1288182.8371834945864975452423095703125000000000
-643605.3445984290447086095809936523437500000000
-1605273.6243108885828405618667602539062500000000
2973040.8211222873069345951080322265625000000000
-1474013.2767258826643228530883789062500000000000
794636.2052617155713960528373718261718750000000
-2490524.5087756058201193809509277343750000000000
-1226052.6277763452380895614624023437500000000000
5792356.3019390832632780075073242187500000000000
356939.2620444453204981982707977294921875000000
-1131641.9965082895942032337188720703125000000000
-4892833.6207765601575374603271484375000000000000
-117002.6469049781153444200754165649414062500000
1071673.1789760133251547813415527343750000000000
2336258.9150690729729831218719482421875000000000
-2766937.9021205804310739040374755859375000000000
4202022.6808030605316162109375000000000000000000
-1554720.8833718698006123304367065429687500000000
3839983.7834303299896419048309326171875000000000
-2311874.9840491176582872867584228515625000000000
2960912.4915063665248453617095947265625000000000
-12011453.2883503660559654235839843750000000000000
8256589.2226452101022005081176757812500000000000
1664033.9273969538044184446334838867187500000000
-1610729.0938252599444240331649780273437500000000
-4858267.4458509506657719612121582031250000000000
6115367.8112713666632771492004394531250000000000
-4785090.7595886569470167160034179687500000000000
-3584337.3154081492684781551361083984375000000000
-4130709.1972826891578733921051025390625000000000
4743721.0355824576690793037414550781250000000000
5605200.9954570606350898742675781250000000000000
-4055060.2409115522168576717376708984375000000000
8199491.6173985060304403305053710937500000000000
-2664410.1271991310641169548034667968750000000000
1738239.7653753575868904590606689453125000000000
12999904.3117328528314828872680664062500000000000
-12171157.7239433731883764266967773437500000000000
22888227.6944816336035728454589843750000000000000
-23347568.6191622093319892883300781250000000000000
-12203825.0470486693084239959716796875000000000000
6411503.3283769693225622177124023437500000000000
939836.5350546385161578655242919921875000000000
6497941.9982747994363307952880859375000000000000
-2695017.8996562589891254901885986328125000000000
-3072340.9228351325727999210357666015625000000000
8099239.0082141095772385597229003906250000000000
-2800897.4751495239324867725372314453125000000000
-25522498.1810097619891166687011718750000000000000
-25214789.4854613654315471649169921875000000000000
-15939292.1927658710628747940063476562500000000000
21078210.3148382231593132019042968750000000000000
22425317.6770118139684200286865234375000000000000
19631918.0914301313459873199462890625000000000000
1477218.9017351085785776376724243164062500000000
49127437.8764168322086334228515625000000000000000
3724187.4399799196980893611907958984375000000000
-38071198.8258740156888961791992187500000000000000
-1592759.7588315659668296575546264648437500000000
5987091.9702677261084318161010742187500000000000
-4538395.6879204008728265762329101562500000000000
-14574110.8654767293483018875122070312500000000000
12136642.0641455650329589843750000000000000000000
-49412538.9872153997421264648437500000000000000000
14674319.0153771340847015380859375000000000000000
34455239.6950743421912193298339843750000000000000
-2805405.4088944126851856708526611328125000000000
-8338619.2060176478698849678039550781250000000000
-12704100.9177977237850427627563476562500000000000
4996387.0933107659220695495605468750000000000000
30375255.9011288657784461975097656250000000000000
10534020.4917343854904174804687500000000000000000
18903420.2270481698215007781982421875000000000000
-50672009.8666018247604370117187500000000000000000
-2181587.2145701074041426181793212890625000000000
-33782060.3857510089874267578125000000000000000000
33256695.3427495583891868591308593750000000000000
16264018.5669338013976812362670898437500000000000
-20482927.8272362835705280303955078125000000000000
-8200136.2166395084932446479797363281250000000000
-4835222.7208841284736990928649902343750000000000
-57642502.0087914243340492248535156250000000000000
-806581.7959451710339635610580444335937500000000
-19227271.0748937949538230895996093750000000000000
8004509.6307527702301740646362304687500000000000
12165473.8301533795893192291259765625000000000000
19992998.7054301314055919647216796875000000000000
-29983741.6693671308457851409912109375000000000000
35225282.8398796617984771728515625000000000000000
-12445202.6746503431349992752075195312500000000000
69247231.1443729102611541748046875000000000000000
26409133.1048775203526020050048828125000000000000
16779028.6982963718473911285400390625000000000000
17207222.1231695078313350677490234375000000000000
5914434.0814920179545879364013671875000000000000
15966930.8448480945080518722534179687500000000000
8577741.4144799076020717620849609375000000000000
-10845122.6971862185746431350708007812500000000000
48039431.4956539496779441833496093750000000000000
-37140258.9435933455824851989746093750000000000000
-303457.1457927632727660238742828369140625000000
-44528067.8076599538326263427734375000000000000000
-8042676.8061470855027437210083007812500000000000
-24347456.2223402112722396850585937500000000000000
-15849878.2270442470908164978027343750000000000000
-4562752.9401160897687077522277832031250000000000
-334273.7277541060466319322586059570312500000000
-24709824.1667740978300571441650390625000000000000
1677617.1400173024740070104598999023437500000000
18509339.9167020767927169799804687500000000000000
1798992.8219344299286603927612304687500000000000
10900242.9867008160799741744995117187500000000000
-34055522.7142259478569030761718750000000000000000
-7330692.4203325752168893814086914062500000000000
-49484920.5292783826589584350585937500000000000000
-54218881.3031238093972206115722656250000000000000
-773606.3836259851232171058654785156250000000000
23456893.9740464352071285247802734375000000000000
68380069.4090704023838043212890625000000000000000
-6321962.0007283790037035942077636718750000000000
-13530663.1473198365420103073120117187500000000000
17705199.9546785727143287658691406250000000000000
14842541.5029749218374490737915039062500000000000
-15211809.4334443844854831695556640625000000000000
-27611544.3492431230843067169189453125000000000000
60025144.1294495165348052978515625000000000000000
-26341321.8612163737416267395019531250000000000000
34868936.7115435451269149780273437500000000000000
-31789536.4264139980077743530273437500000000000000
47491905.9550043195486068725585937500000000000000
-40726757.9140253216028213500976562500000000000000
28033777.4541556052863597869873046875000000000000
-16361525.2326863817870616912841796875000000000000
13013842.2097163703292608261108398437500000000000
40784740.5760408416390419006347656250000000000000
-48635835.6597860082983970642089843750000000000000
-19530289.4493835531175136566162109375000000000000
26707388.9556738585233688354492187500000000000000
42145409.4692962467670440673828125000000000000000
23021840.3063086345791816711425781250000000000000
26600914.3219235762953758239746093750000000000000
40435555.0999638140201568603515625000000000000000
-2921911.3402705988846719264984130859375000000000
-10947985.1723339520394802093505859375000000000000
51810115.1287359148263931274414062500000000000000
-18058785.8034858740866184234619140625000000000000
-24252507.9567805938422679901123046875000000000000
-22356761.1481724418699741363525390625000000000000
-54678658.6104694753885269165039062500000000000000
-13577672.0669380761682987213134765625000000000000
-27506463.9132892079651355743408203125000000000000
3943846.2608672417700290679931640625000000000000
-2291324.9919405649416148662567138671875000000000
-2968685.7646224172785878181457519531250000000000
50255370.4903362616896629333496093750000000000000
-30504410.4026429317891597747802734375000000000000
-28610437.4098499193787574768066406250000000000000
-39503492.8470269665122032165527343750000000000000
-40260116.7428733482956886291503906250000000000000
47874475.4967794716358184814453125000000000000000
41855349.6503803133964538574218750000000000000000
-34178840.3984032198786735534667968750000000000000
-25294778.8616183288395404815673828125000000000000
16745004.2249082494527101516723632812500000000000
-30996979.4491807185113430023193359375000000000000
45338754.2486556470394134521484375000000000000000
-40348401.7267327904701232910156250000000000000000
11124749.1226131767034530639648437500000000000000
-7670978.6046533081680536270141601562500000000000
23155998.3303818963468074798583984375000000000000
34234205.9496850520372390747070312500000000000000
14791099.9527329336851835250854492187500000000000
-42797675.2060262411832809448242187500000000000000
-41121136.2125379964709281921386718750000000000000
-31590538.0790347307920455932617187500000000000000
23646111.1268022768199443817138671875000000000000
-14213976.5063209198415279388427734375000000000000
25455307.5693687498569488525390625000000000000000
-37582302.0308252424001693725585937500000000000000
72661049.2673739641904830932617187500000000000000
49589824.5132427215576171875000000000000000000000
-8382729.9445450324565172195434570312500000000000
7428294.6088684052228927612304687500000000000000
-14277323.9401268195360898971557617187500000000000
18807873.1710404828190803527832031250000000000000
-18252584.3546728901565074920654296875000000000000
29973951.8929466195404529571533203125000000000000
39660886.7348896041512489318847656250000000000000
-47670582.7963389828801155090332031250000000000000
1098245.2538642014842480421066284179687500000000
56108983.1234149485826492309570312500000000000000
-85668201.4145782738924026489257812500000000000000
61764457.3480504900217056274414062500000000000000
-59479840.5667545124888420104980468750000000000000
-43954038.4928316622972488403320312500000000000000
23000741.6562986075878143310546875000000000000000
-101892136.4536525011062622070312500000000000000000
-33088585.7606010064482688903808593750000000000000
105012542.2882798910140991210937500000000000000000
-50476944.4995898529887199401855468750000000000000
15032925.8411339800804853439331054687500000000000
41908444.1921218559145927429199218750000000000000
79870670.6899269223213195800781250000000000000000
23065909.9590334072709083557128906250000000000000
28972806.0286137871444225311279296875000000000000
47272903.9690766707062721252441406250000000000000
-8071078.1736666066572070121765136718750000000000
25410057.1364646144211292266845703125000000000000
22618533.6885172277688980102539062500000000000000
10586939.0541301444172859191894531250000000000000
-16164569.8573645912110805511474609375000000000000
-28473985.2971218340098857879638671875000000000000
-26075512.5846970938146114349365234375000000000000
16409328.3416225668042898178100585937500000000000
-41134490.6431037038564682006835937500000000000000
-10274593.8520438428968191146850585937500000000000
26647701.9330592751502990722656250000000000000000
-47715614.5348751023411750793457031250000000000000
-9006456.5700136087834835052490234375000000000000
-72011130.4962607175111770629882812500000000000000
51891941.2241393178701400756835937500000000000000
36134856.9860640838742256164550781250000000000000
-59210551.6775507330894470214843750000000000000000
28808142.5725039094686508178710937500000000000000
-54820614.3112519681453704833984375000000000000000
-65521416.7198969796299934387207031250000000000000
-45701171.0388087928295135498046875000000000000000
-16449998.6474262736737728118896484375000000000000
65986747.2459813877940177917480468750000000000000
33400291.3941871151328086853027343750000000000000
10218104.1608188617974519729614257812500000000000
-7176795.4667318621650338172912597656250000000000
-10429877.3092844448983669281005859375000000000000
-3968374.8202445725910365581512451171875000000000
38143532.9775663912296295166015625000000000000000
44120831.5774487555027008056640625000000000000000
-69170334.6067062765359878540039062500000000000000
-38114033.2919937893748283386230468750000000000000
23352497.9921413697302341461181640625000000000000
21686670.6054174192249774932861328125000000000000
19488254.3341429233551025390625000000000000000000
-88867661.6469084918498992919921875000000000000000
57963558.1444401741027832031250000000000000000000
-34043149.4371613115072250366210937500000000000000
-35627471.9919020906090736389160156250000000000000
14494581.2250506877899169921875000000000000000000
9517574.0608883947134017944335937500000000000000
56489285.1397252976894378662109375000000000000000
-83266054.9213842153549194335937500000000000000000
15182364.8589603360742330551147460937500000000000
99001424.7501426786184310913085937500000000000000
1058997.6757123647257685661315917968750000000000
25544747.4236060865223407745361328125000000000000
51447665.8656526952981948852539062500000000000000
396255.7330581950955092906951904296875000000000
21564873.8640621118247509002685546875000000000000
1109003.0705451990943402051925659179687500000000
-25127349.7456612177193164825439453125000000000000
31414392.8346950262784957885742187500000000000000
-54933347.9866467863321304321289062500000000000000
15268122.8824118562042713165283203125000000000000
-19664123.7787682786583900451660156250000000000000
19936780.7425843439996242523193359375000000000000
-51181070.0262210369110107421875000000000000000000
-42077200.9868401810526847839355468750000000000000
-38826081.0590775310993194580078125000000000000000
55123367.7231452614068984985351562500000000000000
16088752.9341368749737739562988281250000000000000
48814576.8265331313014030456542968750000000000000
-35661413.7810380682349205017089843750000000000000
21814926.0266228280961513519287109375000000000000
-25779581.2355718463659286499023437500000000000000
46905758.7098982557654380798339843750000000000000
-13617127.0412153489887714385986328125000000000000
48667375.1419131606817245483398437500000000000000
-38794044.0823286175727844238281250000000000000000
-40074238.7207030653953552246093750000000000000000
37523963.3268377408385276794433593750000000000000
-18125319.7815763615071773529052734375000000000000
-8001757.0610721502453088760375976562500000000000
4978199.8583044856786727905273437500000000000000
43339813.6216541007161140441894531250000000000000
26419680.6356870457530021667480468750000000000000
-35873130.0812513232231140136718750000000000000000
-8062459.4889708133414387702941894531250000000000
-19445881.3718872331082820892333984375000000000000
5332067.3624757081270217895507812500000000000000
-4792889.4737977217882871627807617187500000000000
21523995.4573537521064281463623046875000000000000
9055076.4784921780228614807128906250000000000000
3795135.2282960410229861736297607421875000000000
-19878824.6761728860437870025634765625000000000000
-16474885.4895027987658977508544921875000000000000
-47227944.3211019188165664672851562500000000000000
35836321.3987401202321052551269531250000000000000
-36741511.3773514702916145324707031250000000000000
-7936331.7554324166849255561828613281250000000000
2066950.9278597489465028047561645507812500000000
57336712.7590414136648178100585937500000000000000
-47231726.9430247545242309570312500000000000000000
7984212.6201353138312697410583496093750000000000
-53961339.0409957617521286010742187500000000000000
-50936975.9302392452955245971679687500000000000000
-35389284.4254972264170646667480468750000000000000
24875079.7746675983071327209472656250000000000000
-52253056.7876915857195854187011718750000000000000
63032597.8616121858358383178710937500000000000000
9494035.8644005805253982543945312500000000000000
-12618807.8709373753517866134643554687500000000000
74193594.5922031998634338378906250000000000000000
48245105.5088305026292800903320312500000000000000
32136636.2595328167080879211425781250000000000000
-25142157.8932574801146984100341796875000000000000
-28991849.6643968038260936737060546875000000000000
64633495.2846021652221679687500000000000000000000
8280908.5376398358494043350219726562500000000000
-8618667.8719905186444520950317382812500000000000
-32751411.9777504988014698028564453125000000000000
-18484752.6970279142260551452636718750000000000000
-57445621.8091879710555076599121093750000000000000
-18591732.1103115044534206390380859375000000000000
32678205.0886324569582939147949218750000000000000
54914936.3699292466044425964355468750000000000000
66139962.6185885816812515258789062500000000000000
33257580.6261630021035671234130859375000000000000
-12420999.0356550086289644241333007812500000000000
-43162956.7213258743286132812500000000000000000000
-101862725.6281738579273223876953125000000000000000
33720944.8019679412245750427246093750000000000000
-8134823.2129760589450597763061523437500000000000
-14557306.9080901369452476501464843750000000000000
-2126342.9526722291484475135803222656250000000000
49485104.0348907858133316040039062500000000000000
38483742.2955736666917800903320312500000000000000
2915328.2964158197864890098571777343750000000000
12673532.5761428102850914001464843750000000000000
2017423.1587483391631394624710083007812500000000
-23117659.0341285318136215209960937500000000000000
42790922.3050068840384483337402343750000000000000
-39347416.2483136653900146484375000000000000000000
-28529722.3606043420732021331787109375000000000000
-23582051.4076573476195335388183593750000000000000
20116085.5242573134601116180419921875000000000000
-8380466.4008637135848402976989746093750000000000
606997.1943050787085667252540588378906250000000
-31421944.9028363712131977081298828125000000000000
8674125.5884369947016239166259765625000000000000
-33631556.6503409296274185180664062500000000000000
-311998.2971876492374576628208160400390625000000
-9007416.7760092951357364654541015625000000000000
-36768041.0062458515167236328125000000000000000000
38425819.4615173786878585815429687500000000000000
66421384.7622443288564682006835937500000000000000
42779866.8755655810236930847167968750000000000000
-22296330.1890654340386390686035156250000000000000
-4177025.3010487221181392669677734375000000000000
2583827.0356302028521895408630371093750000000000
-37167198.1839833259582519531250000000000000000000
9230007.0765026360750198364257812500000000000000
12242069.1177355907857418060302734375000000000000
-20700837.9262195751070976257324218750000000000000
10588611.0227859225124120712280273437500000000000
-10241875.2087181359529495239257812500000000000000
225391.0790340148378163576126098632812500000000
11815575.9402551576495170593261718750000000000000
-37725155.3079412281513214111328125000000000000000
32313313.7261010147631168365478515625000000000000
12811294.2686449810862541198730468750000000000000
21489652.4028976894915103912353515625000000000000
12466360.3430235441774129867553710937500000000000
-55684094.0698914378881454467773437500000000000000
-12991317.0155172366648912429809570312500000000000
16301661.4733604267239570617675781250000000000000
7877115.1476322654634714126586914062500000000000
