3.7164403724662462558114839339395985007286
-1045.6298190606714797468157485127449035644531
98968.4739659994811518117785453796386718750000
-4604830.7911894815042614936828613281250000000000
125760201.9365835338830947875976562500000000000000
-2227518759.9101123809814453125000000000000000000000
27219016334.5612144470214843750000000000000000000000
-238760592894.0485839843750000000000000000000000000000
1541483782028.2585449218750000000000000000000000000000
-7422690405588.9619140625000000000000000000000000000000
26702951647746.9882812500000000000000000000000000000000
-70793103634404.6562500000000000000000000000000000000000
132552861656826.7500000000000000000000000000000000000000
-154535946044421.5625000000000000000000000000000000000000
53597248969035.6093750000000000000000000000000000000000
144218465233692.6875000000000000000000000000000000000000
-221206608617316.0937500000000000000000000000000000000000
23268548642484.6250000000000000000000000000000000000000
185115496144932.2812500000000000000000000000000000000000
-43631385556852.8203125000000000000000000000000000000000
-169614329563409.2500000000000000000000000000000000000000
-18672388462216.9921875000000000000000000000000000000000
154261457009676.5937500000000000000000000000000000000000
224028639536137.2500000000000000000000000000000000000000
-260853318202993.6250000000000000000000000000000000000000
-301657004741086.3125000000000000000000000000000000000000
314026582136922.7500000000000000000000000000000000000000
16641547491391.7363281250000000000000000000000000000000
61169690027438.9843750000000000000000000000000000000000
53814343152961.0390625000000000000000000000000000000000
-105333595380703.9062500000000000000000000000000000000000
-78221835434221.8750000000000000000000000000000000000000
-106584603543388.9218750000000000000000000000000000000000
-64207127082650.4218750000000000000000000000000000000000
101649264790355.1093750000000000000000000000000000000000
253673551759478.1562500000000000000000000000000000000000
203978984068814.2500000000000000000000000000000000000000
-207163160527612.5937500000000000000000000000000000000000
-153777352675635.1875000000000000000000000000000000000000
-35584717858941.7734375000000000000000000000000000000000
-10990561684425.6679687500000000000000000000000000000000
-186300192430377.4687500000000000000000000000000000000000
26896424269715.5039062500000000000000000000000000000000
61896372304979.6875000000000000000000000000000000000000
123924309544301.1250000000000000000000000000000000000000
217468398585829.5625000000000000000000000000000000000000
169720793693192.3125000000000000000000000000000000000000
-141967222588924.3125000000000000000000000000000000000000
109918288073179.6250000000000000000000000000000000000000
-201599076480038.0312500000000000000000000000000000000000
-203358023453939.4687500000000000000000000000000000000000
-379785913617201.0625000000000000000000000000000000000000
268659219674287.0937500000000000000000000000000000000000
-97014348703083.0625000000000000000000000000000000000000
99874218170508.6406250000000000000000000000000000000000
321156002910361.8125000000000000000000000000000000000000
-545314838022891.3750000000000000000000000000000000000000
416466465134694.1250000000000000000000000000000000000000
130913264007181.6093750000000000000000000000000000000000
277726282103633.7500000000000000000000000000000000000000
260247814079828.6250000000000000000000000000000000000000
-268397786592685.3750000000000000000000000000000000000000
-96848351350496.9375000000000000000000000000000000000000
-221371922011837.9062500000000000000000000000000000000000
-202412437907644.4062500000000000000000000000000000000000
-66893834784373.0625000000000000000000000000000000000000
33768878824112.7695312500000000000000000000000000000000
-681033347339642.1250000000000000000000000000000000000000
349698616658035.0625000000000000000000000000000000000000
174515112547645.5937500000000000000000000000000000000000
-52814525583110.1953125000000000000000000000000000000000
105173876447696.6250000000000000000000000000000000000000
283720418688333.2500000000000000000000000000000000000000
84539383978191.8437500000000000000000000000000000000000
289311934519823.6250000000000000000000000000000000000000
-137776377876647.0781250000000000000000000000000000000000
388670166458101.1875000000000000000000000000000000000000
-39730725186289.3593750000000000000000000000000000000000
177802902881325.6875000000000000000000000000000000000000
-497333203424472.3750000000000000000000000000000000000000
25730940983286.3632812500000000000000000000000000000000
-244116621367860.6250000000000000000000000000000000000000
-17661562182558.4335937500000000000000000000000000000000
-346375285560367.1250000000000000000000000000000000000000
-156283537673477.6562500000000000000000000000000000000000
-145801626754793.1250000000000000000000000000000000000000
-169582927320363.4687500000000000000000000000000000000000
-36539108857762.9453125000000000000000000000000000000000
95521111008570.5312500000000000000000000000000000000000
328964525857117.6250000000000000000000000000000000000000
71792298598684.4375000000000000000000000000000000000000
-178561848651692.6875000000000000000000000000000000000000
540971413864159.8125000000000000000000000000000000000000
135267677998792.1093750000000000000000000000000000000000
112359791592755.1406250000000000000000000000000000000000
196243007339294.9687500000000000000000000000000000000000
110163180826896.3593750000000000000000000000000000000000
-3297205008276.4033203125000000000000000000000000000000
-101574512864962.0937500000000000000000000000000000000000
434279944040298.6250000000000000000000000000000000000000
-27700647023251.3671875000000000000000000000000000000000
-283172059962479.7500000000000000000000000000000000000000
3845459030826.5947265625000000000000000000000000000000
-340611152899726.7500000000000000000000000000000000000000
-257381287382209.0625000000000000000000000000000000000000
-71897140620091.8750000000000000000000000000000000000000
-499654299643498.2500000000000000000000000000000000000000
-92094912243271.1718750000000000000000000000000000000000
-96109753970082.0625000000000000000000000000000000000000
-92402173683566.2812500000000000000000000000000000000000
-51136236539042.5000000000000000000000000000000000000000
-21531169977068.5039062500000000000000000000000000000000
128922367668692.3437500000000000000000000000000000000000
47170380417456.6250000000000000000000000000000000000000
162792680259435.6250000000000000000000000000000000000000
-103254351245674.2812500000000000000000000000000000000000
244984047572872.4687500000000000000000000000000000000000
198080079629828.5000000000000000000000000000000000000000
204152805892422.1875000000000000000000000000000000000000
102808937141398.5312500000000000000000000000000000000000
132641256120372.8281250000000000000000000000000000000000
364820411300112.8750000000000000000000000000000000000000
166376528569321.3125000000000000000000000000000000000000
183411949430771.6562500000000000000000000000000000000000
162878411078352.3437500000000000000000000000000000000000
-308151748066293.8750000000000000000000000000000000000000
74857218561678.1250000000000000000000000000000000000000
284470010111752.3750000000000000000000000000000000000000
-104475068758725.3906250000000000000000000000000000000000
-500102626900185.5000000000000000000000000000000000000000
56014766428037.7734375000000000000000000000000000000000
-270828904817388.4062500000000000000000000000000000000000
-483242726875696.6250000000000000000000000000000000000000
-22475215610573.3945312500000000000000000000000000000000
230034581602381.0000000000000000000000000000000000000000
-82247884522392.5468750000000000000000000000000000000000
-263231123371203.3125000000000000000000000000000000000000
-409876060631549.1250000000000000000000000000000000000000
162153325599034.1562500000000000000000000000000000000000
-292555643400004.6875000000000000000000000000000000000000
-149315223437329.1250000000000000000000000000000000000000
-84084319628950.1406250000000000000000000000000000000000
-220753169269751.0937500000000000000000000000000000000000
146641621010963.4687500000000000000000000000000000000000
-262614126422480.1250000000000000000000000000000000000000
319792707862803.1250000000000000000000000000000000000000
210575581736338.1250000000000000000000000000000000000000
343207843498061.7500000000000000000000000000000000000000
-69176228632344.3125000000000000000000000000000000000000
444838108789355.1250000000000000000000000000000000000000
31464483787722.9257812500000000000000000000000000000000
350468987732193.1875000000000000000000000000000000000000
154495060156801.5312500000000000000000000000000000000000
138425499803796.9531250000000000000000000000000000000000
-8728795117282.3535156250000000000000000000000000000000
603409862613577.8750000000000000000000000000000000000000
164877724795611.2187500000000000000000000000000000000000
-474782253141615.3750000000000000000000000000000000000000
325071017547010.1250000000000000000000000000000000000000
-232605433983574.8125000000000000000000000000000000000000
-179724001747104.7812500000000000000000000000000000000000
170297686237604.0000000000000000000000000000000000000000
178699958779869.9687500000000000000000000000000000000000
-246247982272205.1875000000000000000000000000000000000000
6534524543890.7529296875000000000000000000000000000000
-107672131807382.5468750000000000000000000000000000000000
-8714443157131.2724609375000000000000000000000000000000
-322944453035412.1250000000000000000000000000000000000000
-295953666229720.5625000000000000000000000000000000000000
229700378706450.0625000000000000000000000000000000000000
-52181317005493.0859375000000000000000000000000000000000
-386706407714041.0625000000000000000000000000000000000000
230111331861812.3125000000000000000000000000000000000000
-456301367421480.3125000000000000000000000000000000000000
-120486168513806.1718750000000000000000000000000000000000
247795554452131.6562500000000000000000000000000000000000
-440577032062968.6875000000000000000000000000000000000000
-723576782187530.6250000000000000000000000000000000000000
-119609467196636.0937500000000000000000000000000000000000
62299426592324.6484375000000000000000000000000000000000
203734629251256.7500000000000000000000000000000000000000
-116556062433288.5781250000000000000000000000000000000000
-436791626198021.4375000000000000000000000000000000000000
557811275948759.1875000000000000000000000000000000000000
-123306777035470.6562500000000000000000000000000000000000
-226733776193620.4375000000000000000000000000000000000000
447662129325072.5000000000000000000000000000000000000000
205783474817880.5000000000000000000000000000000000000000
370051060457686.9375000000000000000000000000000000000000
424177268436350.1875000000000000000000000000000000000000
329870391875048.1250000000000000000000000000000000000000
3553543830074.7436523437500000000000000000000000000000
-326268980217292.6875000000000000000000000000000000000000
329340469524345.5625000000000000000000000000000000000000
122738050942086.8125000000000000000000000000000000000000
461881769964486.6250000000000000000000000000000000000000
316872879648923.2500000000000000000000000000000000000000
320922897585064.5625000000000000000000000000000000000000
-275855474727794.0625000000000000000000000000000000000000
-54636514052384.7656250000000000000000000000000000000000
-98736148879752.2656250000000000000000000000000000000000
410238932085710.1250000000000000000000000000000000000000
-144223227774665.4375000000000000000000000000000000000000
-254034182685704.3125000000000000000000000000000000000000
228067338773274.7812500000000000000000000000000000000000
367198897452991.6250000000000000000000000000000000000000
-438853964155092.0625000000000000000000000000000000000000
45722171304419.8984375000000000000000000000000000000000
-266006023524649.6250000000000000000000000000000000000000
-67405332665724.9453125000000000000000000000000000000000
-362646790717026.8125000000000000000000000000000000000000
-231402203502146.5937500000000000000000000000000000000000
181257315709138.5937500000000000000000000000000000000000
-268113428780624.0937500000000000000000000000000000000000
-194360867772047.7812500000000000000000000000000000000000
-344003167625071.7500000000000000000000000000000000000000
-291943613862267.8750000000000000000000000000000000000000
-66178793643932.4375000000000000000000000000000000000000
338982281951404.9375000000000000000000000000000000000000
-52389061683227.9062500000000000000000000000000000000000
287704339526092.1875000000000000000000000000000000000000
-449390057248660.3125000000000000000000000000000000000000
-526019772260796.3750000000000000000000000000000000000000
78890583204384.6562500000000000000000000000000000000000
97421490310904.5937500000000000000000000000000000000000
-73964683890633.8125000000000000000000000000000000000000
183272790749785.8437500000000000000000000000000000000000
1646579628420.2551269531250000000000000000000000000000
-406204476596724.1875000000000000000000000000000000000000
-330644314490963.9375000000000000000000000000000000000000
-239164676547817.4375000000000000000000000000000000000000
-339781125203229.8125000000000000000000000000000000000000
646944875456306.7500000000000000000000000000000000000000
150414065142062.4687500000000000000000000000000000000000
388743048362605.0625000000000000000000000000000000000000
-208755403752360.0625000000000000000000000000000000000000
276735045870782.0312500000000000000000000000000000000000
536470611324876.8750000000000000000000000000000000000000
186244702476547.5937500000000000000000000000000000000000
134776095911782.2500000000000000000000000000000000000000
157498207820426.4375000000000000000000000000000000000000
-10677938185625.3281250000000000000000000000000000000000
274354375775749.0000000000000000000000000000000000000000
-58001477762269.7031250000000000000000000000000000000000
74578387448868.6406250000000000000000000000000000000000
-152307064650939.3125000000000000000000000000000000000000
402714105013015.5000000000000000000000000000000000000000
85916975599792.7187500000000000000000000000000000000000
23536321876982.1523437500000000000000000000000000000000
-75344137103404.8437500000000000000000000000000000000000
409182112831243.9375000000000000000000000000000000000000
-451636873551711.7500000000000000000000000000000000000000
90991782524835.3125000000000000000000000000000000000000
98217072784954.0625000000000000000000000000000000000000
544984352829400.2500000000000000000000000000000000000000
23836413560065.3750000000000000000000000000000000000000
160944655013885.2812500000000000000000000000000000000000
418436437977856.9375000000000000000000000000000000000000
-26738869198852.2500000000000000000000000000000000000000
-326902104099409.6250000000000000000000000000000000000000
-328629191626496.8125000000000000000000000000000000000000
-487054626727508.9375000000000000000000000000000000000000
-147197007276522.8125000000000000000000000000000000000000
-230515453891739.2500000000000000000000000000000000000000
-668464337762613.0000000000000000000000000000000000000000
405573716159911.1250000000000000000000000000000000000000
-293163242741214.6250000000000000000000000000000000000000
-189415211661147.2500000000000000000000000000000000000000
362336906701357.2500000000000000000000000000000000000000
-2386155165883.4985351562500000000000000000000000000000
209916853368247.7500000000000000000000000000000000000000
-231240645846651.8750000000000000000000000000000000000000
-229243252116693.0937500000000000000000000000000000000000
-152956402749863.1562500000000000000000000000000000000000
-206238356759493.4687500000000000000000000000000000000000
-308562833694211.3750000000000000000000000000000000000000
-149617539914911.1875000000000000000000000000000000000000
318373211453773.9375000000000000000000000000000000000000
-286675533998779.7500000000000000000000000000000000000000
516542203943238.8750000000000000000000000000000000000000
140379905958844.2812500000000000000000000000000000000000
-282170575018378.3750000000000000000000000000000000000000
-152141979344979.2812500000000000000000000000000000000000
-67628320945497.1171875000000000000000000000000000000000
247496127161004.4375000000000000000000000000000000000000
-478305222917360.0625000000000000000000000000000000000000
172159143268490.5625000000000000000000000000000000000000
-11205503069482.7988281250000000000000000000000000000000
-508250630539771.8750000000000000000000000000000000000000
-308133862953930.2500000000000000000000000000000000000000
817019188530168.0000000000000000000000000000000000000000
57244206028443.7890625000000000000000000000000000000000
-301921772797498.6250000000000000000000000000000000000000
32034589184410.5000000000000000000000000000000000000000
145756270159694.2812500000000000000000000000000000000000
372555602827945.8750000000000000000000000000000000000000
150623382097041.8750000000000000000000000000000000000000
-35588631257169.5781250000000000000000000000000000000000
-46045290625730.6875000000000000000000000000000000000000
-9152563347237.7558593750000000000000000000000000000000
180603352373118.5937500000000000000000000000000000000000
-156434827731552.9687500000000000000000000000000000000000
-160551691512075.3750000000000000000000000000000000000000
202434554184011.8125000000000000000000000000000000000000
671578388941504.6250000000000000000000000000000000000000
154080799194790.8750000000000000000000000000000000000000
129965495335878.8281250000000000000000000000000000000000
141102681700677.3750000000000000000000000000000000000000
35754316560272.6093750000000000000000000000000000000000
106511280407875.5468750000000000000000000000000000000000
-167329511470235.1250000000000000000000000000000000000000
-270593680842193.0937500000000000000000000000000000000000
710646478942711.1250000000000000000000000000000000000000
-247001018996611.8437500000000000000000000000000000000000
-441397822809620.6875000000000000000000000000000000000000
235101741713411.7187500000000000000000000000000000000000
-170800136798904.1562500000000000000000000000000000000000
405930218061108.7500000000000000000000000000000000000000
349351851675572.8125000000000000000000000000000000000000
330012914265565.0625000000000000000000000000000000000000
-37505429539527.4921875000000000000000000000000000000000
-524276924568213.4375000000000000000000000000000000000000
-30406876702119.3046875000000000000000000000000000000000
126075936082115.3906250000000000000000000000000000000000
-99233266564603.1718750000000000000000000000000000000000
178879398134876.9375000000000000000000000000000000000000
-88689713139516.6875000000000000000000000000000000000000
-442610741477592.8125000000000000000000000000000000000000
63954334181708.4531250000000000000000000000000000000000
385992105258907.2500000000000000000000000000000000000000
-386555731175958.7500000000000000000000000000000000000000
47915108600183.7578125000000000000000000000000000000000
5099572660344.6328125000000000000000000000000000000000
-214648701364222.0625000000000000000000000000000000000000
-247209605242023.7500000000000000000000000000000000000000
84048898541202.5937500000000000000000000000000000000000
-161517071777032.6562500000000000000000000000000000000000
-249786653477268.5625000000000000000000000000000000000000
53487827046686.5312500000000000000000000000000000000000
-107408118058839.5937500000000000000000000000000000000000
-174067005013611.7500000000000000000000000000000000000000
-235708371307893.0625000000000000000000000000000000000000
-44561451223734.8593750000000000000000000000000000000000
12994195730122.5664062500000000000000000000000000000000
-435527690959258.3750000000000000000000000000000000000000
-421850824051700.6250000000000000000000000000000000000000
271215835568393.3437500000000000000000000000000000000000
547506389885805.6875000000000000000000000000000000000000
656193877966206.1250000000000000000000000000000000000000
-83299268008853.5312500000000000000000000000000000000000
143832698559041.2812500000000000000000000000000000000000
-787771967093392.1250000000000000000000000000000000000000
279231332799183.1250000000000000000000000000000000000000
-474227763076427.2500000000000000000000000000000000000000
-80882298179281.4375000000000000000000000000000000000000
31330734168403.4023437500000000000000000000000000000000
-210367179741718.5625000000000000000000000000000000000000
-550299409607634.3750000000000000000000000000000000000000
672794123985787.0000000000000000000000000000000000000000
198358996388051.7500000000000000000000000000000000000000
273937711295142.9687500000000000000000000000000000000000
123048827972226.8125000000000000000000000000000000000000
-417403733971864.3750000000000000000000000000000000000000
-153393966036269.0000000000000000000000000000000000000000
-236134887452561.0937500000000000000000000000000000000000
255302214616702.1250000000000000000000000000000000000000
43887753793342.6875000000000000000000000000000000000000
-351944016091359.2500000000000000000000000000000000000000
180331618880199.5000000000000000000000000000000000000000
656246001020918.0000000000000000000000000000000000000000
-38183220579968.4687500000000000000000000000000000000000
-472831836768764.0625000000000000000000000000000000000000
-206565618292930.2812500000000000000000000000000000000000
189017240352954.3437500000000000000000000000000000000000
174026923935607.4375000000000000000000000000000000000000
326132874670600.5625000000000000000000000000000000000000
171891032556521.5937500000000000000000000000000000000000
262762418691236.2500000000000000000000000000000000000000
164791070409392.2187500000000000000000000000000000000000
164423347180673.5312500000000000000000000000000000000000
618803042591198.3750000000000000000000000000000000000000
-291280521633257.7500000000000000000000000000000000000000
-207869117733670.6250000000000000000000000000000000000000
51990654721447.0468750000000000000000000000000000000000
436342482443865.0000000000000000000000000000000000000000
148054295515432.3750000000000000000000000000000000000000
38729922963199.2578125000000000000000000000000000000000
95116388698398.3281250000000000000000000000000000000000
-152207571766365.4375000000000000000000000000000000000000
463282408390619.5000000000000000000000000000000000000000
-163640756215544.3437500000000000000000000000000000000000
-203440852002179.5937500000000000000000000000000000000000
-301765352312789.0000000000000000000000000000000000000000
136921609781802.2656250000000000000000000000000000000000
65733098327150.7890625000000000000000000000000000000000
63411941947457.3359375000000000000000000000000000000000
-378533230894567.1250000000000000000000000000000000000000
379002090790289.1875000000000000000000000000000000000000
-224073171528176.5312500000000000000000000000000000000000
-270523426397483.4687500000000000000000000000000000000000
329344471242325.3125000000000000000000000000000000000000
328600516222751.3125000000000000000000000000000000000000
-2792969288170.2260742187500000000000000000000000000000
74772065201903.9531250000000000000000000000000000000000
-303053069929594.1250000000000000000000000000000000000000
-173997977657523.6562500000000000000000000000000000000000
331644456085097.0625000000000000000000000000000000000000
-289927312377670.9375000000000000000000000000000000000000
-129259264634135.9531250000000000000000000000000000000000
-131803239881727.6093750000000000000000000000000000000000
-449869649336693.3750000000000000000000000000000000000000
-75906296418755.9843750000000000000000000000000000000000
203701513684891.9687500000000000000000000000000000000000
-202247852745313.3437500000000000000000000000000000000000
660207341846597.5000000000000000000000000000000000000000
364408197209832.3750000000000000000000000000000000000000
-811763415035939.0000000000000000000000000000000000000000
-507751628729255.8750000000000000000000000000000000000000
600031810457179.2500000000000000000000000000000000000000
-973697543765008.8750000000000000000000000000000000000000
-733121801122761.8750000000000000000000000000000000000000
150692798534610.3750000000000000000000000000000000000000
-295492710241061.3125000000000000000000000000000000000000
21557402720270.2070312500000000000000000000000000000000
75777526108402.0625000000000000000000000000000000000000
-446953362459267.2500000000000000000000000000000000000000
355834012545062.0625000000000000000000000000000000000000
-363911867089645.4375000000000000000000000000000000000000
33880835676773.6601562500000000000000000000000000000000
193506522581187.3437500000000000000000000000000000000000
-317528621288978.7500000000000000000000000000000000000000
151877446993673.0312500000000000000000000000000000000000
-283977654758169.8125000000000000000000000000000000000000
338440900222697.5000000000000000000000000000000000000000
607885627434603.6250000000000000000000000000000000000000
-617073753934441.7500000000000000000000000000000000000000
931191840411686.2500000000000000000000000000000000000000
-275391984433413.8437500000000000000000000000000000000000
612294432553500.2500000000000000000000000000000000000000
210480989723391.5937500000000000000000000000000000000000
277587626557644.9062500000000000000000000000000000000000
-299505117473063.1250000000000000000000000000000000000000
277674853251548.0000000000000000000000000000000000000000
-113970897738062.7812500000000000000000000000000000000000
-141431469306727.7500000000000000000000000000000000000000
-123501664690054.2187500000000000000000000000000000000000
-335439898287781.6875000000000000000000000000000000000000
-565423298404894.3750000000000000000000000000000000000000
-32894802412213.6289062500000000000000000000000000000000
-13783529785534.5507812500000000000000000000000000000000
122742286205520.5000000000000000000000000000000000000000
702107007954652.6250000000000000000000000000000000000000
451009947350873.4375000000000000000000000000000000000000
670381842691364.5000000000000000000000000000000000000000
-55613191990289.8984375000000000000000000000000000000000
-247091051540559.2812500000000000000000000000000000000000
-487201637339137.4375000000000000000000000000000000000000
334998703459863.1250000000000000000000000000000000000000
717556422095088.2500000000000000000000000000000000000000
-153700230489411.7187500000000000000000000000000000000000
-1682683527997.2778320312500000000000000000000000000000
-135328894297262.4531250000000000000000000000000000000000
334465407067906.9375000000000000000000000000000000000000
94942399621029.9062500000000000000000000000000000000000
230259125520197.7187500000000000000000000000000000000000
-585555970333516.7500000000000000000000000000000000000000
732475235627450.8750000000000000000000000000000000000000
97299949150701.9218750000000000000000000000000000000000
349656529983277.0625000000000000000000000000000000000000
-307298114704966.7500000000000000000000000000000000000000
-92008993328767.9062500000000000000000000000000000000000
-464821559424449.5625000000000000000000000000000000000000
-170950555166546.4062500000000000000000000000000000000000
-18894674787593.9570312500000000000000000000000000000000
217426562582229.6875000000000000000000000000000000000000
444487356398230.7500000000000000000000000000000000000000
-311720362573796.8750000000000000000000000000000000000000
352032965177099.3750000000000000000000000000000000000000
406457390983425.5625000000000000000000000000000000000000
-645464650752276.8750000000000000000000000000000000000000
-389646810659283.6875000000000000000000000000000000000000
-26298104663958.5820312500000000000000000000000000000000
-252644004549324.6562500000000000000000000000000000000000
400319768132256.0625000000000000000000000000000000000000
-789175716053137.6250000000000000000000000000000000000000
-461424481590164.8125000000000000000000000000000000000000
-212213211087136.0000000000000000000000000000000000000000
123301007534361.5312500000000000000000000000000000000000
-177706554598789.5312500000000000000000000000000000000000
-5341781102941.4218750000000000000000000000000000000000
-503102464218190.4375000000000000000000000000000000000000
-140397909871643.5156250000000000000000000000000000000000
177136641031366.9375000000000000000000000000000000000000
366013725225513.5000000000000000000000000000000000000000
355016110397142.4375000000000000000000000000000000000000
-623912426068370.1250000000000000000000000000000000000000
-46641578673088.8984375000000000000000000000000000000000
135574187555952.4375000000000000000000000000000000000000
62177987808246.3203125000000000000000000000000000000000
114465635696342.9062500000000000000000000000000000000000
-387866543830558.5625000000000000000000000000000000000000
139272028404688.6406250000000000000000000000000000000000
-20794958308590.7109375000000000000000000000000000000000
148675865262383.1250000000000000000000000000000000000000
-73879348930712.9843750000000000000000000000000000000000
194160602919985.9687500000000000000000000000000000000000
-472940008118000.7500000000000000000000000000000000000000
-275732440946279.2500000000000000000000000000000000000000
95150111188036.1718750000000000000000000000000000000000
-8662395089770.2402343750000000000000000000000000000000
47451564300504.7031250000000000000000000000000000000000
25579967894703.5820312500000000000000000000000000000000
-301276132544445.8125000000000000000000000000000000000000
346218635403958.1875000000000000000000000000000000000000
-137871538843293.6562500000000000000000000000000000000000
431243530471482.6250000000000000000000000000000000000000
440896040076355.5625000000000000000000000000000000000000
207518703981431.8437500000000000000000000000000000000000
31801400601859.4843750000000000000000000000000000000000
147737723113725.8437500000000000000000000000000000000000
95122848708401.1718750000000000000000000000000000000000
61311672165051.1250000000000000000000000000000000000000
249582174613728.6250000000000000000000000000000000000000
162781413392373.2812500000000000000000000000000000000000
-166531600175852.7187500000000000000000000000000000000000
-674266286710584.7500000000000000000000000000000000000000
-46095784305522.4375000000000000000000000000000000000000
-204301773476081.9375000000000000000000000000000000000000
129124423865359.6718750000000000000000000000000000000000
400085509542385.5625000000000000000000000000000000000000
409809442651128.6250000000000000000000000000000000000000
157318025266790.0937500000000000000000000000000000000000
321499948185784.1875000000000000000000000000000000000000
-66877429950249.6796875000000000000000000000000000000000
-326283425426740.3125000000000000000000000000000000000000
378592134738753.3750000000000000000000000000000000000000
130156955405312.1875000000000000000000000000000000000000
-328094635673646.1875000000000000000000000000000000000000
262303355795301.5000000000000000000000000000000000000000
-108255641227062.7343750000000000000000000000000000000000
-86425012749071.0468750000000000000000000000000000000000
492722102450049.0000000000000000000000000000000000000000
21926072065354.5078125000000000000000000000000000000000
459867981623418.5000000000000000000000000000000000000000
-696180572847628.1250000000000000000000000000000000000000
-44908004815250.4296875000000000000000000000000000000000
42824345458033.6562500000000000000000000000000000000000
272492937161297.7812500000000000000000000000000000000000
-671722903326706.1250000000000000000000000000000000000000
-538149626255852.3750000000000000000000000000000000000000
-205399488516430.2500000000000000000000000000000000000000
-88356860066028.0781250000000000000000000000000000000000
269596434143534.8750000000000000000000000000000000000000
-45806661897630.2500000000000000000000000000000000000000
409414191458648.2500000000000000000000000000000000000000
-242822188206461.1250000000000000000000000000000000000000
134347606689021.8906250000000000000000000000000000000000
-289375761519318.4375000000000000000000000000000000000000
365730134506124.1875000000000000000000000000000000000000
-252255331873164.5937500000000000000000000000000000000000
-464706128619545.5000000000000000000000000000000000000000
-429468698536133.6875000000000000000000000000000000000000
492599969364492.7500000000000000000000000000000000000000
93516179364874.7343750000000000000000000000000000000000
-727423204777832.6250000000000000000000000000000000000000
-202073657491517.1250000000000000000000000000000000000000
269615142036884.6562500000000000000000000000000000000000
-441893599101817.5625000000000000000000000000000000000000
730563650821960.5000000000000000000000000000000000000000
-293530277060133.3125000000000000000000000000000000000000
-108572045973422.6718750000000000000000000000000000000000
50084852385850.6406250000000000000000000000000000000000
318453459889480.5000000000000000000000000000000000000000
700647997384153.1250000000000000000000000000000000000000
-132975917135102.4687500000000000000000000000000000000000
-218167069880385.5312500000000000000000000000000000000000
-171313841753574.0625000000000000000000000000000000000000
-490026931037676.1875000000000000000000000000000000000000
49087666592344.2343750000000000000000000000000000000000
-73642419125170.7656250000000000000000000000000000000000
325057977930671.1875000000000000000000000000000000000000
147880598593907.6562500000000000000000000000000000000000
227654736511652.0312500000000000000000000000000000000000
-46165102238276.4453125000000000000000000000000000000000
-85892240521674.3906250000000000000000000000000000000000
-156671428856135.9062500000000000000000000000000000000000
-15074350283074.4785156250000000000000000000000000000000
270695440256608.0937500000000000000000000000000000000000
-96532934421540.4375000000000000000000000000000000000000
950477430879749.5000000000000000000000000000000000000000
-60549305156150.6875000000000000000000000000000000000000
-106050944229315.9375000000000000000000000000000000000000
371625908478709.1250000000000000000000000000000000000000
839021489332541.3750000000000000000000000000000000000000
-537573282051164.0000000000000000000000000000000000000000
-502387919513113.4375000000000000000000000000000000000000
13884925144350.2148437500000000000000000000000000000000
-38016268216777.2812500000000000000000000000000000000000
396936666682226.1250000000000000000000000000000000000000
44469055507419.1328125000000000000000000000000000000000
-522494465380985.1250000000000000000000000000000000000000
111952550724445.3750000000000000000000000000000000000000
-544901875339846.4375000000000000000000000000000000000000
164524031654257.2187500000000000000000000000000000000000
-691013040287270.6250000000000000000000000000000000000000
-13910585640222.5566406250000000000000000000000000000000
846377955906402.5000000000000000000000000000000000000000
33113088173673.4218750000000000000000000000000000000000
-402141693243246.4375000000000000000000000000000000000000
172283091606216.0000000000000000000000000000000000000000
-874608138462312.2500000000000000000000000000000000000000
-40301081077725.6484375000000000000000000000000000000000
-207043010517413.3750000000000000000000000000000000000000
244080159114191.9375000000000000000000000000000000000000
278778292261757.5312500000000000000000000000000000000000
-174494216955532.4687500000000000000000000000000000000000
200391088308588.5000000000000000000000000000000000000000
-147621257600864.1875000000000000000000000000000000000000
605902585918824.2500000000000000000000000000000000000000
274640734918629.5000000000000000000000000000000000000000
227324473609795.3750000000000000000000000000000000000000
-635122522022609.5000000000000000000000000000000000000000
73301636380221.4375000000000000000000000000000000000000
-432112596974717.9375000000000000000000000000000000000000
555220039970034.5000000000000000000000000000000000000000
11123853388231.7109375000000000000000000000000000000000
-341851831909250.5625000000000000000000000000000000000000
452092827396420.8750000000000000000000000000000000000000
-280964300542883.2500000000000000000000000000000000000000
374829394323928.0625000000000000000000000000000000000000
-357432198901033.4375000000000000000000000000000000000000
