-5.6062012809115202571774716489017009735107
1991.0707294369062765326816588640213012695312
-214579.1889084260619711130857467651367187500000
10646530.8193146251142024993896484375000000000000
-299909398.2706670761108398437500000000000000000000
5381852571.5601062774658203125000000000000000000000
-65878194038.7935256958007812500000000000000000000000
573732175234.4968261718750000000000000000000000000000
-3644717037664.0825195312500000000000000000000000000000
17085655880754.7656250000000000000000000000000000000000
-59031623114327.8359375000000000000000000000000000000000
147873376509025.9062500000000000000000000000000000000000
-258647417666927.5312500000000000000000000000000000000000
296702227329979.3750000000000000000000000000000000000000
-226752590787049.0000000000000000000000000000000000000000
255008452124662.0312500000000000000000000000000000000000
-511046417434702.3750000000000000000000000000000000000000
412884382120750.5000000000000000000000000000000000000000
568779321208917.5000000000000000000000000000000000000000
-1228408276915863.2500000000000000000000000000000000000000
268890389072802.7812500000000000000000000000000000000000
573666061040581.8750000000000000000000000000000000000000
210352141396984.6250000000000000000000000000000000000000
-441938315151555.1875000000000000000000000000000000000000
-199579235602609.1250000000000000000000000000000000000000
-323026457350733.6875000000000000000000000000000000000000
222511002000248.0625000000000000000000000000000000000000
806001109951879.3750000000000000000000000000000000000000
-186213953411156.5625000000000000000000000000000000000000
-260362322151128.6562500000000000000000000000000000000000
391387720596601.3750000000000000000000000000000000000000
-868490290466202.0000000000000000000000000000000000000000
-532099889291624.6250000000000000000000000000000000000000
218532465102115.5312500000000000000000000000000000000000
1024758665977945.8750000000000000000000000000000000000000
63812899659199.5546875000000000000000000000000000000000
1010816572884898.8750000000000000000000000000000000000000
-951525873950452.2500000000000000000000000000000000000000
-239987192960622.7500000000000000000000000000000000000000
-884992324717820.1250000000000000000000000000000000000000
-175246399723575.1875000000000000000000000000000000000000
-41187720546695.0703125000000000000000000000000000000000
47554928087099.3593750000000000000000000000000000000000
551189125970745.8750000000000000000000000000000000000000
877362861934365.0000000000000000000000000000000000000000
654791338815857.6250000000000000000000000000000000000000
427297149947082.4375000000000000000000000000000000000000
-632571053776179.0000000000000000000000000000000000000000
-629775887309498.1250000000000000000000000000000000000000
-938831702509423.6250000000000000000000000000000000000000
-675511742110509.1250000000000000000000000000000000000000
463266715012173.1875000000000000000000000000000000000000
-944888324896472.6250000000000000000000000000000000000000
587883917671085.1250000000000000000000000000000000000000
29937022681642.3203125000000000000000000000000000000000
1773311441286004.2500000000000000000000000000000000000000
-45552617142991.0312500000000000000000000000000000000000
831486362110328.2500000000000000000000000000000000000000
206584698758255.2187500000000000000000000000000000000000
-67021580145775.8906250000000000000000000000000000000000
-584950768647888.2500000000000000000000000000000000000000
-954849309094211.0000000000000000000000000000000000000000
-376230141671116.4375000000000000000000000000000000000000
-18779165475871.2851562500000000000000000000000000000000
-417472232180104.5625000000000000000000000000000000000000
-788975865793747.3750000000000000000000000000000000000000
-200943639592689.6562500000000000000000000000000000000000
-476884317109904.3125000000000000000000000000000000000000
1152796060020691.0000000000000000000000000000000000000000
77093763735993.0312500000000000000000000000000000000000
1442005094171694.7500000000000000000000000000000000000000
1185984385289208.7500000000000000000000000000000000000000
-99559073573707.4062500000000000000000000000000000000000
-103550864288513.3906250000000000000000000000000000000000
-380416694828749.7500000000000000000000000000000000000000
-457613104695329.3750000000000000000000000000000000000000
214682174698433.2187500000000000000000000000000000000000
409521871247156.3750000000000000000000000000000000000000
-344134898786805.9375000000000000000000000000000000000000
-173405849389795.6250000000000000000000000000000000000000
-788790899799226.0000000000000000000000000000000000000000
-357998307939139.5000000000000000000000000000000000000000
-606696584629702.1250000000000000000000000000000000000000
-1132682083074924.7500000000000000000000000000000000000000
-117043731804598.0468750000000000000000000000000000000000
617804669417181.8750000000000000000000000000000000000000
22990725289262.9453125000000000000000000000000000000000
-295503026789481.8125000000000000000000000000000000000000
1371740086331156.0000000000000000000000000000000000000000
1262882940825160.0000000000000000000000000000000000000000
-126891184518697.9531250000000000000000000000000000000000
584193027126455.7500000000000000000000000000000000000000
-373708144285998.8750000000000000000000000000000000000000
361910550875253.6875000000000000000000000000000000000000
80941680148177.9218750000000000000000000000000000000000
197858988934077.4062500000000000000000000000000000000000
53827571830247.6875000000000000000000000000000000000000
-810633353074464.5000000000000000000000000000000000000000
490827409098461.1875000000000000000000000000000000000000
83604329688650.7656250000000000000000000000000000000000
-470323833177777.3125000000000000000000000000000000000000
279680126033009.4375000000000000000000000000000000000000
-274063753989581.8125000000000000000000000000000000000000
-1102524821300647.7500000000000000000000000000000000000000
163079157098685.3437500000000000000000000000000000000000
-837868677867291.8750000000000000000000000000000000000000
-767347971994614.5000000000000000000000000000000000000000
182260396730954.7812500000000000000000000000000000000000
-1359547292344017.5000000000000000000000000000000000000000
771476078657482.8750000000000000000000000000000000000000
-363627158636675.6250000000000000000000000000000000000000
308781710958360.5625000000000000000000000000000000000000
655024946212830.0000000000000000000000000000000000000000
1139111006659023.5000000000000000000000000000000000000000
-387954181974611.1875000000000000000000000000000000000000
1733260032274383.5000000000000000000000000000000000000000
451508863550929.1875000000000000000000000000000000000000
-743221039723258.2500000000000000000000000000000000000000
384091223074158.5625000000000000000000000000000000000000
715207035767652.8750000000000000000000000000000000000000
509593817662807.0000000000000000000000000000000000000000
-574483824740800.0000000000000000000000000000000000000000
348736890957597.1875000000000000000000000000000000000000
147164944415210.5000000000000000000000000000000000000000
-508592075368951.0625000000000000000000000000000000000000
748570673917141.3750000000000000000000000000000000000000
-1730057646252237.7500000000000000000000000000000000000000
150279215580546.5312500000000000000000000000000000000000
-543804011655017.1875000000000000000000000000000000000000
171903431903660.5000000000000000000000000000000000000000
-1191170125136654.7500000000000000000000000000000000000000
379242090274509.5625000000000000000000000000000000000000
-496262803884852.3125000000000000000000000000000000000000
-441707733153867.2500000000000000000000000000000000000000
900732090176077.0000000000000000000000000000000000000000
-1073545103906932.8750000000000000000000000000000000000000
90984163589017.8125000000000000000000000000000000000000
565959849165683.8750000000000000000000000000000000000000
-87008298052402.3437500000000000000000000000000000000000
-940642604241667.3750000000000000000000000000000000000000
-823931287497957.2500000000000000000000000000000000000000
24834418806852.8085937500000000000000000000000000000000
920055776268515.8750000000000000000000000000000000000000
-8806650880133.7167968750000000000000000000000000000000
672190191060067.6250000000000000000000000000000000000000
230757559281195.7500000000000000000000000000000000000000
307519158455887.9375000000000000000000000000000000000000
598311747900738.5000000000000000000000000000000000000000
387047296856619.5625000000000000000000000000000000000000
327963887192970.8125000000000000000000000000000000000000
-9907104623246.0117187500000000000000000000000000000000
448124141034227.4375000000000000000000000000000000000000
-180989219536045.5937500000000000000000000000000000000000
673284338085171.5000000000000000000000000000000000000000
339025673449228.8750000000000000000000000000000000000000
66961709434227.2500000000000000000000000000000000000000
-34882823712736.3828125000000000000000000000000000000000
364828403468797.6875000000000000000000000000000000000000
-500328191069482.5000000000000000000000000000000000000000
-630751610320568.2500000000000000000000000000000000000000
925037531494900.0000000000000000000000000000000000000000
-95235067302152.7656250000000000000000000000000000000000
-415844095344911.8750000000000000000000000000000000000000
-545696104263790.4375000000000000000000000000000000000000
-670609715637075.7500000000000000000000000000000000000000
-101780390090103.7343750000000000000000000000000000000000
-807741515763222.3750000000000000000000000000000000000000
-400179810497912.2500000000000000000000000000000000000000
345472042507998.8125000000000000000000000000000000000000
-66781803127914.1562500000000000000000000000000000000000
-303610931546976.4375000000000000000000000000000000000000
-221583507687212.4062500000000000000000000000000000000000
-926074115925753.5000000000000000000000000000000000000000
-262318245457490.5937500000000000000000000000000000000000
-359949654665723.6875000000000000000000000000000000000000
466397642991158.3125000000000000000000000000000000000000
370300927112016.1250000000000000000000000000000000000000
-693056966356539.2500000000000000000000000000000000000000
35719181420063.3593750000000000000000000000000000000000
648907983136485.8750000000000000000000000000000000000000
318367960593960.9375000000000000000000000000000000000000
-301218577221432.3125000000000000000000000000000000000000
-413629540128691.8750000000000000000000000000000000000000
-203344862407487.9062500000000000000000000000000000000000
1002250232363974.8750000000000000000000000000000000000000
338435146940181.1250000000000000000000000000000000000000
264770791216329.7812500000000000000000000000000000000000
1101340252952082.5000000000000000000000000000000000000000
419574037219420.3750000000000000000000000000000000000000
605852059547274.6250000000000000000000000000000000000000
362697079937743.5000000000000000000000000000000000000000
309073825126098.5000000000000000000000000000000000000000
-334177961486918.6875000000000000000000000000000000000000
236234678476213.1250000000000000000000000000000000000000
379005828149788.5625000000000000000000000000000000000000
-121205641996895.7343750000000000000000000000000000000000
243362327830344.3750000000000000000000000000000000000000
-185794996384809.0937500000000000000000000000000000000000
33695888175205.5859375000000000000000000000000000000000
-707962046484555.1250000000000000000000000000000000000000
439694270997412.0625000000000000000000000000000000000000
393772815710796.1250000000000000000000000000000000000000
-825009191519156.2500000000000000000000000000000000000000
-446613035914149.1250000000000000000000000000000000000000
-719108158594021.1250000000000000000000000000000000000000
-31857056430445.4023437500000000000000000000000000000000
-309929133786472.1250000000000000000000000000000000000000
171738306384268.4375000000000000000000000000000000000000
-1077419303738582.1250000000000000000000000000000000000000
476845102098407.4375000000000000000000000000000000000000
-72210140445186.1718750000000000000000000000000000000000
429086079279737.5000000000000000000000000000000000000000
-252127335595677.8437500000000000000000000000000000000000
226290450429610.3437500000000000000000000000000000000000
-416523891925848.1250000000000000000000000000000000000000
970299282354168.1250000000000000000000000000000000000000
-315084337061887.8750000000000000000000000000000000000000
-1172192768769470.5000000000000000000000000000000000000000
134334779729432.7031250000000000000000000000000000000000
230193496579957.5000000000000000000000000000000000000000
-235436617441667.0937500000000000000000000000000000000000
-846891558247289.5000000000000000000000000000000000000000
-819797498317527.0000000000000000000000000000000000000000
-16664455374438.9531250000000000000000000000000000000000
127956035988928.0625000000000000000000000000000000000000
447360729288105.0625000000000000000000000000000000000000
219809806579995.7187500000000000000000000000000000000000
-94738748718276.0000000000000000000000000000000000000000
-146436691614774.9687500000000000000000000000000000000000
209558512807942.0312500000000000000000000000000000000000
367985669071193.3750000000000000000000000000000000000000
58965256875275.4062500000000000000000000000000000000000
-465948764809673.6875000000000000000000000000000000000000
83450088058825.6875000000000000000000000000000000000000
606059804666204.8750000000000000000000000000000000000000
-360787496576081.6875000000000000000000000000000000000000
888060546857093.1250000000000000000000000000000000000000
449356696435317.0000000000000000000000000000000000000000
256073407713676.4062500000000000000000000000000000000000
-15023341305774.5234375000000000000000000000000000000000
1140226184120920.5000000000000000000000000000000000000000
1062778364686313.7500000000000000000000000000000000000000
-289585850398715.1250000000000000000000000000000000000000
-582937973784457.8750000000000000000000000000000000000000
-582635044187524.2500000000000000000000000000000000000000
231156363098932.0937500000000000000000000000000000000000
735562945318532.2500000000000000000000000000000000000000
51429657193849.3593750000000000000000000000000000000000
356871803088855.0000000000000000000000000000000000000000
-92567315346182.0312500000000000000000000000000000000000
574940247598494.5000000000000000000000000000000000000000
-811239560358901.3750000000000000000000000000000000000000
-265718881434086.0000000000000000000000000000000000000000
-174661628976259.6250000000000000000000000000000000000000
613287592998845.5000000000000000000000000000000000000000
-116179659994872.6093750000000000000000000000000000000000
-855675856582599.8750000000000000000000000000000000000000
-428455559678715.3750000000000000000000000000000000000000
-1261387928369088.5000000000000000000000000000000000000000
-692647318372223.5000000000000000000000000000000000000000
1249269824711377.2500000000000000000000000000000000000000
272604320771606.9062500000000000000000000000000000000000
246895077254453.7187500000000000000000000000000000000000
-562458793438282.3750000000000000000000000000000000000000
-1129353801572877.7500000000000000000000000000000000000000
333759790042473.0000000000000000000000000000000000000000
815067841856240.5000000000000000000000000000000000000000
-674594652581947.3750000000000000000000000000000000000000
785846562886374.1250000000000000000000000000000000000000
430788059027524.5625000000000000000000000000000000000000
127060694240377.6406250000000000000000000000000000000000
-245814442242225.1250000000000000000000000000000000000000
708776551140611.7500000000000000000000000000000000000000
484584617486970.8125000000000000000000000000000000000000
-751263893549598.5000000000000000000000000000000000000000
-284427794278746.5000000000000000000000000000000000000000
-63789774679507.8984375000000000000000000000000000000000
-871474871756151.7500000000000000000000000000000000000000
-594348161803182.6250000000000000000000000000000000000000
-364391322854553.9375000000000000000000000000000000000000
699280016535090.7500000000000000000000000000000000000000
-668537903887364.6250000000000000000000000000000000000000
133531365094461.0468750000000000000000000000000000000000
-393448521370843.5000000000000000000000000000000000000000
-152558523455360.4687500000000000000000000000000000000000
-464767388222605.4375000000000000000000000000000000000000
98030034876104.5937500000000000000000000000000000000000
360999342474818.2500000000000000000000000000000000000000
-81984425511203.0156250000000000000000000000000000000000
169899664164370.0312500000000000000000000000000000000000
-519353297696395.3750000000000000000000000000000000000000
-96541810773491.9687500000000000000000000000000000000000
509412227045108.6875000000000000000000000000000000000000
645007438644086.3750000000000000000000000000000000000000
-411381261848550.1250000000000000000000000000000000000000
591248520377212.7500000000000000000000000000000000000000
36966087504033.4531250000000000000000000000000000000000
-215581264445091.0937500000000000000000000000000000000000
184491186142425.3437500000000000000000000000000000000000
-604419512069154.8750000000000000000000000000000000000000
1264457963669736.0000000000000000000000000000000000000000
653687795322510.8750000000000000000000000000000000000000
485433993999587.8125000000000000000000000000000000000000
-67893157200068.7109375000000000000000000000000000000000
-722138384421027.0000000000000000000000000000000000000000
-982034815954606.0000000000000000000000000000000000000000
1064009692913375.0000000000000000000000000000000000000000
843366773785428.7500000000000000000000000000000000000000
-266002043283398.9687500000000000000000000000000000000000
-53551015440162.2031250000000000000000000000000000000000
311677896477310.9375000000000000000000000000000000000000
-516809333645397.5625000000000000000000000000000000000000
-539575645714312.7500000000000000000000000000000000000000
847897381854194.1250000000000000000000000000000000000000
-137517107338578.9375000000000000000000000000000000000000
354433600936294.4375000000000000000000000000000000000000
423982338485.1059570312500000000000000000000000000000
784341541717712.7500000000000000000000000000000000000000
385808618452354.3750000000000000000000000000000000000000
-673171099983387.8750000000000000000000000000000000000000
48322538630322.7500000000000000000000000000000000000000
-205211000140264.1250000000000000000000000000000000000000
224371962198852.1562500000000000000000000000000000000000
621646555707746.3750000000000000000000000000000000000000
-1034879062150673.6250000000000000000000000000000000000000
46014365857549.9609375000000000000000000000000000000000
32344344959563.0742187500000000000000000000000000000000
-537854160756658.9375000000000000000000000000000000000000
85033499209636.9687500000000000000000000000000000000000
788178583044008.8750000000000000000000000000000000000000
-234657676227018.5937500000000000000000000000000000000000
163066279054516.5625000000000000000000000000000000000000
546182167503329.1875000000000000000000000000000000000000
-311054681338127.0625000000000000000000000000000000000000
457328963971670.1875000000000000000000000000000000000000
-67656564896862.6718750000000000000000000000000000000000
-675188402019391.8750000000000000000000000000000000000000
-383180886757324.5000000000000000000000000000000000000000
-514523028351437.6875000000000000000000000000000000000000
-278840294797989.3125000000000000000000000000000000000000
486246480418252.1250000000000000000000000000000000000000
-684606798418359.1250000000000000000000000000000000000000
732197384958109.7500000000000000000000000000000000000000
-487190536067993.9375000000000000000000000000000000000000
-1623596682064273.5000000000000000000000000000000000000000
463417552572424.2500000000000000000000000000000000000000
-572515316510410.5000000000000000000000000000000000000000
-358974836458278.7500000000000000000000000000000000000000
1379990713096699.7500000000000000000000000000000000000000
-899041585503685.8750000000000000000000000000000000000000
-626125300736509.7500000000000000000000000000000000000000
-329693996750659.7500000000000000000000000000000000000000
890254925389292.1250000000000000000000000000000000000000
370323696077425.6250000000000000000000000000000000000000
-863054005429811.6250000000000000000000000000000000000000
132691737858182.7343750000000000000000000000000000000000
360142178736751.3750000000000000000000000000000000000000
-170505328192852.2812500000000000000000000000000000000000
-125887667865612.4687500000000000000000000000000000000000
-1004519944662538.2500000000000000000000000000000000000000
-485729070589364.3750000000000000000000000000000000000000
557540338677218.9375000000000000000000000000000000000000
502389046983765.8750000000000000000000000000000000000000
-34323866276951.2890625000000000000000000000000000000000
185433253301160.5000000000000000000000000000000000000000
998736035565070.5000000000000000000000000000000000000000
639870260704702.8750000000000000000000000000000000000000
-357302928179198.9375000000000000000000000000000000000000
-91644421782165.7968750000000000000000000000000000000000
-450969902418943.6875000000000000000000000000000000000000
-56164170303926.5156250000000000000000000000000000000000
341552469550954.6250000000000000000000000000000000000000
159850590772706.7187500000000000000000000000000000000000
31016395438761.0507812500000000000000000000000000000000
743206189153411.1250000000000000000000000000000000000000
143972914241410.0312500000000000000000000000000000000000
-566533732730772.3750000000000000000000000000000000000000
-703088797636038.1250000000000000000000000000000000000000
-190315827243467.1250000000000000000000000000000000000000
1251094865224447.0000000000000000000000000000000000000000
869183064778479.7500000000000000000000000000000000000000
489621180031014.6875000000000000000000000000000000000000
468617140413567.0000000000000000000000000000000000000000
-111650816394278.7812500000000000000000000000000000000000
-259179237509214.8125000000000000000000000000000000000000
-1002628035289297.2500000000000000000000000000000000000000
-947299007619419.5000000000000000000000000000000000000000
-826527237231293.8750000000000000000000000000000000000000
315698854238286.2500000000000000000000000000000000000000
-30145167192009.9218750000000000000000000000000000000000
721134610830210.6250000000000000000000000000000000000000
604911271603579.3750000000000000000000000000000000000000
-287385331673480.5000000000000000000000000000000000000000
-9169684161416.7089843750000000000000000000000000000000
-320664245741897.0625000000000000000000000000000000000000
-41444268435839.9453125000000000000000000000000000000000
-178045418751627.5000000000000000000000000000000000000000
1158262542584095.5000000000000000000000000000000000000000
482728113275598.2500000000000000000000000000000000000000
-387661400091074.5000000000000000000000000000000000000000
510818073768277.3125000000000000000000000000000000000000
396229489902055.0625000000000000000000000000000000000000
824321822754688.6250000000000000000000000000000000000000
552421560029413.3750000000000000000000000000000000000000
181287429263497.7500000000000000000000000000000000000000
-586247456130868.7500000000000000000000000000000000000000
-318775417272974.5000000000000000000000000000000000000000
603264896361767.7500000000000000000000000000000000000000
-206969202405027.8750000000000000000000000000000000000000
282207855306390.3125000000000000000000000000000000000000
-275258562804241.0312500000000000000000000000000000000000
1779913589294.6062011718750000000000000000000000000000
-605855013026368.5000000000000000000000000000000000000000
28769942592738.9296875000000000000000000000000000000000
-557782099026362.6875000000000000000000000000000000000000
581903724191809.8750000000000000000000000000000000000000
-426274135817557.2500000000000000000000000000000000000000
295631594763361.7500000000000000000000000000000000000000
-539886320414333.8750000000000000000000000000000000000000
-47693638803158.8437500000000000000000000000000000000000
398242991474478.8125000000000000000000000000000000000000
89879232757379.2031250000000000000000000000000000000000
-467497259191017.5000000000000000000000000000000000000000
-637057534161149.0000000000000000000000000000000000000000
-1061347898657407.8750000000000000000000000000000000000000
466894843487998.1250000000000000000000000000000000000000
-1071221693924709.1250000000000000000000000000000000000000
-590721502776087.6250000000000000000000000000000000000000
-652292853523398.0000000000000000000000000000000000000000
141824226463133.9687500000000000000000000000000000000000
202099023316019.6562500000000000000000000000000000000000
-196704088783848.0625000000000000000000000000000000000000
-943001809195492.1250000000000000000000000000000000000000
60535768660473.3750000000000000000000000000000000000000
1879733227441526.5000000000000000000000000000000000000000
-741714043626902.2500000000000000000000000000000000000000
841084601277001.1250000000000000000000000000000000000000
1497771741683365.7500000000000000000000000000000000000000
-149401572044639.1562500000000000000000000000000000000000
-21218179570464.1992187500000000000000000000000000000000
-1134001106391623.2500000000000000000000000000000000000000
190267450244168.1250000000000000000000000000000000000000
-543909325804958.3125000000000000000000000000000000000000
-525449964066476.8750000000000000000000000000000000000000
-1000974809902995.1250000000000000000000000000000000000000
99248173189226.9375000000000000000000000000000000000000
160050672394924.5625000000000000000000000000000000000000
780652359013208.2500000000000000000000000000000000000000
-559545744618057.5625000000000000000000000000000000000000
-92697327086958.7031250000000000000000000000000000000000
-310349140296115.2500000000000000000000000000000000000000
-37381870240111.7343750000000000000000000000000000000000
-322061555968317.5625000000000000000000000000000000000000
523024201134524.8125000000000000000000000000000000000000
1191968373274079.0000000000000000000000000000000000000000
-97111522499445.3125000000000000000000000000000000000000
243965739214778.3750000000000000000000000000000000000000
445054416322623.1875000000000000000000000000000000000000
519587050874627.6250000000000000000000000000000000000000
-235272190041462.2500000000000000000000000000000000000000
266016748921500.3437500000000000000000000000000000000000
280948933018939.9687500000000000000000000000000000000000
641969214488308.0000000000000000000000000000000000000000
182072330361801.2187500000000000000000000000000000000000
-819484848632066.3750000000000000000000000000000000000000
46796889849656.6406250000000000000000000000000000000000
1078674949789492.8750000000000000000000000000000000000000
-219159280381095.1875000000000000000000000000000000000000
-994692038370640.2500000000000000000000000000000000000000
-326934339345025.4375000000000000000000000000000000000000
576233697134238.7500000000000000000000000000000000000000
-189908197917355.7187500000000000000000000000000000000000
-597269212165384.8750000000000000000000000000000000000000
-724758053305316.0000000000000000000000000000000000000000
-549559683048056.8125000000000000000000000000000000000000
-125959668802739.2500000000000000000000000000000000000000
-71661782753233.0000000000000000000000000000000000000000
-30693780710282.9726562500000000000000000000000000000000
1152043317714482.2500000000000000000000000000000000000000
-107419196612036.5312500000000000000000000000000000000000
671203550997532.3750000000000000000000000000000000000000
18421764249385.3515625000000000000000000000000000000000
1078452010279247.8750000000000000000000000000000000000000
-840980215545240.0000000000000000000000000000000000000000
872132930731965.8750000000000000000000000000000000000000
59566006769858.0000000000000000000000000000000000000000
-637218066470531.3750000000000000000000000000000000000000
538241180734822.5625000000000000000000000000000000000000
-700602763683109.8750000000000000000000000000000000000000
-636559596581977.0000000000000000000000000000000000000000
74924912515748.0937500000000000000000000000000000000000
736763351427433.3750000000000000000000000000000000000000
511048191505880.7500000000000000000000000000000000000000
633227758287821.1250000000000000000000000000000000000000
1019301803634703.1250000000000000000000000000000000000000
-607499681977463.2500000000000000000000000000000000000000
-34873236601939.1992187500000000000000000000000000000000
-532761024010489.1875000000000000000000000000000000000000
-343258736605073.5625000000000000000000000000000000000000
-471241871571070.2500000000000000000000000000000000000000
1187796405898097.7500000000000000000000000000000000000000
467968845849979.3125000000000000000000000000000000000000
-876565861386713.1250000000000000000000000000000000000000
607203231482704.5000000000000000000000000000000000000000
-100977090754508.5781250000000000000000000000000000000000
502334098417487.0625000000000000000000000000000000000000
-292784131443476.6250000000000000000000000000000000000000
-318958543973204.6250000000000000000000000000000000000000
12120216429069.2421875000000000000000000000000000000000
156442523179030.7187500000000000000000000000000000000000
103369037121143.8437500000000000000000000000000000000000
3938392806136.2714843750000000000000000000000000000000
260244742593430.0000000000000000000000000000000000000000
-903533456264972.0000000000000000000000000000000000000000
-661822509511451.3750000000000000000000000000000000000000
-1654713815117732.0000000000000000000000000000000000000000
-1343590234625076.2500000000000000000000000000000000000000
673026473876964.5000000000000000000000000000000000000000
-37865803144947.2187500000000000000000000000000000000000
439322251668176.6875000000000000000000000000000000000000
774135533106525.0000000000000000000000000000000000000000
-741347136944622.2500000000000000000000000000000000000000
187888606791267.0312500000000000000000000000000000000000
-203580196500639.3750000000000000000000000000000000000000
424961921446927.9375000000000000000000000000000000000000
398308205642375.2500000000000000000000000000000000000000
-415641573482900.8125000000000000000000000000000000000000
786702603112742.2500000000000000000000000000000000000000
690122231000020.7500000000000000000000000000000000000000
311440632700574.6875000000000000000000000000000000000000
-117543293776388.7656250000000000000000000000000000000000
-747178654872075.3750000000000000000000000000000000000000
-631080027828307.0000000000000000000000000000000000000000
305654408342884.6875000000000000000000000000000000000000
752727637704038.1250000000000000000000000000000000000000
-446806453303311.0000000000000000000000000000000000000000
-233904986047435.2812500000000000000000000000000000000000
66523419602017.7031250000000000000000000000000000000000
328097695343026.8125000000000000000000000000000000000000
487526221254675.2500000000000000000000000000000000000000
761326387775655.7500000000000000000000000000000000000000
-676609154460482.7500000000000000000000000000000000000000
-305470582071881.3750000000000000000000000000000000000000
-238709241537284.5312500000000000000000000000000000000000
378914400616485.4375000000000000000000000000000000000000
297689953131865.7500000000000000000000000000000000000000
-1095810376902954.7500000000000000000000000000000000000000
317052745120820.7500000000000000000000000000000000000000
125372407899057.2031250000000000000000000000000000000000
-1757643332889666.5000000000000000000000000000000000000000
376392272433768.1250000000000000000000000000000000000000
676904378209359.8750000000000000000000000000000000000000
344368683398731.1250000000000000000000000000000000000000
-306511430480964.7500000000000000000000000000000000000000
486241968919855.1250000000000000000000000000000000000000
-579172987169863.1250000000000000000000000000000000000000
445780909716973.0000000000000000000000000000000000000000
-113061709377879.0468750000000000000000000000000000000000
696216122900514.2500000000000000000000000000000000000000
-847308198109382.0000000000000000000000000000000000000000
-815523836850891.0000000000000000000000000000000000000000
-951160016395337.3750000000000000000000000000000000000000
-315502539069076.2500000000000000000000000000000000000000
-472193914758150.4375000000000000000000000000000000000000
633085492859690.8750000000000000000000000000000000000000
183965620970459.3125000000000000000000000000000000000000
457164576683474.8125000000000000000000000000000000000000
-480949736410164.0000000000000000000000000000000000000000
-944441174636528.8750000000000000000000000000000000000000
51994102894330.6796875000000000000000000000000000000000
473165214011331.9375000000000000000000000000000000000000
-329205704240803.6250000000000000000000000000000000000000
607995388231536.5000000000000000000000000000000000000000
238529309807599.3125000000000000000000000000000000000000
1173659347410290.5000000000000000000000000000000000000000
44380604536385.5859375000000000000000000000000000000000
-549579991344787.6875000000000000000000000000000000000000
798544270702880.3750000000000000000000000000000000000000
-412538859264077.3750000000000000000000000000000000000000
263535469934083.2500000000000000000000000000000000000000
347406177040863.9375000000000000000000000000000000000000
-483681776079838.7500000000000000000000000000000000000000
183496451790466.1875000000000000000000000000000000000000
381347981154654.0625000000000000000000000000000000000000
-620974313780531.7500000000000000000000000000000000000000
95353185047317.3437500000000000000000000000000000000000
-561580369933291.6875000000000000000000000000000000000000
1037794581043205.0000000000000000000000000000000000000000
575583724073165.6250000000000000000000000000000000000000
77111719440485.7812500000000000000000000000000000000000
-248521311171311.2812500000000000000000000000000000000000
-467827596651385.7500000000000000000000000000000000000000
-961881067146556.7500000000000000000000000000000000000000
-376136122013344.8750000000000000000000000000000000000000
127674144738843.6093750000000000000000000000000000000000
-59202272183319.4062500000000000000000000000000000000000
-277083009594453.2500000000000000000000000000000000000000
1137158879464761.2500000000000000000000000000000000000000
193797430781805.0312500000000000000000000000000000000000
790975294625854.5000000000000000000000000000000000000000
493655379542046.0625000000000000000000000000000000000000
1244987700417009.2500000000000000000000000000000000000000
-2351648983825310.5000000000000000000000000000000000000000
667921812114102.5000000000000000000000000000000000000000
-237425141495444.8125000000000000000000000000000000000000
-660616877497221.2500000000000000000000000000000000000000
1153124982681719.2500000000000000000000000000000000000000
449225523011869.4375000000000000000000000000000000000000
281400922948277.4062500000000000000000000000000000000000
-97525277013564.9687500000000000000000000000000000000000
1322443152561438.0000000000000000000000000000000000000000
-124307071623064.3281250000000000000000000000000000000000
868215730039642.2500000000000000000000000000000000000000
563593986810914.6250000000000000000000000000000000000000
1601316963522477.2500000000000000000000000000000000000000
-1332451471724224.0000000000000000000000000000000000000000
385252597741130.0000000000000000000000000000000000000000
-334719807669319.8125000000000000000000000000000000000000
601841212709224.6250000000000000000000000000000000000000
-1347033489568646.7500000000000000000000000000000000000000
-720293267701457.5000000000000000000000000000000000000000
-108839061025795.2656250000000000000000000000000000000000
-435323051246459.7500000000000000000000000000000000000000
-913815678646906.8750000000000000000000000000000000000000
-859222507739238.1250000000000000000000000000000000000000
-570808869528469.6250000000000000000000000000000000000000
802505516637204.1250000000000000000000000000000000000000
-375525481230149.5625000000000000000000000000000000000000
36346524806745.9921875000000000000000000000000000000000
1141415063502077.5000000000000000000000000000000000000000
-539684184117051.5625000000000000000000000000000000000000
-882787215210508.1250000000000000000000000000000000000000
176736720115160.8125000000000000000000000000000000000000
769848373467150.5000000000000000000000000000000000000000
242777242758515.2812500000000000000000000000000000000000
-1163817998767154.7500000000000000000000000000000000000000
-153073354153288.7812500000000000000000000000000000000000
-144220785758539.1562500000000000000000000000000000000000
-15723621939525.5292968750000000000000000000000000000000
385223842241934.1875000000000000000000000000000000000000
-803204322765483.5000000000000000000000000000000000000000
-977887451716172.2500000000000000000000000000000000000000
218490678041293.0625000000000000000000000000000000000000
-276079734714087.2812500000000000000000000000000000000000
-918151976364788.5000000000000000000000000000000000000000
-375085944729445.3750000000000000000000000000000000000000
-557037878702792.0625000000000000000000000000000000000000
-187787547153641.5312500000000000000000000000000000000000
834752605662366.0000000000000000000000000000000000000000
93199609347413.4843750000000000000000000000000000000000
997877331951801.3750000000000000000000000000000000000000
327676888604473.3750000000000000000000000000000000000000
-770343404363371.0000000000000000000000000000000000000000
663844515891941.0000000000000000000000000000000000000000
471118822503609.9375000000000000000000000000000000000000
336760389345646.0625000000000000000000000000000000000000
1367960130260785.0000000000000000000000000000000000000000
372179641486481.0000000000000000000000000000000000000000
437303607548034.6875000000000000000000000000000000000000
470738987333273.3750000000000000000000000000000000000000
-802836194697158.3750000000000000000000000000000000000000
-235205295272741.3125000000000000000000000000000000000000
1988941334277497.2500000000000000000000000000000000000000
283337693292947.9375000000000000000000000000000000000000
-147635552057230.3125000000000000000000000000000000000000
-126071783354435.7343750000000000000000000000000000000000
-407545298783203.7500000000000000000000000000000000000000
-1255148823726911.2500000000000000000000000000000000000000
-966802794832669.1250000000000000000000000000000000000000
-482249590319868.6250000000000000000000000000000000000000
-318010991522532.6875000000000000000000000000000000000000
-842667462867499.7500000000000000000000000000000000000000
-1189789314330681.0000000000000000000000000000000000000000
-162127919531315.0312500000000000000000000000000000000000
219154439492594.6562500000000000000000000000000000000000
-579746923164148.7500000000000000000000000000000000000000
643712087854680.8750000000000000000000000000000000000000
1919655994982257.5000000000000000000000000000000000000000
756110714346547.7500000000000000000000000000000000000000
309103570030225.0625000000000000000000000000000000000000
-1441285345163022.0000000000000000000000000000000000000000
1184217179937100.5000000000000000000000000000000000000000
-525646017227075.3125000000000000000000000000000000000000
-310278416979824.4375000000000000000000000000000000000000
20756237640039.1992187500000000000000000000000000000000
-330092352564739.5625000000000000000000000000000000000000
673037312492436.1250000000000000000000000000000000000000
576358365038103.2500000000000000000000000000000000000000
-362657829184016.0625000000000000000000000000000000000000
-342942547580450.3750000000000000000000000000000000000000
128427746244181.7187500000000000000000000000000000000000
349468989371619.1875000000000000000000000000000000000000
154913717843249.7187500000000000000000000000000000000000
405220450586916.5000000000000000000000000000000000000000
-175697241287395.6562500000000000000000000000000000000000
379164897427365.4375000000000000000000000000000000000000
109742362394258.4062500000000000000000000000000000000000
759083473522798.3750000000000000000000000000000000000000
-624551313966296.0000000000000000000000000000000000000000
-740366353112997.2500000000000000000000000000000000000000
367760454475074.8750000000000000000000000000000000000000
-1685921619465892.7500000000000000000000000000000000000000
-1674442516003727.2500000000000000000000000000000000000000
661749990735393.0000000000000000000000000000000000000000
-759966019704374.1250000000000000000000000000000000000000
1033983243741904.3750000000000000000000000000000000000000
125823786947159.3125000000000000000000000000000000000000
706411647369890.0000000000000000000000000000000000000000
315641404642311.0625000000000000000000000000000000000000
-1042144721456.7137451171875000000000000000000000000000
1027116022500310.2500000000000000000000000000000000000000
-461120653886453.5625000000000000000000000000000000000000
-814457654489396.6250000000000000000000000000000000000000
-245941696545638.8437500000000000000000000000000000000000
-78108375313357.7187500000000000000000000000000000000000
975382322503018.8750000000000000000000000000000000000000
137482042190333.2812500000000000000000000000000000000000
-106889028753305.6406250000000000000000000000000000000000
-5862127898940.8876953125000000000000000000000000000000
-955379336344943.8750000000000000000000000000000000000000
-492366488609474.2500000000000000000000000000000000000000
1085471084181639.6250000000000000000000000000000000000000
986335417436728.2500000000000000000000000000000000000000
-281465797822120.9062500000000000000000000000000000000000
-905912527331875.2500000000000000000000000000000000000000
-1029694364052490.8750000000000000000000000000000000000000
345423656732707.8125000000000000000000000000000000000000
-1014124052840649.6250000000000000000000000000000000000000
-132170005699353.8281250000000000000000000000000000000000
790928854513003.1250000000000000000000000000000000000000
-624685919312424.5000000000000000000000000000000000000000
-198963958158756.1875000000000000000000000000000000000000
395375602838227.2500000000000000000000000000000000000000
433916984848060.9375000000000000000000000000000000000000
229302940561115.9062500000000000000000000000000000000000
-1315920375180663.5000000000000000000000000000000000000000
1309786867289078.0000000000000000000000000000000000000000
1248998085333422.0000000000000000000000000000000000000000
154285612536652.4687500000000000000000000000000000000000
317273811306197.5625000000000000000000000000000000000000
1290951510932162.2500000000000000000000000000000000000000
976268570390753.8750000000000000000000000000000000000000
742937755096998.7500000000000000000000000000000000000000
211296968589737.9375000000000000000000000000000000000000
-1130828180065202.2500000000000000000000000000000000000000
1391581449800076.7500000000000000000000000000000000000000
-1071051078675551.0000000000000000000000000000000000000000
-627654813870109.3750000000000000000000000000000000000000
590486029112493.8750000000000000000000000000000000000000
-71512353732276.2812500000000000000000000000000000000000
-174192007367556.8750000000000000000000000000000000000000
597512954800272.8750000000000000000000000000000000000000
625109570776295.6250000000000000000000000000000000000000
171119896461686.5937500000000000000000000000000000000000
-6003240934799.3710937500000000000000000000000000000000
-335119682708663.2500000000000000000000000000000000000000
-1006382660215304.1250000000000000000000000000000000000000
394298503258755.9375000000000000000000000000000000000000
-613876662367695.2500000000000000000000000000000000000000
-325713435356916.8125000000000000000000000000000000000000
602177896178911.8750000000000000000000000000000000000000
-1352155321327995.0000000000000000000000000000000000000000
367151817117279.3750000000000000000000000000000000000000
-17752532423525.8164062500000000000000000000000000000000
-910756673595626.0000000000000000000000000000000000000000
-335994176223479.2500000000000000000000000000000000000000
739113432259906.7500000000000000000000000000000000000000
-456636943267384.3125000000000000000000000000000000000000
-339168728426812.5000000000000000000000000000000000000000
45491587367660.8281250000000000000000000000000000000000
383144037978252.3125000000000000000000000000000000000000
-992561016830272.8750000000000000000000000000000000000000
487167747503413.2500000000000000000000000000000000000000
614419588077463.3750000000000000000000000000000000000000
-72465131215121.1562500000000000000000000000000000000000
817448113779144.0000000000000000000000000000000000000000
-513490376834729.4375000000000000000000000000000000000000
230568848273690.4062500000000000000000000000000000000000
876995727364486.3750000000000000000000000000000000000000
-682134371607304.0000000000000000000000000000000000000000
-601228312903007.0000000000000000000000000000000000000000
621288094851503.2500000000000000000000000000000000000000
-140903914814853.2812500000000000000000000000000000000000
-801618162828987.0000000000000000000000000000000000000000
-1014337749757065.8750000000000000000000000000000000000000
-19266486661810.1445312500000000000000000000000000000000
-458802907885207.4375000000000000000000000000000000000000
238158902434941.4062500000000000000000000000000000000000
231561710489124.8750000000000000000000000000000000000000
-777389910172603.6250000000000000000000000000000000000000
-362162154690759.1250000000000000000000000000000000000000
-12232665934834.6503906250000000000000000000000000000000
479351176098768.8750000000000000000000000000000000000000
238355027504167.9062500000000000000000000000000000000000
-58632481828178.6875000000000000000000000000000000000000
-1222741952541699.2500000000000000000000000000000000000000
387964823692415.6875000000000000000000000000000000000000
560080564727940.1875000000000000000000000000000000000000
-490708221229960.1250000000000000000000000000000000000000
-117972195825365.3125000000000000000000000000000000000000
-276350711635346.7500000000000000000000000000000000000000
-745530287521159.2500000000000000000000000000000000000000
1257224686774984.0000000000000000000000000000000000000000
-40186917559066.6640625000000000000000000000000000000000
41036009514029.7343750000000000000000000000000000000000
736373448606869.5000000000000000000000000000000000000000
-81296211819867.2500000000000000000000000000000000000000
1580893171100051.2500000000000000000000000000000000000000
-157599136537978.6250000000000000000000000000000000000000
74890500261477.2968750000000000000000000000000000000000
-315961791820707.3750000000000000000000000000000000000000
-1442878805577334.0000000000000000000000000000000000000000
-1152474612010043.0000000000000000000000000000000000000000
659320518817559.3750000000000000000000000000000000000000
-432827727846152.9375000000000000000000000000000000000000
-870674352133218.7500000000000000000000000000000000000000
662620938758659.7500000000000000000000000000000000000000
700674015619971.8750000000000000000000000000000000000000
-354353592206076.8125000000000000000000000000000000000000
737315059899956.2500000000000000000000000000000000000000
-623959952522673.6250000000000000000000000000000000000000
-706759222699007.5000000000000000000000000000000000000000
580476985873000.5000000000000000000000000000000000000000
76458871101303.8906250000000000000000000000000000000000
1318696799177391.0000000000000000000000000000000000000000
-243633981785972.7812500000000000000000000000000000000000
-1101728403879881.2500000000000000000000000000000000000000
1451001426120538.7500000000000000000000000000000000000000
107494753988942.5468750000000000000000000000000000000000
1169686137415312.2500000000000000000000000000000000000000
-205477225307421.9062500000000000000000000000000000000000
-412908943564787.9375000000000000000000000000000000000000
-736082139431925.5000000000000000000000000000000000000000
-282387932926144.4375000000000000000000000000000000000000
-1187314993431558.7500000000000000000000000000000000000000
918491516950029.3750000000000000000000000000000000000000
1074946346115908.2500000000000000000000000000000000000000
817141436242124.3750000000000000000000000000000000000000
-617029942638336.1250000000000000000000000000000000000000
1379692280402807.5000000000000000000000000000000000000000
115157989396722.2968750000000000000000000000000000000000
64628462090900.1406250000000000000000000000000000000000
9831730180025.7265625000000000000000000000000000000000
-900067688754502.7500000000000000000000000000000000000000
140326995447931.0000000000000000000000000000000000000000
-486906789285183.2500000000000000000000000000000000000000
-857557538594361.2500000000000000000000000000000000000000
-999433552912402.5000000000000000000000000000000000000000
1558636577959551.2500000000000000000000000000000000000000
307667364844154.0000000000000000000000000000000000000000
614351440935310.7500000000000000000000000000000000000000
-17554041487506.7207031250000000000000000000000000000000
121564135283790.2343750000000000000000000000000000000000
-1014495127747747.1250000000000000000000000000000000000000
982474656966419.2500000000000000000000000000000000000000
1839374226810804.5000000000000000000000000000000000000000
43951977809768.1171875000000000000000000000000000000000
-697080151478681.2500000000000000000000000000000000000000
125155349178991.1875000000000000000000000000000000000000
1073754911682562.1250000000000000000000000000000000000000
822461387904954.0000000000000000000000000000000000000000
-1443849460687650.5000000000000000000000000000000000000000
-21714021027002.8125000000000000000000000000000000000000
-563472658101200.0000000000000000000000000000000000000000
-514603749765343.4375000000000000000000000000000000000000
794542995526279.6250000000000000000000000000000000000000
-1258224004070232.5000000000000000000000000000000000000000
-185603082895596.9062500000000000000000000000000000000000
327689466144168.8750000000000000000000000000000000000000
-994619895836077.0000000000000000000000000000000000000000
-857151121042530.2500000000000000000000000000000000000000
812394350021290.2500000000000000000000000000000000000000
-254272750214128.8437500000000000000000000000000000000000
503893109150548.6250000000000000000000000000000000000000
805328774971861.8750000000000000000000000000000000000000
1126746902657495.2500000000000000000000000000000000000000
752437803485064.5000000000000000000000000000000000000000
-640593785905811.2500000000000000000000000000000000000000
-1085033760688229.8750000000000000000000000000000000000000
259027498828278.6250000000000000000000000000000000000000
-449834386583006.5000000000000000000000000000000000000000
9924171329269.8945312500000000000000000000000000000000
-720671063580477.7500000000000000000000000000000000000000
-111768444471940.2187500000000000000000000000000000000000
-503388219634876.1875000000000000000000000000000000000000
-607624227986451.3750000000000000000000000000000000000000
-644226160021136.7500000000000000000000000000000000000000
867462729945233.3750000000000000000000000000000000000000
1201686851492632.2500000000000000000000000000000000000000
-86477249417146.5781250000000000000000000000000000000000
-1108458132913980.7500000000000000000000000000000000000000
-140772983792684.1250000000000000000000000000000000000000
-1346094641004980.7500000000000000000000000000000000000000
-680481750271325.3750000000000000000000000000000000000000
-896630956976920.0000000000000000000000000000000000000000
-307406580047927.7500000000000000000000000000000000000000
2716899772213980.0000000000000000000000000000000000000000
255562086397915.5312500000000000000000000000000000000000
839712365385270.7500000000000000000000000000000000000000
-445326883131485.5625000000000000000000000000000000000000
-659102085379001.6250000000000000000000000000000000000000
870531439984620.6250000000000000000000000000000000000000
366797092684300.1875000000000000000000000000000000000000
-855823639208521.2500000000000000000000000000000000000000
132267275534627.4843750000000000000000000000000000000000
-75038021387559.6718750000000000000000000000000000000000
1710688607296486.0000000000000000000000000000000000000000
521485464171987.0000000000000000000000000000000000000000
466413793230354.3750000000000000000000000000000000000000
-1625359015868878.2500000000000000000000000000000000000000
-829036240659911.1250000000000000000000000000000000000000
-286146712513373.5625000000000000000000000000000000000000
33346790595265.9257812500000000000000000000000000000000
78682249445119.7343750000000000000000000000000000000000
-933477798682549.3750000000000000000000000000000000000000
-1751408556637646.0000000000000000000000000000000000000000
-277697141343396.2812500000000000000000000000000000000000
276052859662444.0937500000000000000000000000000000000000
49266192616811.5078125000000000000000000000000000000000
-1047274965134924.0000000000000000000000000000000000000000
254277539116235.0937500000000000000000000000000000000000
33456484016393.6757812500000000000000000000000000000000
803668695591870.2500000000000000000000000000000000000000
-793332944672469.6250000000000000000000000000000000000000
852083281435839.1250000000000000000000000000000000000000
1097199852196769.8750000000000000000000000000000000000000
288122309068704.2500000000000000000000000000000000000000
1430722537816305.5000000000000000000000000000000000000000
-458327438359019.3750000000000000000000000000000000000000
1438732087126067.0000000000000000000000000000000000000000
-136967269465618.3125000000000000000000000000000000000000
194672302261352.8437500000000000000000000000000000000000
575473408893985.7500000000000000000000000000000000000000
933526651499232.0000000000000000000000000000000000000000
-232218603329535.7500000000000000000000000000000000000000
-1148512956232188.0000000000000000000000000000000000000000
-1602891746649436.0000000000000000000000000000000000000000
306175120724307.5625000000000000000000000000000000000000
-136947431839015.6875000000000000000000000000000000000000
77018864692695.2812500000000000000000000000000000000000
668175391954279.3750000000000000000000000000000000000000
1145698742615059.5000000000000000000000000000000000000000
-113222983893312.1250000000000000000000000000000000000000
606602685478711.8750000000000000000000000000000000000000
-1116237989627343.1250000000000000000000000000000000000000
-22039285594917.1367187500000000000000000000000000000000
-200681429667022.0625000000000000000000000000000000000000
-588266963812781.2500000000000000000000000000000000000000
1087897957956640.3750000000000000000000000000000000000000
908669727922787.1250000000000000000000000000000000000000
1051436702118759.5000000000000000000000000000000000000000
1223913527871828.7500000000000000000000000000000000000000
-801737307152243.7500000000000000000000000000000000000000
-1079653864134570.8750000000000000000000000000000000000000
-1145865014717327.7500000000000000000000000000000000000000
-248574712959024.7500000000000000000000000000000000000000
1137342545304250.5000000000000000000000000000000000000000
-782632667229328.5000000000000000000000000000000000000000
528399750177312.8125000000000000000000000000000000000000
-1076265570389344.6250000000000000000000000000000000000000
1742700210335630.7500000000000000000000000000000000000000
-1139670883715402.2500000000000000000000000000000000000000
411174314595887.0000000000000000000000000000000000000000
-625806339902702.3750000000000000000000000000000000000000
-118249107389502.2031250000000000000000000000000000000000
-1449464072209597.5000000000000000000000000000000000000000
149607478853892.0937500000000000000000000000000000000000
-834464019602188.8750000000000000000000000000000000000000
691876628333857.3750000000000000000000000000000000000000
-793008546186536.7500000000000000000000000000000000000000
1086139179090183.8750000000000000000000000000000000000000
1102119019455785.6250000000000000000000000000000000000000
-774270864542925.5000000000000000000000000000000000000000
40767946486526.0390625000000000000000000000000000000000
-809048303630567.0000000000000000000000000000000000000000
-219509401937231.6875000000000000000000000000000000000000
-774453751438605.3750000000000000000000000000000000000000
-1036858674909688.0000000000000000000000000000000000000000
-472832715821275.3125000000000000000000000000000000000000
-565720332344934.8750000000000000000000000000000000000000
944026520080017.5000000000000000000000000000000000000000
-121360624497191.1562500000000000000000000000000000000000
1040942544719553.0000000000000000000000000000000000000000
924100090197566.0000000000000000000000000000000000000000
961470535648385.5000000000000000000000000000000000000000
-1678450572363073.5000000000000000000000000000000000000000
-935218178604526.6250000000000000000000000000000000000000
611380978401135.3750000000000000000000000000000000000000
997649531705052.2500000000000000000000000000000000000000
1254931791854014.7500000000000000000000000000000000000000
1418640012638998.0000000000000000000000000000000000000000
186401506799829.8125000000000000000000000000000000000000
245708487022059.9687500000000000000000000000000000000000
-685570031862445.2500000000000000000000000000000000000000
1375116152510334.0000000000000000000000000000000000000000
-1367261204369317.7500000000000000000000000000000000000000
-1153923758582951.0000000000000000000000000000000000000000
-561826844092604.7500000000000000000000000000000000000000
-183114823291256.0000000000000000000000000000000000000000
9520727967311.1738281250000000000000000000000000000000
357284881382484.3125000000000000000000000000000000000000
